! Solving for graph /home/truongxuanhieu/Gurobi-for-MinSpanLabeling/benchmarks/abp/H-impcol_b.mtx.rnd
! Target value is set to 6
! Lower bound is set to 7
! Upper bound is set to 44
! Time limit is set to 1800
! Vertices mode is set to Has hole
! Target value mode is set to Antibandwidth
Set parameter WLSAccessID
Set parameter WLSSecret
Set parameter LicenseID to value 2663665
Academic license 2663665 - for non-commercial use only - registered to tu___@vnu.edu.vn
Set parameter OutputFlag to value 1
Set parameter TimeLimit to value 1800
Gurobi Optimizer version 13.0.2 build v13.0.2rc1 (linux64 - "Debian GNU/Linux 12 (bookworm)")

CPU model: Intel(R) Xeon(R) CPU @ 2.20GHz, instruction set [SSE2|AVX|AVX2]
Thread count: 4 physical cores, 8 logical processors, using up to 8 threads

Non-default parameters:
TimeLimit  1800

Academic license 2663665 - for non-commercial use only - registered to tu___@vnu.edu.vn
Optimize a model with 683 rows, 3277 columns and 6494 nonzeros (Min)
Model fingerprint: 0xe90b0b6f
Model has 1 linear objective coefficients
Model has 399 simple general constraints
  281 ABS, 118 INDICATOR
Variable types: 0 continuous, 3277 integer (2655 binary)
Coefficient statistics:
  Matrix range     [1e+00, 4e+01]
  Objective range  [1e+00, 1e+00]
  Bounds range     [1e+00, 4e+01]
  RHS range        [1e+00, 2e+01]
  GenCon rhs range [1e+00, 1e+00]
  GenCon coe range [1e+00, 1e+00]

Presolve added 738 rows and 540 columns
Presolve time: 0.05s
Presolved: 1421 rows, 3817 columns, 8888 nonzeros
Variable types: 0 continuous, 3817 integer (2914 binary)

Root relaxation: objective 7.000000e+00, 795 iterations, 0.01 seconds (0.01 work units)

    Nodes    |    Current Node    |     Objective Bounds      |     Work
 Expl Unexpl |  Obj  Depth IntInf | Incumbent    BestBd   Gap | It/Node Time

     0     0    7.00000    0  135          -    7.00000      -     -    0s
H    0     0                      44.0000000    7.00000  84.1%     -    0s
     0     0    7.00000    0  862   44.00000    7.00000  84.1%     -    0s
     0     0    7.00000    0  730   44.00000    7.00000  84.1%     -    0s
     0     0    7.00000    0  678   44.00000    7.00000  84.1%     -    0s
     0     0    7.00000    0  912   44.00000    7.00000  84.1%     -    0s
     0     0    7.00000    0  912   44.00000    7.00000  84.1%     -    0s
     0     0    7.00000    0  260   44.00000    7.00000  84.1%     -    0s
     0     0    7.00000    0  250   44.00000    7.00000  84.1%     -    0s
     0     0    7.00000    0  208   44.00000    7.00000  84.1%     -    0s
     0     2    7.00000    0  197   44.00000    7.00000  84.1%     -    0s
H  108    96                      43.0000000    7.00000  83.7%  42.9    1s
  1321   957    7.00000   22  383   43.00000    7.00000  83.7%  35.4    5s
  3198  2076   14.00000   92  155   43.00000    7.00000  83.7%  34.7   10s
  5010  3186   20.00000  208  155   43.00000    7.00000  83.7%  31.6   15s
 14081 10824 infeasible  320        43.00000    7.00000  83.7%  19.3   20s
 21327 17389   13.00000  258  145   43.00000    7.00000  83.7%  16.3   25s
 29967 24316 infeasible   35        43.00000    8.00000  81.4%  14.0   31s
 45539 41196   40.00000  266   90   43.00000   12.00000  72.1%  11.8   35s
 68556 57768 infeasible  287        43.00000   13.00000  69.8%  10.2   40s
 87080 73295   33.00000   94   88   43.00000   13.00000  69.8%   9.6   45s
 104500 87804 infeasible  280        43.00000   13.00000  69.8%   9.5   50s
 119769 102263   33.00000  143   84   43.00000   13.00000  69.8%   9.4   55s
 133806 116427   36.00000  141   78   43.00000   13.00000  69.8%   9.6   60s
 148285 126762   28.00000  167   95   43.00000   13.00000  69.8%   9.7   67s
 161043 130871   19.00000  346  171   43.00000   13.00000  69.8%  10.1   70s
 174443 138427 infeasible  257        43.00000   13.00000  69.8%  10.4   75s
 187451 146498   20.00000   46  129   43.00000   13.00000  69.8%  10.7   80s
 203259 157360   25.00000   38   97   43.00000   13.00000  69.8%  10.7   85s
 210237 166624   31.00000   53  105   43.00000   13.00000  69.8%  10.8   90s
 224627 170584   31.00000   30  116   43.00000   13.00000  69.8%  11.0   95s
 235726 176481   19.00000   30  183   43.00000   13.00000  69.8%  11.3  100s
 247897 181382   25.00000   40  105   43.00000   13.00000  69.8%  11.5  105s
 254995 187967   25.00000   91  120   43.00000   13.00000  69.8%  11.7  110s
 270732 192751   38.00000  126   74   43.00000   13.00000  69.8%  11.8  115s
 282119 196576 infeasible  143        43.00000   13.00000  69.8%  12.1  120s
 286249 201337   25.00000   47   96   43.00000   13.00000  69.8%  12.2  125s
 300719 205767   31.00000   36  116   43.00000   13.00000  69.8%  12.5  132s
 310738 206947   19.00000  119  121   43.00000   13.00000  69.8%  12.8  135s
 316256 210151   25.00000   39  102   43.00000   13.00000  69.8%  12.9  140s
 331677 213324   19.00000   44  129   43.00000   13.00000  69.8%  13.2  145s
 341142 217458   25.00000   50  128   43.00000   13.00000  69.8%  13.4  150s
 346792 220910   31.00000   39  107   43.00000   13.00000  69.8%  13.5  155s
 360812 223111   31.00000   35  127   43.00000   13.00000  69.8%  13.7  160s
 370709 225831 infeasible   40        43.00000   13.00000  69.8%  13.8  165s
 377530 231403   32.00000   48  100   43.00000   13.00000  69.8%  13.8  171s
 388676 232979   19.00000   37  133   43.00000   13.00000  69.8%  14.0  175s
 400075 236750   25.00000   48  150   43.00000   13.00000  69.8%  14.0  180s
 410547 240060 infeasible   49        43.00000   13.00000  69.8%  14.1  185s
 420593 243822 infeasible   41        43.00000   13.00000  69.8%  14.2  190s
 430000 247008   31.00000   38   91   43.00000   13.00000  69.8%  14.3  195s
 437927 250211 infeasible   49        43.00000   13.00000  69.8%  14.4  200s
 447009 252773 infeasible   72        43.00000   13.00000  69.8%  14.4  205s
 459715 256169   25.00000   46  114   43.00000   13.00000  69.8%  14.5  210s
 464303 257706   25.00000   56   96   43.00000   13.00000  69.8%  14.6  215s
 467064 260260 infeasible   43        43.00000   13.00000  69.8%  14.7  224s
 473936 260621   25.00000   34  210   43.00000   13.00000  69.8%  14.8  225s
 482631 266453   32.00000   45  126   43.00000   13.00000  69.8%  14.9  230s
 496411 268935   19.00000   34  135   43.00000   13.00000  69.8%  14.9  235s
 507025 271899   25.00000   36  148   43.00000   13.00000  69.8%  15.0  240s
 519927 275275 infeasible   64        43.00000   13.00000  69.8%  15.1  245s
 525043 277092   25.00000   41  151   43.00000   13.00000  69.8%  15.1  250s
 535034 281475   25.00000   38  101   43.00000   13.00000  69.8%  15.2  255s
 547629 285294 infeasible   43        43.00000   13.00000  69.8%  15.2  260s
 556586 288694   25.00000   64  123   43.00000   13.00000  69.8%  15.2  265s
 567083 291959   25.00000   77  126   43.00000   13.00000  69.8%  15.3  270s
 576914 294961   14.00000   49  191   43.00000   13.00000  69.8%  15.4  275s
 586543 301256   13.00000   46  162   43.00000   13.00000  69.8%  15.4  281s
 599679 302909   19.00000   65  149   43.00000   13.00000  69.8%  15.4  285s
 609788 306100   25.00000   43  115   43.00000   13.00000  69.8%  15.5  290s
 616969 309572   25.00000   42  109   43.00000   13.00000  69.8%  15.5  297s
 628903 310811   31.00000   48  108   43.00000   13.00000  69.8%  15.6  300s
 640302 314517 infeasible   48        43.00000   13.00000  69.8%  15.7  305s
 647789 320233   38.00000  125  128   43.00000   13.00000  69.8%  15.7  311s
 658078 320729   19.00000   40  126   43.00000   14.00000  67.4%  15.7  315s
 667601 324262   31.00000   40  117   43.00000   14.00000  67.4%  15.7  320s
 674092 326524 infeasible   51        43.00000   14.00000  67.4%  15.7  325s
 682265 329415 infeasible   41        43.00000   14.00000  67.4%  15.7  330s
 689970 331098 infeasible   36        43.00000   14.00000  67.4%  15.8  335s
 701485 334221 infeasible   43        43.00000   14.00000  67.4%  15.8  340s
 706738 335592   19.00000   51  132   43.00000   14.00000  67.4%  15.8  345s
 716905 338097   25.00000   36  142   43.00000   14.00000  67.4%  15.9  350s
 730742 341520   30.00000   74  114   43.00000   14.00000  67.4%  15.9  355s
 733731 342689   32.00000   46  108   43.00000   14.00000  67.4%  15.9  360s
 745877 345452   19.00000   38  144   43.00000   14.00000  67.4%  16.0  365s
 752870 348798   25.00000   60  134   43.00000   14.00000  67.4%  16.0  371s
 763905 349732 infeasible   59        43.00000   14.00000  67.4%  16.0  375s
 775653 352491   31.00000  160  270   43.00000   14.00000  67.4%  16.1  380s
 782178 356433   31.00000   51   93   43.00000   14.00000  67.4%  16.1  385s
 793365 357630 infeasible  171        43.00000   14.00000  67.4%  16.1  390s
 797418 361064   37.00000   73  108   43.00000   14.00000  67.4%  16.1  395s
 807145 361564 infeasible  100        43.00000   14.00000  67.4%  16.2  400s
 812687 365073   25.00000   42  103   43.00000   14.00000  67.4%  16.2  405s
 824239 366279   25.00000   38  127   43.00000   14.00000  67.4%  16.2  410s
 835566 368779 infeasible   48        43.00000   14.00000  67.4%  16.2  415s
 842268 372879   31.00000   44  141   43.00000   14.00000  67.4%  16.3  423s
 849541 372878   25.00000   36  107   43.00000   14.00000  67.4%  16.3  425s
 857542 377522   25.00000   48  199   43.00000   14.00000  67.4%  16.3  432s
 867857 379103   19.00000   49  133   43.00000   14.00000  67.4%  16.3  435s
 880587 381918 infeasible   40        43.00000   14.00000  67.4%  16.4  440s
 887471 385588   31.00000   57   75   43.00000   14.00000  67.4%  16.4  447s
 897706 386453 infeasible   31        43.00000   14.00000  67.4%  16.4  450s
 902056 389706   31.00000   50  144   43.00000   14.00000  67.4%  16.4  455s
 916222 391735   25.00000   46  108   43.00000   14.00000  67.4%  16.4  460s
 925821 393729 infeasible   45        43.00000   15.00000  65.1%  16.5  465s
 932612 397045   19.00000   33  126   43.00000   15.00000  65.1%  16.5  471s
 943459 398056   31.00000   51  114   43.00000   16.00000  62.8%  16.5  475s
 945323 398161   25.00000   60   97   43.00000   16.00000  62.8%  16.6  480s
 945640 398210 infeasible   44        43.00000   16.00000  62.8%  16.6  485s
 945948 398227   31.00000   49  111   43.00000   16.00000  62.8%  16.6  490s
 946270 398266 infeasible   54        43.00000   16.00000  62.8%  16.6  495s
 946693 398325 infeasible   59        43.00000   16.00000  62.8%  16.7  500s
 947039 398698 infeasible   40        43.00000   16.00000  62.8%  16.7  516s
 949398 400026   33.00000   65  110   43.00000   16.00000  62.8%  16.8  520s
 971913 402421   19.00000   58  201   43.00000   17.00000  60.5%  16.8  525s
 978570 405575   26.00000   64  132   43.00000   17.00000  60.5%  16.8  530s
 991733 407231   31.00000   38   98   43.00000   17.00000  60.5%  16.9  535s
 1002789 409866   31.00000   30  164   43.00000   18.00000  58.1%  16.9  540s
 1012172 412148   31.00000   44  123   43.00000   18.00000  58.1%  16.9  545s
 1022453 415805   31.00000   36  112   43.00000   18.00000  58.1%  17.0  552s
 1031625 416129   25.00000   41  107   43.00000   18.00000  58.1%  17.0  555s
 1045696 418975   32.00000   43  213   43.00000   18.00000  58.1%  17.0  560s
 1051206 420545   25.00000   38  110   43.00000   18.00000  58.1%  17.0  565s
 1061576 422432 infeasible   49        43.00000   18.00000  58.1%  17.1  570s
 1067277 425228   25.00000   32  136   43.00000   18.00000  58.1%  17.1  575s
 1079349 426383 infeasible   58        43.00000   18.00000  58.1%  17.1  580s
 1090539 429121   25.00000   37  139   43.00000   18.00000  58.1%  17.1  585s
 1097674 432306   31.00000   50  101   43.00000   18.00000  58.1%  17.1  592s
 1108382 432786 infeasible   51        43.00000   18.00000  58.1%  17.2  595s
 1120518 434720   33.00000  225  234   43.00000   19.00000  55.8%  17.2  600s
 1127225 435598 infeasible   52        43.00000   19.00000  55.8%  17.2  605s
 1135617 436604 infeasible   46        43.00000   19.00000  55.8%  17.2  610s
 1142537 439706   31.00000   43  110   43.00000   19.00000  55.8%  17.2  615s
 1157028 441038 infeasible  293        43.00000   19.00000  55.8%  17.2  620s
 1157086 442503   26.00000   86   89   43.00000   19.00000  55.8%  17.3  625s
 1173073 443946 infeasible  261        43.00000   19.00000  55.8%  17.3  630s
 1182008 445177 infeasible   42        43.00000   19.00000  55.8%  17.3  635s
 1188867 447978   31.00000   40  101   43.00000   19.00000  55.8%  17.3  640s
 1202354 449131 infeasible  241        43.00000   19.00000  55.8%  17.3  645s
 1213242 451421 infeasible   48        43.00000   19.00000  55.8%  17.3  650s
 1226171 454240   25.00000   42  110   43.00000   19.00000  55.8%  17.2  655s
 1233534 456823   25.00000   43  106   43.00000   19.00000  55.8%  17.2  664s
 1243591 457098 infeasible   52        43.00000   19.00000  55.8%  17.2  665s
 1256968 459074   31.00000   51   96   43.00000   19.00000  55.8%  17.2  670s
 1263850 460704 infeasible  225        43.00000   19.00000  55.8%  17.2  675s
 1273965 462869 infeasible   66        43.00000   19.00000  55.8%  17.2  680s
 1286341 464888 infeasible   74        43.00000   19.00000  55.8%  17.2  685s
 1293604 466463   25.00000  203  110   43.00000   19.00000  55.8%  17.3  690s
 1302938 467864   25.00000   61  106   43.00000   19.00000  55.8%  17.3  695s
 1309134 470941   31.00000   40   89   43.00000   19.00000  55.8%  17.3  700s
 1324439 472325 infeasible   50        43.00000   19.00000  55.8%  17.2  705s
 1334295 473936   31.00000   40  111   43.00000   19.00000  55.8%  17.2  710s
 1347191 476387   25.00000   59  100   43.00000   19.00000  55.8%  17.2  715s
 1350379 476905 infeasible   40        43.00000   19.00000  55.8%  17.2  720s
 1361615 478617   25.00000   40  121   43.00000   19.00000  55.8%  17.2  725s
 1366820 479611   25.00000   38  106   43.00000   19.00000  55.8%  17.2  730s
 1377608 481544   31.00000   59   73   43.00000   19.00000  55.8%  17.2  735s
 1383617 483641   40.00000  278   96   43.00000   19.00000  55.8%  17.2  740s
 1398721 484894 infeasible   50        43.00000   19.00000  55.8%  17.2  745s
 1407348 486225   31.00000   52  107   43.00000   19.00000  55.8%  17.2  750s
 1421549 488496 infeasible  538        43.00000   19.00000  55.8%  17.2  755s
 1428144 489980 infeasible   68        43.00000   19.00000  55.8%  17.2  760s
 1436544 491735   31.00000   50   88   43.00000   19.00000  55.8%  17.2  765s
 1443432 493766   24.00000   57  115   43.00000   19.00000  55.8%  17.2  770s
 1456904 494573   33.00000  164  184   43.00000   19.00000  55.8%  17.2  775s
 1466530 496394   31.00000   80  116   43.00000   19.00000  55.8%  17.3  780s
 1472941 498771   26.00000  116  120   43.00000   19.00000  55.8%  17.3  785s
 1485276 499820   19.00000   41  145   43.00000   19.00000  55.8%  17.3  790s
 1495943 501518   37.00000   68  155   43.00000   19.00000  55.8%  17.3  795s
 1502763 503592   31.00000   38  120   43.00000   19.00000  55.8%  17.3  800s
 1515095 504610   31.00000   43  113   43.00000   19.00000  55.8%  17.3  805s
 1525517 506280 infeasible   59        43.00000   19.00000  55.8%  17.3  810s
 1532581 509030   33.00000   79  117   43.00000   19.00000  55.8%  17.3  816s
 1544861 509901   31.00000   55   97   43.00000   19.00000  55.8%  17.3  820s
 1555400 511586   26.00000   47  117   43.00000   19.00000  55.8%  17.3  825s
 1562350 513705   32.00000   56  102   43.00000   19.00000  55.8%  17.3  831s
 1574606 514581   19.00000   38  126   43.00000   19.00000  55.8%  17.3  835s
 1585411 516082   36.00000   60  104   43.00000   19.00000  55.8%  17.3  840s
 1593187 518999   25.00000   37  126   43.00000   19.00000  55.8%  17.3  846s
 1605582 519634 infeasible   39        43.00000   19.00000  55.8%  17.3  850s
 1616038 521631   25.00000   50  124   43.00000   19.00000  55.8%  17.3  855s
 1622831 523626   31.00000   70   91   43.00000   19.00000  55.8%  17.3  860s
 1635275 524623   31.00000   48  119   43.00000   19.00000  55.8%  17.3  865s
 1645937 525982 infeasible   40        43.00000   19.00000  55.8%  17.3  870s
 1652622 528421   25.00000   44  111   43.00000   19.00000  55.8%  17.3  875s
 1665865 529155 infeasible   42        43.00000   19.00000  55.8%  17.3  880s
 1676011 531307   34.00000   47  111   43.00000   19.00000  55.8%  17.3  885s
 1681637 533455   33.00000   36   88   43.00000   19.00000  55.8%  17.3  890s
 1695481 534331   32.00000   38   89   43.00000   19.00000  55.8%  17.3  895s
 1706124 535612 infeasible   63        43.00000   19.00000  55.8%  17.3  900s
 1719146 538303   31.00000   38  114   43.00000   19.00000  55.8%  17.2  905s
 1721259 538638   25.00000   40  116   43.00000   19.00000  55.8%  17.2  910s
 1734594 540686   25.00000   51  113   43.00000   19.00000  55.8%  17.2  915s
 1738582 541453   19.00000   44  117   43.00000   19.00000  55.8%  17.2  920s
 1749812 543359 infeasible  188        43.00000   19.00000  55.8%  17.2  925s
 1755021 544739   31.00000   45  107   43.00000   19.00000  55.8%  17.2  930s
 1763357 545897   31.00000   39  103   43.00000   19.00000  55.8%  17.2  935s
 1769728 546848   32.00000  295   96   43.00000   19.00000  55.8%  17.2  940s
 1779420 548442   25.00000   49  124   43.00000   19.00000  55.8%  17.2  945s
 1785716 550397   22.00000  348  195   43.00000   19.00000  55.8%  17.2  950s
 1798805 551524   35.00000   56  102   43.00000   19.00000  55.8%  17.2  955s
 1810289 552976 infeasible  229        43.00000   19.00000  55.8%  17.2  960s
 1823075 555345 infeasible   38        43.00000   19.00000  55.8%  17.2  965s
 1829682 557639   31.00000   40  107   43.00000   19.00000  55.8%  17.2  971s
 1840286 558123 infeasible  192        43.00000   19.00000  55.8%  17.2  975s
 1853135 560085 infeasible   39        43.00000   19.00000  55.8%  17.2  980s
 1860105 562028   30.00000  153  104   43.00000   19.00000  55.8%  17.2  986s
 1871359 562893 infeasible  177        43.00000   19.00000  55.8%  17.2  990s
 1883599 564575   31.00000   50  111   43.00000   19.00000  55.8%  17.2  995s
 1890580 566779   25.00000   45  126   43.00000   19.00000  55.8%  17.2 1001s
 1901387 567187 infeasible   54        43.00000   19.00000  55.8%  17.2 1005s
 1913420 568797 infeasible   46        43.00000   19.00000  55.8%  17.2 1010s
 1920495 570556   19.00000   72  111   43.00000   19.00000  55.8%  17.2 1015s
 1932339 571533 infeasible   43        43.00000   19.00000  55.8%  17.2 1020s
 1943017 572956   33.00000  183  108   43.00000   19.00000  55.8%  17.2 1025s
 1949550 574883   31.00000   46  106   43.00000   19.00000  55.8%  17.2 1030s
 1962146 575591   25.00000   53   98   43.00000   19.00000  55.8%  17.2 1035s
 1972621 576690 infeasible   44        43.00000   19.00000  55.8%  17.2 1040s
 1973783 576820   25.00000   45  105   43.00000   19.00000  55.8%  17.2 1045s
 1974116 576823   19.00000   35  137   43.00000   19.00000  55.8%  17.2 1050s
 1976420 577068   31.00000   40  104   43.00000   19.00000  55.8%  17.2 1055s
 1978884 577372   31.00000   41   99   43.00000   19.00000  55.8%  17.2 1060s
 1978951 578077   31.00000   42   98   43.00000   19.00000  55.8%  17.2 1065s
 1987555 578663   25.00000   54  243   43.00000   19.00000  55.8%  17.3 1070s
 1994259 580235   25.00000   47  133   43.00000   19.00000  55.8%  17.3 1075s
 2009409 581247 infeasible   80        43.00000   19.00000  55.8%  17.3 1080s
 2017782 582452   25.00000   42  150   43.00000   19.00000  55.8%  17.3 1085s
 2024423 584145   25.00000   38  136   43.00000   19.00000  55.8%  17.3 1090s
 2039081 584941 infeasible   82        43.00000   19.00000  55.8%  17.3 1095s
 2047464 586097   34.00000  220  102   43.00000   19.00000  55.8%  17.3 1100s
 2054450 587512   31.00000   51  112   43.00000   19.00000  55.8%  17.3 1105s
 2068136 588239 infeasible  186        43.00000   19.00000  55.8%  17.3 1110s
 2078086 589424 infeasible   42        43.00000   19.00000  55.8%  17.3 1115s
 2083954 591108   31.00000   47   95   43.00000   19.00000  55.8%  17.3 1120s
 2097838 591901 infeasible   49        43.00000   19.00000  55.8%  17.3 1125s
 2107364 592952 infeasible   51        43.00000   19.00000  55.8%  17.3 1130s
 2114061 594686   25.00000   55  105   43.00000   19.00000  55.8%  17.3 1135s
 2126183 595191   19.00000   45  128   43.00000   19.00000  55.8%  17.3 1140s
 2136952 596458 infeasible   54        43.00000   19.00000  55.8%  17.3 1145s
 2143981 598328   32.00000   47   94   43.00000   19.00000  55.8%  17.3 1150s
 2155973 598963   27.00000  149  111   43.00000   19.00000  55.8%  17.3 1155s
 2166580 600078 infeasible   55        43.00000   19.00000  55.8%  17.3 1160s
 2173922 602038   40.00000  272   96   43.00000   19.00000  55.8%  17.3 1166s
 2186152 602528 infeasible   40        43.00000   19.00000  55.8%  17.3 1170s
 2196732 603780   31.00000   46  100   43.00000   19.00000  55.8%  17.3 1175s
 2204014 604772 infeasible   50        43.00000   19.00000  55.8%  17.3 1180s
 2213553 605931 infeasible   44        43.00000   19.00000  55.8%  17.3 1185s
 2226854 607572 infeasible   58        43.00000   19.00000  55.8%  17.3 1190s
 2231675 608365   25.00000   46  106   43.00000   19.00000  55.8%  17.3 1195s
 2242428 609678   40.00000  212   87   43.00000   19.00000  55.8%  17.3 1200s
 2248783 611253   33.00000   81   90   43.00000   19.00000  55.8%  17.3 1205s
 2257067 611246 infeasible   37        43.00000   19.00000  55.8%  17.3 1210s
 2257154 611249   31.00000   42  118   43.00000   19.00000  55.8%  17.3 1215s
 2257244 611244   31.00000   41  115   43.00000   19.00000  55.8%  17.3 1220s
 2257335 611246 infeasible   52        43.00000   19.00000  55.8%  17.3 1225s
 2257426 611246 infeasible   66        43.00000   19.00000  55.8%  17.3 1230s
 2257510 611251   19.00000   44  155   43.00000   19.00000  55.8%  17.3 1235s
 2257604 611251 infeasible   48        43.00000   19.00000  55.8%  17.3 1240s
 2257683 611263 infeasible   67        43.00000   19.00000  55.8%  17.3 1245s
 2257748 611266 infeasible   71        43.00000   19.00000  55.8%  17.3 1250s
 2257827 611271   25.00000   46  107   43.00000   19.00000  55.8%  17.3 1255s
 2257901 611276 infeasible   50        43.00000   19.00000  55.8%  17.3 1261s
 2257966 611272   31.00000   43  108   43.00000   19.00000  55.8%  17.3 1265s
 2258033 611269 infeasible   46        43.00000   19.00000  55.8%  17.3 1270s
 2258160 611279   31.00000   34  130   43.00000   19.00000  55.8%  17.3 1275s
 2258338 611289   19.00000   41  142   43.00000   19.00000  55.8%  17.3 1280s
 2258498 611288 infeasible   48        43.00000   19.00000  55.8%  17.3 1286s
 2258794 611305   25.00000   36  114   43.00000   19.00000  55.8%  17.4 1290s
 2259369 611329   25.00000   63  118   43.00000   19.00000  55.8%  17.4 1295s
 2260096 611337   42.00000  349   75   43.00000   19.00000  55.8%  17.4 1300s
 2260915 611402 infeasible   52        43.00000   19.00000  55.8%  17.4 1305s
 2261701 611417 infeasible   39        43.00000   19.00000  55.8%  17.4 1310s
 2262471 611433   26.00000   42  108   43.00000   19.00000  55.8%  17.5 1315s
 2263276 611442   25.00000   40  129   43.00000   19.00000  55.8%  17.5 1324s
 2263976 611443 infeasible   43        43.00000   19.00000  55.8%  17.5 1329s
 2264757 611470   34.00000  332   84   43.00000   19.00000  55.8%  17.5 1334s
 2265612 611495   25.00000   37  108   43.00000   19.00000  55.8%  17.5 1339s
 2266437 611569 infeasible   70        43.00000   19.00000  55.8%  17.6 1345s
 2267289 611608 infeasible   69        43.00000   19.00000  55.8%  17.6 1350s
 2268062 611620   31.00000   41  136   43.00000   19.00000  55.8%  17.6 1355s
 2276868 613207 infeasible   49        43.00000   19.00000  55.8%  17.6 1360s
 2285512 613993   25.00000   61  103   43.00000   19.00000  55.8%  17.6 1365s
 2292679 615038 infeasible   66        43.00000   19.00000  55.8%  17.6 1370s
 2303307 616473 infeasible   57        43.00000   19.00000  55.8%  17.6 1375s
 2309074 617293 infeasible   51        43.00000   19.00000  55.8%  17.6 1380s
 2318504 618569 infeasible   46        43.00000   19.00000  55.8%  17.6 1385s
 2325662 620600   19.00000   33  153   43.00000   19.00000  55.8%  17.6 1391s
 2336860 621061 infeasible   54        43.00000   19.00000  55.8%  17.6 1395s
 2348596 622606 infeasible  140        43.00000   19.00000  55.8%  17.6 1400s
 2352306 623031   25.00000   44  107   43.00000   19.00000  55.8%  17.6 1405s
 2363854 624411   33.00000  108   97   43.00000   19.00000  55.8%  17.6 1410s
 2370430 625135 infeasible   49        43.00000   19.00000  55.8%  17.6 1415s
 2378892 626279   25.00000   51   92   43.00000   19.00000  55.8%  17.6 1420s
 2385309 628010   25.00000   61  111   43.00000   19.00000  55.8%  17.7 1425s
 2396982 628646   25.00000   36  117   43.00000   19.00000  55.8%  17.7 1430s
 2408615 629985   25.00000   54   96   43.00000   19.00000  55.8%  17.7 1435s
 2415051 630805 infeasible  105        43.00000   19.00000  55.8%  17.7 1440s
 2424504 632003   25.00000   70  110   43.00000   19.00000  55.8%  17.7 1445s
 2429865 633782   25.00000  168  102   43.00000   19.00000  55.8%  17.7 1450s
 2441184 634315 infeasible   46        43.00000   19.00000  55.8%  17.7 1455s
 2450939 635663   25.00000   45  124   43.00000   19.00000  55.8%  17.7 1460s
 2460087 636904 infeasible   51        43.00000   19.00000  55.8%  17.7 1465s
 2469456 638234   32.00000   38   96   43.00000   19.00000  55.8%  17.7 1470s
 2474900 639777   25.00000   35  131   43.00000   19.00000  55.8%  17.7 1475s
 2488300 640446 infeasible   43        43.00000   19.00000  55.8%  17.7 1480s
 2497704 641659   25.00000   40  122   43.00000   19.00000  55.8%  17.7 1485s
 2503389 642290   25.00000  184  152   43.00000   19.00000  55.8%  17.7 1490s
 2512712 643333 infeasible  213        43.00000   19.00000  55.8%  17.7 1495s
 2519642 644181 infeasible   43        43.00000   19.00000  55.8%  17.7 1500s
 2527913 645107   25.00000   45  152   43.00000   19.00000  55.8%  17.7 1505s
 2534597 646899   19.00000   40  175   43.00000   19.00000  55.8%  17.7 1511s
 2545824 647470   25.00000   37  114   43.00000   19.00000  55.8%  17.7 1515s
 2557333 648681   19.00000   47  116   43.00000   19.00000  55.8%  17.7 1520s
 2563700 649575 infeasible   42        43.00000   19.00000  55.8%  17.7 1525s
 2571982 650642   31.00000   83   96   43.00000   19.00000  55.8%  17.7 1530s
 2577140 651415   25.00000   37  112   43.00000   19.00000  55.8%  17.7 1535s
 2586543 652441 infeasible  192        43.00000   19.00000  55.8%  17.7 1540s
 2592126 653387   37.00000   40  101   43.00000   19.00000  55.8%  17.7 1545s
 2601940 654572   31.00000   43  124   43.00000   19.00000  55.8%  17.7 1550s
 2607998 656146   25.00000   40  114   43.00000   19.00000  55.8%  17.7 1556s
 2618256 656507   19.00000   41  145   43.00000   19.00000  55.8%  17.7 1560s
 2630907 657853 infeasible   49        43.00000   19.00000  55.8%  17.7 1565s
 2637141 658826   25.00000   41  112   43.00000   19.00000  55.8%  17.7 1570s
 2646600 659796 infeasible   47        43.00000   19.00000  55.8%  17.7 1575s
 2653607 661477   26.00000   46   96   43.00000   19.00000  55.8%  17.7 1582s
 2661920 661658   25.00000   44  114   43.00000   19.00000  55.8%  17.7 1585s
 2668128 663282   31.00000   41  116   43.00000   19.00000  55.8%  17.7 1590s
 2680274 663838 infeasible   58        43.00000   19.00000  55.8%  17.7 1595s
 2691305 665262   31.00000   36  121   43.00000   19.00000  55.8%  17.7 1600s
 2695025 665954   19.00000   41  148   43.00000   19.00000  55.8%  17.7 1605s
 2706718 667298   31.00000   49  104   43.00000   19.00000  55.8%  17.7 1610s
 2711919 667965 infeasible   43        43.00000   19.00000  55.8%  17.7 1615s
 2721607 669386   31.00000   61  101   43.00000   19.00000  55.8%  17.7 1620s
 2728076 671261   31.00000   44  106   43.00000   19.00000  55.8%  17.7 1625s
 2740847 671831 infeasible   46        43.00000   19.00000  55.8%  17.7 1630s
 2750692 672931 infeasible   62        43.00000   19.00000  55.8%  17.7 1635s
 2757903 674172   31.00000   46  127   43.00000   19.00000  55.8%  17.7 1640s
 2767788 675020   31.00000   93  151   43.00000   19.00000  55.8%  17.7 1645s
 2772099 676359   31.00000   57  109   43.00000   19.00000  55.8%  17.7 1650s
 2784335 676838 infeasible   41        43.00000   19.00000  55.8%  17.7 1655s
 2795464 678208 infeasible   42        43.00000   19.00000  55.8%  17.7 1660s
 2802549 679185   31.00000   39  115   43.00000   19.00000  55.8%  17.7 1665s
 2811893 680508   19.00000   59  224   43.00000   19.00000  55.8%  17.7 1670s
 2818243 682343   19.00000   53  135   43.00000   19.00000  55.8%  17.7 1677s
 2827798 682617   31.00000   40  153   43.00000   19.00000  55.8%  17.7 1680s
 2833712 684412   28.00000  154  100   43.00000   19.00000  55.8%  17.7 1685s
 2845803 684997   19.76596   76  432   43.00000   19.00000  55.8%  17.7 1690s
 2849200 686441   31.00000   40  103   43.00000   19.00000  55.8%  17.7 1695s
 2860994 687090   25.00000   36  115   43.00000   19.00000  55.8%  17.8 1700s
 2871982 688170 infeasible   44        43.00000   19.00000  55.8%  17.7 1705s
 2879156 689697   25.00000   34  142   43.00000   19.00000  55.8%  17.8 1710s
 2889740 690497 infeasible  215        43.00000   19.00000  55.8%  17.8 1715s
 2901591 691901 infeasible   42        43.00000   19.00000  55.8%  17.8 1720s
 2907815 692663 infeasible   39        43.00000   19.00000  55.8%  17.8 1725s
 2917340 693934 infeasible   43        43.00000   19.00000  55.8%  17.8 1730s
 2924378 694864 infeasible  214        43.00000   19.00000  55.8%  17.8 1735s
 2932607 695933   25.00000   37  125   43.00000   19.00000  55.8%  17.8 1740s
 2939071 696847 infeasible   79        43.00000   19.00000  55.8%  17.8 1745s
 2949098 698193   25.00000   79  171   43.00000   19.00000  55.8%  17.8 1750s
 2959366 699670 infeasible   65        43.00000   19.00000  55.8%  17.8 1755s
 2967174 700803 infeasible   50        43.00000   19.00000  55.8%  17.8 1760s
 2973862 702047   31.00000   41  118   43.00000   19.00000  55.8%  17.8 1765s
 2982783 703153 infeasible   45        43.00000   19.00000  55.8%  17.8 1770s
 2991447 704520   25.00000   45  148   43.00000   19.00000  55.8%  17.8 1775s
 3001665 705837   33.00000   78   98   43.00000   19.00000  55.8%  17.8 1780s
 3009774 707031   22.00000   35  145   43.00000   19.00000  55.8%  17.8 1785s
 3021538 708328 infeasible   52        43.00000   19.00000  55.8%  17.8 1790s
 3028516 709277 infeasible   49        43.00000   19.00000  55.8%  17.8 1795s
 3036898 710370   25.00000   45  110   43.00000   19.00000  55.8%  17.8 1800s

Cutting planes:
  Gomory: 12
  Cover: 31
  Implied bound: 75
  MIR: 29
  StrongCG: 23
  Flow cover: 120
  GUB cover: 14
  Inf proof: 106
  Zero half: 2
  Network: 6
  Relax-and-lift: 26

Explored 3036921 nodes (53990713 simplex iterations) in 1800.01 seconds (1115.13 work units)
Thread count was 8 (of 8 available processors)

Solution count 2: 43 44 

Time limit reached
Best objective 4.300000000000e+01, best bound 1.900000000000e+01, gap 55.8140%
! --------------------------------------------------------
! Status: FEASIBLE (time limit reached)
! Best span = 43
! Labeling: 1 1 1 7 1 32 1 1 7 1 13 1 1 7 1 1 7 23 13 19 43 31 13 7 19 32 13 1 13 1 43 25 7 13 1 1 13 7 19 1 31 43 13 7 25 7 13 25 7 7 1 39 7 25 31 13 25 37 1 
! --------------------------------------------------------
! All verification passed
