! Solving for graph /home/truongxuanhieu/Gurobi-for-MinSpanLabeling/benchmarks/abp/U-662_bus.mtx.rnd
! Target value is set to 165
! Lower bound is set to 166
! Upper bound is set to 496
! Time limit is set to 1800
! Vertices mode is set to Has hole
! Target value mode is set to Antibandwidth
Set parameter WLSAccessID
Set parameter WLSSecret
Set parameter LicenseID to value 2663665
Academic license 2663665 - for non-commercial use only - registered to tu___@vnu.edu.vn
Set parameter OutputFlag to value 1
Set parameter TimeLimit to value 1800
Gurobi Optimizer version 13.0.2 build v13.0.2rc1 (linux64 - "Debian GNU/Linux 12 (bookworm)")

CPU model: Intel(R) Xeon(R) CPU @ 2.20GHz, instruction set [SSE2|AVX|AVX2]
Thread count: 4 physical cores, 8 logical processors, using up to 8 threads

Non-default parameters:
TimeLimit  1800

Academic license 2663665 - for non-commercial use only - registered to tu___@vnu.edu.vn
Optimize a model with 3139 rows, 331489 columns and 662315 nonzeros (Min)
Model fingerprint: 0x6c106e8c
Model has 1 linear objective coefficients
Model has 2230 simple general constraints
  906 ABS, 1324 INDICATOR
Variable types: 0 continuous, 331489 integer (329014 binary)
Coefficient statistics:
  Matrix range     [1e+00, 5e+02]
  Objective range  [1e+00, 1e+00]
  Bounds range     [1e+00, 5e+02]
  RHS range        [1e+00, 2e+02]
  GenCon rhs range [1e+00, 1e+00]
  GenCon coe range [1e+00, 1e+00]

Presolve added 3797 rows and 1564 columns
Presolve time: 2.81s
Presolved: 6936 rows, 333053 columns, 673456 nonzeros
Variable types: 0 continuous, 333053 integer (329672 binary)
Deterministic concurrent LP optimizer: primal simplex, dual simplex, and barrier
Showing barrier log only...

Root barrier log...

Ordering time: 0.00s

Barrier statistics:
 Dense cols : 1
 AA' NZ     : 2.154e+04
 Factor NZ  : 7.651e+04 (roughly 140 MB of memory)
 Factor Ops : 1.109e+06 (less than 1 second per iteration)
 Threads    : 1

                  Objective                Residual
Iter       Primal          Dual         Primal    Dual     Compl     Time
   0   4.29826790e+03 -1.51011122e+05  3.31e+05 7.99e-03  8.34e+01     4s

Barrier performed 0 iterations in 4.46 seconds (3.87 work units)
Barrier solve interrupted - model solved by another algorithm

Concurrent spin time: 0.05s

Solved with dual simplex

Root relaxation: objective 1.660000e+02, 2322 iterations, 1.20 seconds (0.50 work units)

    Nodes    |    Current Node    |     Objective Bounds      |     Work
 Expl Unexpl |  Obj  Depth IntInf | Incumbent    BestBd   Gap | It/Node Time

     0     0  166.00000    0  901          -  166.00000      -     -    6s
     0     0  166.00000    0  901          -  166.00000      -     -    6s
     0     0  166.00000    0 1854          -  166.00000      -     -   13s
     0     0  166.00000    0 2087          -  166.00000      -     -   16s
     0     0  166.00000    0 2113          -  166.00000      -     -   20s
     0     0  166.00000    0 1659          -  166.00000      -     -   22s
     0     0  166.00000    0 1695          -  166.00000      -     -   24s
     0     0  166.00000    0 1695          -  166.00000      -     -   25s
     0     0  166.00000    0 1458          -  166.00000      -     -   29s
     0     0  166.00000    0 1128          -  166.00000      -     -   32s
     0     0  166.00000    0 1127          -  166.00000      -     -   33s
     0     0  166.00000    0 1032          -  166.00000      -     -   34s
     0     2  166.00000    0  995          -  166.00000      -     -   50s
    79    80  167.00000   18 1444          -  166.00000      -  92.9   55s
   233   237  167.00000   47 1308          -  166.00000      -  53.1   60s
   394   389  331.00000   81  995          -  166.00000      -  47.2   65s
   516   514  331.00000  104  987          -  166.00000      -  41.4   70s
   721   627  331.00000  133  986          -  166.00000      -  40.3   75s
   894   709  331.00000  154  986          -  166.00000      -  37.5   80s
  1004   731  331.00000  175  986          -  166.00000      -  35.1   85s
  1335   738  331.00000  260  986          -  166.00000      -  28.6   91s
  1429   738  331.00000  286  986          -  166.00000      -  27.4  102s
  1564   738  331.00000  288  986          -  166.00000      -  25.9  107s
H 1658   664                     496.0000000  166.00000  66.5%  24.9  112s
  1662   695  331.00000  290  974  496.00000  166.00000  66.5%  25.2  117s
  1717   696  331.00000  291  974  496.00000  166.00000  66.5%  25.6  125s
  1788   697  331.00000  292  974  496.00000  166.00000  66.5%  24.8  133s
  1887   698  331.00000  293  974  496.00000  166.00000  66.5%  23.5  142s
  1994   699  331.00000  294  974  496.00000  166.00000  66.5%  22.3  149s
  2111   712 infeasible  294       496.00000  166.00000  66.5%  21.2  155s
  2410   786  331.00000  341  974  496.00000  166.00000  66.5%  18.8  161s
  2832  1017  331.00000  438  968  496.00000  166.00000  66.5%  16.2  165s
  3289  1232  331.00000  546  966  496.00000  166.00000  66.5%  14.1  171s
  3799  1392  331.00000  666  966  496.00000  166.00000  66.5%  12.3  176s
  4074  1471  331.00000  731  968  496.00000  166.00000  66.5%  11.6  180s
  4660  1630  331.00000  869  966  496.00000  166.00000  66.5%  10.2  187s
  4974  1756  331.00000  943  966  496.00000  166.00000  66.5%   9.6  190s
  5301  1757  167.00000   47 1032  496.00000  166.00000  66.5%   9.2  206s
  5303  1758  331.00000  880  853  496.00000  166.00000  66.5%   9.2  217s
  5304  1759  493.00000  122 1189  496.00000  166.00000  66.5%   9.1  225s
  5305  1760  331.00000  742 1646  496.00000  166.00000  66.5%   9.1  234s
  5306  1760  331.00000   88 1234  496.00000  166.00000  66.5%   9.1  241s
  5307  1761  493.00000  293 1591  496.00000  166.00000  66.5%   9.1  250s
  5308  1762  331.00000  532  968  496.00000  166.00000  66.5%   9.1  256s
  5309  1762  491.00000  134 1225  496.00000  166.00000  66.5%   9.1  265s
  5310  1763  331.00000  944  850  496.00000  166.00000  66.5%   9.1  271s
  5311  1764  331.00000  702  917  496.00000  166.00000  66.5%   9.1  281s
  5312  1764  167.00000   39  658  496.00000  166.00000  66.5%   9.1  286s
  5314  1766  331.00000  755  709  496.00000  166.00000  66.5%   9.1  293s
  5315  1766  331.00000 1079  828  496.00000  166.00000  66.5%   9.1  298s
  5316  1767  331.00000  704  662  496.00000  166.00000  66.5%   9.1  304s
  5317  1768  396.00000  462  721  496.00000  166.00000  66.5%   9.1  308s
  5318  1768  448.00000  410  573  496.00000  166.00000  66.5%   9.1  311s
  5320  1770  331.00000   83  702  496.00000  166.00000  66.5%   9.1  317s
  5321  1770  362.00000  574  700  496.00000  166.00000  66.5%   9.1  336s
  5323  1775  166.00000   12  696  496.00000  166.00000  66.5%  20.8  344s
  5325  1778  166.00000   13  696  496.00000  166.00000  66.5%  21.3  370s
  5333  1791  166.00000   15  693  496.00000  166.00000  66.5%  21.6  378s
  5345  1797  166.00000   17  686  496.00000  166.00000  66.5%  22.2  385s
  5428  1804  495.00000   24  835  496.00000  166.00000  66.5%  25.3  390s
  5504  1790  166.00000   29  648  496.00000  166.00000  66.5%  26.5  395s
  5583  1792  329.00000   36  738  496.00000  166.00000  66.5%  27.4  400s
  5677  1793  329.00000   46  738  496.00000  166.00000  66.5%  27.3  405s
  5760  1822  329.00000   56  740  496.00000  166.00000  66.5%  27.3  410s
  5846  1850  329.00000   67  740  496.00000  166.00000  66.5%  27.3  415s
  5981  1836  490.00000   80  668  496.00000  166.00000  66.5%  27.1  422s
  6035  1845  329.00000   86  738  496.00000  166.00000  66.5%  27.1  425s
  6140  1830  486.00000   96  669  496.00000  166.00000  66.5%  27.0  431s
  6195  1830  495.00000  103  615  496.00000  166.00000  66.5%  27.0  435s
  6319  1821  329.00000  118  738  496.00000  166.00000  66.5%  26.9  441s
  6474  1786  329.00000  130  738  496.00000  166.00000  66.5%  26.6  445s
  6562  1780  329.00000  141  738  496.00000  166.00000  66.5%  26.5  456s
  6675  1795  485.00000  151  653  496.00000  166.00000  66.5%  26.5  461s
  6889  1754  483.00000  168  655  496.00000  166.00000  66.5%  26.1  466s
  7046  1728  477.00000  183  669  496.00000  166.00000  66.5%  25.9  473s
  7058  1766  329.00000  186  738  496.00000  166.00000  66.5%  26.0  477s
  7232  1740  329.00000  204  736  496.00000  166.00000  66.5%  25.8  482s
  7267  1732  329.00000  212  736  496.00000  166.00000  66.5%  25.9  485s
  7274  1758  329.00000  214  736  496.00000  166.00000  66.5%  25.9  493s
  7435  1709  329.00000  226  734  496.00000  166.00000  66.5%  25.7  497s
  7442  1742  329.00000  227  734  496.00000  166.00000  66.5%  25.7  501s
  7594  1697  479.00000  240  654  496.00000  166.00000  66.5%  25.6  510s
  7602  1733  329.00000  242  734  496.00000  166.00000  66.5%  25.7  517s
  7769  1695  477.00000  256  660  496.00000  166.00000  66.5%  25.5  524s
  7790  1718  473.00000  265  666  496.00000  166.00000  66.5%  25.6  532s
  7901  1702  464.00000  280  669  496.00000  166.00000  66.5%  25.6  545s
  7922  1717  329.00000  289  734  496.00000  166.00000  66.5%  25.7  552s
  7946  1739  470.00000  298  658  496.00000  166.00000  66.5%  25.8  560s
  7994  1725  466.00000  306  669  496.00000  166.00000  66.5%  25.8  572s
  7999  1771  466.00000  307  661  496.00000  166.00000  66.5%  25.9  580s
  8142  1731  454.00000  328  667  496.00000  166.00000  66.5%  25.8  594s
  8152  1744  329.00000  332  734  496.00000  166.00000  66.5%  25.9  604s
  8168  1768  489.00000  338  647  496.00000  166.00000  66.5%  26.0  613s
  8199  1785  329.00000  350  734  496.00000  166.00000  66.5%  26.2  627s
  8228  1802  466.00000  361  666  496.00000  166.00000  66.5%  26.5  635s
  8256  1830  329.00000  373  734  496.00000  166.00000  66.5%  26.6  644s
  8294  1847  449.00000  385  668  496.00000  166.00000  66.5%  26.8  652s
  8326  1864  329.00000  399  734  496.00000  166.00000  66.5%  26.9  660s
  8355  1903  329.00000  411  734  496.00000  166.00000  66.5%  27.1  669s
  8494  1895  329.00000  435  734  496.00000  166.00000  66.5%  27.0  677s
  8534  1940  423.00000  451  674  496.00000  166.00000  66.5%  27.3  685s
  8720  1879  329.00000  475  734  496.00000  166.00000  66.5%  27.1  694s
  8725  1966  329.00000  476  734  496.00000  166.00000  66.5%  27.1  703s
  9022  1883  329.00000  503  734  496.00000  166.00000  66.5%  26.8  709s
  9039  1955  329.00000  507  734  496.00000  166.00000  66.5%  26.9  716s
  9203  1922  329.00000  524  734  496.00000  166.00000  66.5%  26.7  723s
  9226  1986  329.00000  533  733  496.00000  166.00000  66.5%  26.8  731s
  9472  1949  461.00000  562  667  496.00000  166.00000  66.5%  26.6  743s
  9519  1994  329.00000  582  733  496.00000  166.00000  66.5%  26.8  751s
  9740  1936  419.00000  604  675  496.00000  166.00000  66.5%  26.6  762s
  9758  2042  329.00000  608  733  496.00000  166.00000  66.5%  26.6  770s
  9905  2040  329.00000  631  731  496.00000  166.00000  66.5%  26.6  777s
  9955  2163  481.00000  654  650  496.00000  166.00000  66.5%  26.8  787s
 10209  2113  329.00000  701  731  496.00000  166.00000  66.5%  26.8  796s
 10247  2213  406.00000  716  678  496.00000  166.00000  66.5%  27.0  807s
 10551  2240  329.00000  763  728  496.00000  166.00000  66.5%  26.9  836s
 10703  2388  418.00000  809  666  496.00000  166.00000  66.5%  27.2  862s
 10983  2469  329.00000  856  738  496.00000  166.00000  66.5%  27.1  878s
 11067  2584  448.00000  895  671  496.00000  166.00000  66.5%  27.6  897s
 11439  2662  329.00000  942  736  496.00000  166.00000  66.5%  27.2  908s
 11554  2772  329.00000  981  734  496.00000  166.00000  66.5%  27.5  917s
 11926  2811  457.00000 1027  665  496.00000  166.00000  66.5%  27.1  924s
 12001  2906  329.00000 1046  729  496.00000  166.00000  66.5%  27.2  936s
 12098  2919  393.00000 1092  668  496.00000  166.00000  66.5%  27.4  950s
 12113  2931  329.00000 1096  728  496.00000  166.00000  66.5%  27.5  968s
 12129  3030  329.00000 1100  728  496.00000  166.00000  66.5%  27.7  983s
 12241  3114  329.00000 1145  728  496.00000  166.00000  66.5%  28.1 1003s
 12420  3118  329.00000 1187  728  496.00000  166.00000  66.5%  28.2 1022s
 12424  3122  397.00000 1187  665  496.00000  166.00000  66.5%  28.2 1044s
 12428  3126  329.00000 1188  728  496.00000  166.00000  66.5%  28.2 1063s
 12435  3131  422.00000 1188  660  496.00000  166.00000  66.5%  28.2 1081s
 12445  3147  329.00000 1189  728  496.00000  166.00000  66.5%  28.2 1105s
 12466  3159  421.00000 1189  662  496.00000  166.00000  66.5%  28.3 1122s
 12483  3174  329.00000 1190  728  496.00000  166.00000  66.5%  28.3 1137s
 12501  3223  420.00000 1190  662  496.00000  166.00000  66.5%  28.4 1153s
 12555  3346  403.00000 1207  662  496.00000  166.00000  66.5%  28.5 1169s
 12682  3472  329.00000 1254  726  496.00000  166.00000  66.5%  28.8 1185s
 12874  3574  422.00000 1300  660  496.00000  166.00000  66.5%  29.0 1197s
 13246  3690  329.00000 1347  726  496.00000  166.00000  66.5%  28.7 1214s
 13370  3812  446.00000 1393  640  496.00000  166.00000  66.5%  28.9 1222s
 13742  3926  329.00000 1440  726  496.00000  166.00000  66.5%  28.6 1230s
 14114  4035  454.00000 1486  651  496.00000  166.00000  66.5%  28.3 1237s
 14486  4038  329.00000 1533  726  496.00000  166.00000  66.5%  28.0 1252s
 14492  4042  329.00000 1534  726  496.00000  166.00000  66.5%  28.0 1273s
 14496  4045  406.00000 1534  654  496.00000  166.00000  66.5%  28.0 1294s
 14500  4049  329.00000 1535  726  496.00000  166.00000  66.5%  28.0 1314s
 14504  4057  405.00000 1535  654  496.00000  166.00000  66.5%  28.0 1335s
 14514  4070  329.00000 1536  726  496.00000  166.00000  66.5%  28.1 1352s
 14532  4072  329.00000 1537  726  496.00000  166.00000  66.5%  28.1 1367s
 14536  4092  403.00000 1537  654  496.00000  166.00000  66.5%  28.1 1391s
 14558  4102  329.00000 1538  726  496.00000  166.00000  66.5%  28.1 1416s
 14570  4127  402.00000 1538  654  496.00000  166.00000  66.5%  28.1 1438s
 14597  4148  329.00000 1539  726  496.00000  166.00000  66.5%  28.1 1463s
 14622  4176  401.00000 1539  654  496.00000  166.00000  66.5%  28.1 1481s
 14654  4201  329.00000 1540  726  496.00000  166.00000  66.5%  28.1 1503s
 14683  4275  400.00000 1540  654  496.00000  166.00000  66.5%  28.1 1519s
 14763  4358  329.00000 1569  722  496.00000  166.00000  66.5%  28.3 1537s
 14853  4478  472.00000 1592  647  496.00000  166.00000  66.5%  28.5 1556s
 14979  4584  329.00000 1639  722  496.00000  166.00000  66.5%  28.8 1573s
 15091  4673  329.00000 1676  722  496.00000  166.00000  66.5%  28.9 1592s
 15187  4798  472.00000 1700  625  496.00000  166.00000  66.5%  29.2 1604s
 15559  4933  329.00000 1747  720  496.00000  166.00000  66.5%  28.9 1619s
 15931  5172  415.00000 1793  649  496.00000  166.00000  66.5%  28.9 1635s
 16190  5371  380.00000 1834  663  496.00000  166.00000  66.5%  29.2 1647s
 16562  5588  329.00000 1881  720  496.00000  166.00000  66.5%  29.2 1663s
 16864  5801  371.00000 1927  651  496.00000  166.00000  66.5%  29.6 1675s
 17236  6027  329.00000 1974  703  496.00000  166.00000  66.5%  29.6 1691s
 17608  6237  361.00000 2020  639  496.00000  166.00000  66.5%  29.7 1699s
 17980  6507  329.00000 2067  698  496.00000  166.00000  66.5%  29.7 1712s
 18265  6832  432.00000 2113  628  496.00000  166.00000  66.5%  30.9 1722s
 18591  6977  329.00000 2160  695  496.00000  166.00000  66.5%  33.4 1739s
 18739  7317  352.00000 2175  646  496.00000  166.00000  66.5%  33.9 1751s
 19080  7646  329.00000 2222  701  496.00000  166.00000  66.5%  36.8 1762s
 19411  7704  494.00000 2268  602  496.00000  166.00000  66.5%  39.3 1774s
 19474  7992  329.00000 2275  700  496.00000  166.00000  66.5%  40.7 1787s
 19790  8174  459.00000 2321  628  496.00000  166.00000  66.5%  42.4 1800s

Cutting planes:
  Learned: 9
  Gomory: 46
  Cover: 195
  Implied bound: 305
  Projected implied bound: 1
  Clique: 32
  MIR: 127
  StrongCG: 80
  Flow cover: 513
  GUB cover: 90
  Zero half: 25
  Network: 26
  Relax-and-lift: 604

Explored 19973 nodes (882596 simplex iterations) in 1800.10 seconds (1996.17 work units)
Thread count was 8 (of 8 available processors)

Solution count 1: 496 

Time limit reached
Best objective 4.960000000000e+02, best bound 1.660000000000e+02, gap 66.5323%
! --------------------------------------------------------
! Status: FEASIBLE (time limit reached)
! Best span = 496
! Labeling: 1 166 496 166 496 166 495 166 163 167 331 1 321 1 496 128 1 494 331 166 166 1 496 331 1 331 1 166 166 1 331 166 166 166 166 1 495 166 166 257 1 166 496 495 1 166 331 496 166 1 166 331 257 169 166 496 496 166 422 187 16 166 165 1 229 166 1 496 166 1 167 496 331 486 496 169 166 166 496 331 166 2 496 1 1 1 166 166 1 1 167 1 218 166 331 128 166 217 1 1 1 496 263 496 257 390 166 166 1 1 166 1 171 166 1 1 166 335 1 373 166 1 1 496 231 496 166 1 456 331 1 166 1 1 331 166 188 331 1 496 1 1 1 166 1 1 166 166 166 1 318 496 1 166 166 352 331 321 496 496 496 293 331 1 496 166 496 396 182 331 166 1 331 1 1 166 331 408 166 166 257 406 1 1 1 1 458 331 166 331 166 324 364 166 1 1 1 496 166 1 1 166 1 166 300 496 331 496 166 166 166 1 1 1 166 1 331 331 385 1 166 166 166 496 1 496 496 248 1 1 331 495 496 1 496 166 1 488 1 1 166 166 217 496 1 495 234 496 1 166 353 331 496 1 331 166 166 166 495 331 5 1 1 331 331 1 496 1 331 495 1 221 1 166 166 1 330 1 1 496 6 257 1 496 331 496 166 331 1 1 402 166 1 1 166 1 1 1 1 1 166 419 240 1 166 166 1 331 331 1 331 1 331 1 166 496 237 166 1 496 166 331 331 331 1 495 1 496 335 166 1 1 331 1 1 1 496 382 1 331 496 1 1 166 1 257 496 1 35 496 319 1 494 496 166 331 1 496 166 495 166 1 1 496 1 347 331 495 1 1 257 166 495 331 257 338 493 1 1 166 1 490 496 496 167 166 1 331 1 1 166 1 1 413 331 166 1 1 495 1 166 1 166 1 496 353 1 166 331 331 1 1 402 496 166 1 166 330 1 1 1 496 496 331 496 1 1 166 1 302 128 391 496 1 330 331 496 1 1 470 172 2 331 331 166 1 331 1 1 1 496 1 166 1 166 1 166 1 166 1 496 495 1 59 489 1 331 1 166 166 1 496 166 484 1 1 495 1 1 257 331 331 166 1 1 166 496 332 1 166 167 171 496 257 496 495 496 1 199 1 496 166 1 166 1 1 342 166 1 1 342 1 1 331 495 331 1 494 166 1 94 1 1 229 166 166 166 166 496 1 166 1 1 496 495 496 1 1 1 1 248 166 496 1 496 1 1 1 167 331 1 1 166 166 217 1 496 495 331 165 496 166 257 1 129 166 345 496 1 1 166 331 323 166 166 1 322 1 331 294 364 276 496 331 1 331 1 496 1 319 496 496 1 166 166 1 331 1 166 331 2 166 166 495 1 2 166 18 496 1 168 1 154 1 166 1 346 327 1 1 331 331 1 257 1 166 1 166 1 330 496 166 1 1 331 495 496 166 166 1 340 331 496 496 331 331 166 166 17 331 331 2 1 1 1 1 1 241 1 166 166 1 
! --------------------------------------------------------
! All verification passed
