! Solving for graph /home/truongxuanhieu/Gurobi-for-MinSpanLabeling/benchmarks/abp/W-685_bus.mtx.rnd
! Target value is set to 102
! Lower bound is set to 103
! Upper bound is set to 513
! Time limit is set to 1800
! Vertices mode is set to Has hole
! Target value mode is set to Antibandwidth
Set parameter WLSAccessID
Set parameter WLSSecret
Set parameter LicenseID to value 2663665
Academic license 2663665 - for non-commercial use only - registered to tu___@vnu.edu.vn
Set parameter OutputFlag to value 1
Set parameter TimeLimit to value 1800
Gurobi Optimizer version 13.0.2 build v13.0.2rc1 (linux64 - "Debian GNU/Linux 12 (bookworm)")

CPU model: Intel(R) Xeon(R) CPU @ 2.20GHz, instruction set [SSE2|AVX|AVX2]
Thread count: 4 physical cores, 8 logical processors, using up to 8 threads

Non-default parameters:
TimeLimit  1800

Academic license 2663665 - for non-commercial use only - registered to tu___@vnu.edu.vn
Optimize a model with 3937 rows, 355340 columns and 709994 nonzeros (Min)
Model fingerprint: 0x9ade69e6
Model has 1 linear objective coefficients
Model has 2652 simple general constraints
  1282 ABS, 1370 INDICATOR
Variable types: 0 continuous, 355340 integer (352090 binary)
Coefficient statistics:
  Matrix range     [1e+00, 5e+02]
  Objective range  [1e+00, 1e+00]
  Bounds range     [1e+00, 5e+02]
  RHS range        [1e+00, 3e+02]
  GenCon rhs range [1e+00, 1e+00]
  GenCon coe range [1e+00, 1e+00]

Presolve added 2054 rows and 1026 columns
Presolve time: 2.97s
Presolved: 5991 rows, 356366 columns, 718807 nonzeros
Presolved model has 1282 SOS constraint(s)
Variable types: 0 continuous, 356366 integer (351834 binary)
Deterministic concurrent LP optimizer: primal simplex, dual simplex, and barrier
Showing barrier log only...

Root barrier log...

Ordering time: 0.00s

Barrier statistics:
 Dense cols : 1
 AA' NZ     : 2.574e+04
 Factor NZ  : 8.970e+04 (roughly 150 MB of memory)
 Factor Ops : 1.522e+06 (less than 1 second per iteration)
 Threads    : 2

                  Objective                Residual
Iter       Primal          Dual         Primal    Dual     Compl     Time
   0   1.56824519e+04 -2.23434999e+05  6.60e+05 7.77e-03  1.58e+02     5s
   1   6.53648852e+03 -2.28143314e+05  1.71e+05 1.32e-01  4.27e+01     5s
   2   1.17692191e+03 -1.85420625e+05  1.55e+04 1.10e-02  4.08e+00     5s
   3   1.02646639e+03 -1.29886019e+05  1.10e+04 6.02e-03  2.86e+00     5s
   4   5.14191291e+02 -3.13428201e+04  1.74e+02 4.61e-11  8.70e-02     5s
   5   5.07574872e+02 -6.27867725e+03  4.61e+01 3.18e-12  1.69e-02     5s
   6   3.35485373e+02 -2.25208192e+03  1.49e+01 1.27e-12  5.86e-03     5s

Barrier performed 6 iterations in 5.25 seconds (4.48 work units)
Barrier solve interrupted - model solved by another algorithm

Concurrent spin time: 0.37s (can be avoided by choosing Method=3)

Solved with dual simplex

Root simplex log...

Iteration    Objective       Primal Inf.    Dual Inf.      Time
    2947    1.0300000e+02   0.000000e+00   0.000000e+00      5s

Root relaxation: objective 1.030000e+02, 2947 iterations, 1.65 seconds (0.76 work units)

    Nodes    |    Current Node    |     Objective Bounds      |     Work
 Expl Unexpl |  Obj  Depth IntInf | Incumbent    BestBd   Gap | It/Node Time

     0     0  103.00000    0 1284          -  103.00000      -     -    5s
     0     0  103.00000    0 1286          -  103.00000      -     -   21s
     0     0  103.00000    0 1283          -  103.00000      -     -   22s
     0     0  103.00000    0 1279          -  103.00000      -     -   24s
     0     0  103.00000    0 1279          -  103.00000      -     -   25s
     0     2  103.00000    0 1279          -  103.00000      -     -   30s
   125     5  129.00000   68 1283          -  103.00000      -   1.8   35s
   391    11  205.00000  140 1277          -  103.00000      -   2.2   40s
   712    15  205.00000  224 1275          -  103.00000      -   2.0   45s
  1069    20  205.00000  313 1272          -  103.00000      -   2.0   50s
  1432    51  103.00000  181 1294          -  103.00000      -   2.1   55s
  1721    83  103.00000  300 1294          -  103.00000      -   2.5   61s
  1992   116  307.00000  353 1262          -  103.00000      -   2.7   65s
  2454   161  307.00000  479 1260          -  103.00000      -   2.7   70s
  3018   203  511.00000  601 1247          -  103.00000      -   2.8   78s
  3054   204  511.00000  610 1247          -  103.00000      -   2.8   83s
  3058   204  511.00000  610 1247          -  103.00000      -   2.8   89s
  3062   205  511.00000  611 1248          -  103.00000      -   2.8   94s
  3066   206  511.00000  611 1249          -  103.00000      -   2.8  101s
  3070   206  511.00000  612 1249          -  103.00000      -   2.8  106s
  3074   206  511.00000  612 1249          -  103.00000      -   2.8  111s
  3078   206  511.00000  613 1249          -  103.00000      -   2.8  116s
  3082   228  511.00000  614 1249          -  103.00000      -   2.8  121s
  3284   228  511.00000  667 1249          -  103.00000      -   2.8  126s
  3288   228  511.00000  668 1249          -  103.00000      -   2.8  132s
  3358   229  511.00000  669 1249          -  103.00000      -   2.7  138s
  3431   230  511.00000  670 1249          -  103.00000      -   2.7  145s
  3508   233  511.00000  671 1249          -  103.00000      -   2.7  152s
  3591   233  511.00000  672 1249          -  103.00000      -   2.6  157s
  3678   241  511.00000  673 1249          -  103.00000      -   2.6  162s
  3940   256  511.00000  759 1248          -  103.00000      -   2.5  165s
  4569   275  511.00000  927 1245          -  103.00000      -   2.4  172s
  4917   277  511.00000 1014 1245          -  103.00000      -   2.3  175s
  5613   285  511.00000 1186 1241          -  103.00000      -   2.2  180s
  6309   292  511.00000 1358 1241          -  103.00000      -   2.1  186s
  7005   307  511.00000 1531 1242          -  103.00000      -   2.0  192s
  7353   313  511.00000 1614 1241          -  103.00000      -   2.0  195s
  8049   321  511.00000 1787 1238          -  103.00000      -   1.9  202s
  8397   343  511.00000 1873 1239          -  103.00000      -   1.9  205s
  8746   344  409.00000  561    0          -  103.00000      -   1.9  239s
  8747   345  409.00000 1883    0          -  103.00000      -   1.9  240s
  8749   346  511.00000  452    1          -  103.00000      -   1.9  264s
  8750   347  307.00000  390    0          -  103.00000      -   1.9  266s
  8753   349  511.00000 2083    0          -  103.00000      -   1.9  271s
  8756   351  308.00000  505    0          -  103.00000      -   1.9  276s
  8759   353  307.00000  489    0          -  103.00000      -   1.9  283s
  8760   353  409.00000  875    0          -  103.00000      -   1.9  287s
  8761   357  104.00000   11 1278          -  103.00000      -   4.0  309s
  8763   360  104.00000   12 1278          -  103.00000      -   4.0  313s
  8767   363  104.00000   13 1278          -  103.00000      -   4.1  315s
  8781   376  104.00000   16 1278          -  103.00000      -   4.5  323s
  8791   379  104.00000   17 1278          -  103.00000      -   4.8  325s
  8809   389  104.00000   19 1278          -  103.00000      -   5.6  331s
  8842   412  104.00000   23 1278          -  103.00000      -   6.6  336s
  8890   410  104.00000   29 1278          -  103.00000      -   7.6  342s
  8918   416  104.00000   32 1278          -  103.00000      -   8.3  346s
  8956   417  489.00000   36 1290          -  103.00000      -   9.2  350s
  8986   433  104.00000   40 1278          -  103.00000      -  10.0  355s
  9031   426  104.00000   45 1278          -  103.00000      -  10.8  360s
  9085   435  104.00000   51 1278          -  103.00000      -  11.9  366s
  9106   450  104.00000   53 1278          -  103.00000      -  12.5  370s
  9164   439  104.00000   59 1278          -  103.00000      -  13.4  376s
  9228   441  104.00000   66 1278          -  103.00000      -  14.3  381s
  9242   459  104.00000   68 1278          -  103.00000      -  14.9  386s
  9304   447  104.00000   74 1278          -  103.00000      -  15.7  391s
  9381   448  445.00000   81 1295          -  103.00000      -  16.7  397s
  9407   501  104.00000   84 1278          -  103.00000      -  17.2  400s
  9489   491  104.00000   92 1278          -  103.00000      -  17.9  405s
  9605   533  423.00000  103 1287          -  103.00000      -  19.2  411s
  9623   598  104.00000  104 1278          -  103.00000      -  19.5  415s
  9755   660  104.00000  116 1278          -  103.00000      -  20.7  422s
  9881   660  104.00000  132 1272          -  103.00000      -  21.7  426s
  9905   724  104.00000  133 1274          -  103.00000      -  22.2  430s
 10078   750  205.00000  188 1280          -  103.00000      -  22.7  437s
 10106   808  205.00000  190 1279          -  103.00000      -  23.1  440s
 10316   849  205.00000  206 1279          -  103.00000      -  23.8  458s
 10329   851  496.00000  206 1261          -  103.00000      -  23.9  465s
 10333   854  205.00000  207 1279          -  103.00000      -  23.9  476s
 10337   856  495.00000  207 1261          -  103.00000      -  24.0  485s
 10347   865  205.00000  209 1279          -  103.00000      -  24.1  496s
 10354   885  205.00000  210 1279          -  103.00000      -  24.1  501s
 10375   898  205.00000  211 1279          -  103.00000      -  24.3  506s
 10390   938  205.00000  212 1279          -  103.00000      -  24.4  511s
 10432   981  205.00000  213 1279          -  103.00000      -  24.6  516s
 10476  1023  205.00000  214 1279          -  103.00000      -  24.9  520s
 10570  1084  486.00000  216 1260          -  103.00000      -  25.3  530s
 10638  1193  205.00000  218 1279          -  103.00000      -  25.6  539s
 10696  1261  205.00000  219 1279          -  103.00000      -  25.8  544s
 10765  1276  205.00000  220 1279          -  103.00000      -  25.9  550s
 10782  1420  205.00000  222 1279          -  103.00000      -  26.1  556s
 11030  1430  205.00000  304 1256          -  103.00000      -  26.1  561s
 11041  1476  205.00000  305 1256          -  103.00000      -  26.3  571s
 11144  1476  205.00000  325 1251          -  103.00000      -  26.4  578s
 11148  1480  205.00000  326 1245          -  103.00000      -  26.6  584s
 11156  1487  205.00000  329 1245          -  103.00000      -  26.7  592s
 11167  1512  205.00000  331 1245          -  103.00000      -  26.8  597s
H11196  1323                     513.0000000  103.00000  79.9%  27.0  597s
 11198  1321  205.00000  338 1245  513.00000  103.00000  79.9%  27.0  603s
 11211  1328  205.00000  339 1245  513.00000  103.00000  79.9%  27.2  609s
 11222  1337  205.00000  340 1242  513.00000  103.00000  79.9%  27.3  615s
 11235  1361  205.00000  342 1242  513.00000  103.00000  79.9%  27.5  623s
 11260  1370  503.00000  348 1233  513.00000  103.00000  79.9%  27.8  630s
 11271  1381  205.00000  349 1242  513.00000  103.00000  79.9%  28.0  637s
 11284  1392  502.00000  349 1233  513.00000  103.00000  79.9%  28.3  645s
 11297  1403  205.00000  350 1242  513.00000  103.00000  79.9%  28.5  651s
 11310  1407  501.00000  350 1233  513.00000  103.00000  79.9%  28.8  657s
 11314  1409  205.00000  351 1242  513.00000  103.00000  79.9%  28.8  664s
 11318  1413  500.00000  351 1233  513.00000  103.00000  79.9%  28.9  672s
 11322  1434  205.00000  352 1242  513.00000  103.00000  79.9%  28.9  682s
 11345  1460  205.00000  362 1242  513.00000  103.00000  79.9%  29.0  694s
 11371  1462  478.00000  373 1235  513.00000  103.00000  79.9%  29.1  703s
 11375  1466  205.00000  374 1242  513.00000  103.00000  79.9%  29.2  712s
 11379  1468  477.00000  374 1235  513.00000  103.00000  79.9%  29.2  721s
 11383  1475  205.00000  375 1242  513.00000  103.00000  79.9%  29.4  728s
 11390  1481  476.00000  375 1235  513.00000  103.00000  79.9%  29.5  736s
 11399  1488  205.00000  376 1242  513.00000  103.00000  79.9%  29.7  743s
H11400  1446                     512.0000000  103.00000  79.9%  29.6  743s
 11408  1520  475.00000  376 1238  512.00000  103.00000  79.9%  29.8  750s
 11482  1600  444.00000  407 1238  512.00000  103.00000  79.9%  30.2  758s
 11563  1619  205.00000  443 1242  512.00000  103.00000  79.9%  30.4  765s
H11583  1612                     511.0000000  103.00000  79.8%  30.7  772s
 11593  1628  205.00000  449 1243  511.00000  103.00000  79.8%  30.8  778s
 11609  1700  205.00000  451 1243  511.00000  103.00000  79.8%  31.1  786s
 11681  1815  490.00000  470 1237  511.00000  103.00000  79.8%  31.6  794s
 11797  1875  205.00000  500 1243  511.00000  103.00000  79.8%  32.7  812s
 11858  1890  205.00000  504 1243  511.00000  103.00000  79.8%  33.5  819s
 11873  1907  205.00000  507 1243  511.00000  103.00000  79.8%  33.7  829s
 11890  1949  205.00000  510 1243  511.00000  103.00000  79.8%  33.9  838s
 11932  1952  205.00000  513 1243  511.00000  103.00000  79.8%  34.5  846s
 11936  1958  498.00000  513 1238  511.00000  103.00000  79.8%  34.5  856s
 11942  1964  205.00000  514 1243  511.00000  103.00000  79.8%  34.6  870s
 11949  1971  497.00000  514 1238  511.00000  103.00000  79.8%  34.7  879s
 11956  1978  205.00000  515 1243  511.00000  103.00000  79.8%  34.8  890s
 11963  1989  496.00000  515 1238  511.00000  103.00000  79.8%  34.8  901s
 11974  2001  205.00000  518 1243  511.00000  103.00000  79.8%  34.9  913s
 11986  2013  205.00000  521 1243  511.00000  103.00000  79.8%  35.1  925s
 11998  2053  205.00000  524 1243  511.00000  103.00000  79.8%  35.2  937s
 12038  2096  205.00000  527 1243  511.00000  103.00000  79.8%  35.7  947s
 12081  2188  205.00000  530 1243  511.00000  103.00000  79.8%  36.2  960s
 12173  2206  205.00000  564 1243  511.00000  103.00000  79.8%  36.7  972s
 12198  2222  205.00000  568 1243  511.00000  103.00000  79.8%  36.9  985s
 12216  2241  205.00000  572 1243  511.00000  103.00000  79.8%  37.0  995s
 12238  2260  205.00000  576 1243  511.00000  103.00000  79.8%  37.2 1005s
 12261  2334  205.00000  580 1243  511.00000  103.00000  79.8%  37.4 1025s
 12338  2351  205.00000  613 1243  511.00000  103.00000  79.8%  38.1 1037s
 12357  2434  439.00000  613 1245  511.00000  103.00000  79.8%  38.5 1051s
 12442  2504  205.00000  647 1243  511.00000  103.00000  79.8%  39.2 1063s
 12517  2532  205.00000  674 1246  511.00000  103.00000  79.8%  39.7 1078s
 12548  2559  205.00000  678 1246  511.00000  103.00000  79.8%  40.3 1093s
 12578  2590  205.00000  682 1246  511.00000  103.00000  79.8%  41.1 1108s
 12609  2616  205.00000  686 1246  511.00000  103.00000  79.8%  41.8 1122s
 12637  2636  205.00000  690 1246  511.00000  103.00000  79.8%  42.2 1137s
 12662  2663  205.00000  694 1246  511.00000  103.00000  79.8%  42.8 1152s
 12690  2684  205.00000  699 1246  511.00000  103.00000  79.8%  43.4 1168s
 12714  2700  205.00000  702 1248  511.00000  103.00000  79.8%  44.1 1180s
 12733  2723  205.00000  705 1248  511.00000  103.00000  79.8%  44.5 1195s
 12757  2745  205.00000  709 1248  511.00000  103.00000  79.8%  45.2 1210s
 12781  2759  205.00000  713 1248  511.00000  103.00000  79.8%  45.8 1226s
 12797  2774  502.00000  713 1253  511.00000  103.00000  79.8%  46.3 1248s
 12816  2799  205.00000  714 1248  511.00000  103.00000  79.8%  46.9 1262s
 12842  2806  205.00000  718 1248  511.00000  103.00000  79.8%  47.6 1278s
 12849  2815  504.00000  718 1255  511.00000  103.00000  79.8%  47.9 1298s
 12858  2825  205.00000  719 1248  511.00000  103.00000  79.8%  48.3 1320s
 12868  2843  205.00000  720 1248  511.00000  103.00000  79.8%  48.8 1342s
 12886  2867  205.00000  725 1248  511.00000  103.00000  79.8%  49.4 1359s
 12912  2896  205.00000  729 1248  511.00000  103.00000  79.8%  50.0 1378s
 12944  2920  493.00000  733 1253  511.00000  103.00000  79.8%  50.8 1393s
 12970  2943  205.00000  738 1248  511.00000  103.00000  79.8%  51.4 1408s
 12999  2962  205.00000  743 1248  511.00000  103.00000  79.8%  51.7 1424s
 13024  2984  205.00000  747 1248  511.00000  103.00000  79.8%  51.9 1440s
 13052  3007  205.00000  752 1248  511.00000  103.00000  79.8%  52.2 1456s
 13081  3028  205.00000  757 1248  511.00000  103.00000  79.8%  52.5 1472s
 13105  3050  205.00000  762 1248  511.00000  103.00000  79.8%  52.7 1488s
 13134  3078  205.00000  767 1248  511.00000  103.00000  79.8%  52.9 1508s
 13166  3116  205.00000  772 1248  511.00000  103.00000  79.8%  53.5 1533s
 13208  3157  205.00000  777 1248  511.00000  103.00000  79.8%  54.6 1557s
 13252  3199  205.00000  782 1248  511.00000  103.00000  79.8%  55.8 1581s
 13297  3208  205.00000  787 1248  511.00000  103.00000  79.8%  57.0 1601s
 13306  3218  454.00000  787 1255  511.00000  103.00000  79.8%  57.1 1631s
 13317  3242  205.00000  788 1248  511.00000  103.00000  79.8%  57.3 1662s
 13342  3251  205.00000  789 1248  511.00000  103.00000  79.8%  58.0 1683s
 13351  3269  452.00000  789 1255  511.00000  103.00000  79.8%  58.1 1712s
 13370  3303  205.00000  794 1248  511.00000  103.00000  79.8%  58.4 1742s
 13405  3353  205.00000  806 1248  511.00000  103.00000  79.8%  58.7 1764s
 13459  3404  205.00000  822 1248  511.00000  103.00000  79.8%  59.5 1785s
 13520  3444  205.00000  838 1248  511.00000  103.00000  79.8%  59.7 1800s

Cutting planes:
  Gomory: 6
  Cover: 3
  MIR: 5
  StrongCG: 4
  Flow cover: 10
  GUB cover: 1
  Mod-K: 2
  Relax-and-lift: 4

Explored 13565 nodes (815271 simplex iterations) in 1800.10 seconds (2036.15 work units)
Thread count was 8 (of 8 available processors)

Solution count 3: 511 512 513 

Time limit reached
Best objective 5.110000000000e+02, best bound 1.030000000000e+02, gap 79.8434%
! --------------------------------------------------------
! Status: FEASIBLE (time limit reached)
! Best span = 511
! Labeling: 103 1 1 1 1 1 1 1 1 1 1 6 511 1 103 1 1 1 4 113 1 1 103 1 1 1 1 510 103 103 1 1 1 1 1 511 1 1 257 6 1 307 1 1 1 1 1 1 409 1 511 1 1 1 1 103 103 179 1 1 143 511 1 176 1 1 257 409 195 511 307 1 105 1 1 1 1 1 1 1 1 1 1 103 103 1 1 1 108 172 409 1 1 511 205 103 103 1 409 1 409 1 1 511 1 1 1 1 511 1 103 511 182 307 110 1 1 2 1 138 511 1 1 511 1 1 1 1 1 511 409 1 257 307 1 307 408 1 1 205 1 1 511 1 409 2 120 1 1 257 1 1 511 1 1 1 1 1 155 205 257 1 1 511 511 1 2 1 1 103 511 257 111 1 200 1 1 511 257 2 1 1 1 1 1 1 1 1 126 257 511 1 205 1 1 103 511 228 205 1 1 257 257 511 1 1 511 511 103 1 205 1 103 409 103 103 2 257 115 131 307 103 1 307 1 177 179 7 103 511 205 511 1 1 257 205 1 106 1 1 257 257 257 205 103 118 103 205 155 1 1 1 1 409 137 511 257 140 1 153 103 409 1 1 511 1 510 307 511 511 1 1 1 1 1 257 104 409 1 103 1 104 205 189 307 1 1 257 1 257 103 257 1 307 409 307 135 165 146 1 1 138 1 1 128 1 2 103 1 144 257 1 1 257 155 103 257 103 1 1 184 104 103 103 1 511 205 511 1 1 409 511 1 103 103 1 103 1 1 103 1 1 1 206 53 1 511 103 1 257 1 103 1 1 1 257 257 511 511 409 1 307 511 1 1 257 1 103 511 114 1 1 1 257 1 510 147 257 511 511 307 1 307 1 409 103 1 307 135 1 103 1 511 199 1 409 1 140 307 409 1 128 103 257 409 1 205 1 257 1 511 160 257 307 257 134 511 257 154 257 186 511 131 178 409 205 1 257 257 1 1 511 1 307 257 308 103 257 117 103 177 510 103 409 1 103 8 257 119 511 103 1 257 1 103 1 200 511 205 103 511 205 113 511 409 206 257 155 257 204 103 511 1 307 205 1 1 205 1 307 257 1 205 110 307 205 511 133 205 155 126 307 257 511 1 103 1 1 511 511 1 1 205 257 205 511 1 511 409 511 511 1 205 118 1 307 409 1 103 1 307 257 257 1 1 1 511 307 103 511 205 1 131 257 161 155 1 103 1 103 1 110 511 511 108 1 140 257 205 257 257 257 147 205 307 511 119 205 257 511 139 257 409 257 511 409 511 103 205 257 257 205 307 511 257 155 511 409 205 1 409 307 103 103 1 257 511 511 257 103 511 153 511 1 257 307 511 1 205 257 205 205 103 146 140 511 409 409 103 1 134 257 143 409 205 147 111 257 511 257 103 103 409 511 1 511 409 205 257 1 129 257 205 155 205 511 307 409 511 257 511 205 257 307 118 104 511 307 257 103 155 205 161 1 511 205 511 511 205 257 1 257 257 205 257 257 1 257 198 511 205 1 257 409 139 155 167 103 307 409 409 128 257 511 205 
! --------------------------------------------------------
! All verification passed
