! Solving for graph /home/truongxuanhieu/Gurobi-for-MinSpanLabeling/benchmarks/cabp/U-662_bus.mtx.rnd
! Target value is set to 247
! Lower bound is set to 248
! Upper bound is set to 993
! Time limit is set to 1800
! Vertices mode is set to Has hole
! Target value mode is set to Cyclic Antibandwidth
Set parameter WLSAccessID
Set parameter WLSSecret
Set parameter LicenseID to value 2663665
Academic license 2663665 - for non-commercial use only - registered to tu___@vnu.edu.vn
Set parameter OutputFlag to value 1
Set parameter TimeLimit to value 1800
Gurobi Optimizer version 13.0.2 build v13.0.2rc1 (linux64 - "Debian GNU/Linux 12 (bookworm)")

CPU model: AMD EPYC 7B12, instruction set [SSE2|AVX|AVX2]
Thread count: 4 physical cores, 8 logical processors, using up to 8 threads

Non-default parameters:
TimeLimit  1800

Academic license 2663665 - for non-commercial use only - registered to tu___@vnu.edu.vn
Optimize a model with 4045 rows, 660503 columns and 1322155 nonzeros (Min)
Model fingerprint: 0x8934b7d1
Model has 1 linear objective coefficients
Model has 2230 simple general constraints
  906 ABS, 1324 INDICATOR
Variable types: 0 continuous, 660503 integer (658028 binary)
Coefficient statistics:
  Matrix range     [1e+00, 1e+03]
  Objective range  [1e+00, 1e+00]
  Bounds range     [1e+00, 1e+03]
  RHS range        [1e+00, 5e+02]
  GenCon rhs range [1e+00, 1e+00]
  GenCon coe range [1e+00, 1e+00]

Presolve added 1985 rows and 410 columns
Presolve time: 3.21s
Presolved: 6030 rows, 660913 columns, 1329176 nonzeros
Presolved model has 906 SOS constraint(s)
Variable types: 0 continuous, 660913 integer (657532 binary)
Deterministic concurrent LP optimizer: primal simplex, dual simplex, and barrier
Showing barrier log only...

Root barrier log...

Ordering time: 0.00s

Barrier statistics:
 Dense cols : 1
 AA' NZ     : 2.244e+04
 Factor NZ  : 7.680e+04 (roughly 270 MB of memory)
 Factor Ops : 1.111e+06 (less than 1 second per iteration)
 Threads    : 2

                  Objective                Residual
Iter       Primal          Dual         Primal    Dual     Compl     Time
   0   8.49858441e+03 -1.37585139e+05  7.87e+05 1.44e-03  9.04e+01     5s

Barrier performed 0 iterations in 5.26 seconds (7.72 work units)
Barrier solve interrupted - model solved by another algorithm

Concurrent spin time: 0.10s

Solved with dual simplex

Root simplex log...

Iteration    Objective       Primal Inf.    Dual Inf.      Time
     662    4.9400000e+02   0.000000e+00   0.000000e+00      5s

Root relaxation: objective 4.940000e+02, 662 iterations, 1.39 seconds (0.80 work units)

    Nodes    |    Current Node    |     Objective Bounds      |     Work
 Expl Unexpl |  Obj  Depth IntInf | Incumbent    BestBd   Gap | It/Node Time

     0     0  494.00000    0  908          -  494.00000      -     -    5s
     0     0  494.00000    0  908          -  494.00000      -     -   21s
     0     0  494.00000    0  908          -  494.00000      -     -   24s
     0     0  494.00000    0  908          -  494.00000      -     -   26s
     0     0  494.00000    0  908          -  494.00000      -     -   26s
     0     2  494.00000    0  908          -  494.00000      -     -   36s
   113    33  494.00000   28  963          -  494.00000      -   4.8   40s
   341    80  494.00000   94  963          -  494.00000      -   2.8   45s
   587   198  494.00000  143  910          -  494.00000      -   2.4   50s
   962   430  741.00000  186  888          -  494.00000      -   2.8   56s
  1119   554  741.00000  195  897          -  494.00000      -   2.9   61s
  1428   756  741.00000  231  888          -  494.00000      -   2.9   66s
  1645   982  741.00000  251  897          -  494.00000      -   3.2   70s
  1879  1214  741.00000  283  892          -  494.00000      -   3.3   76s
  2168  1509  741.00000  319  915          -  494.00000      -   3.6   80s
  2450  1795  741.00000  353  930          -  494.00000      -   3.7   86s
  2830  2025  989.00000  444  905          -  494.00000      -   3.9   91s
  3051  2191  989.00000  529  905          -  494.00000      -   4.0   95s
  3381  2276  989.00000  623  905          -  494.00000      -   3.9  102s
  3490  2319  989.00000  668  904          -  494.00000      -   3.9  106s
  3630  2323  989.00000  715  904          -  494.00000      -   3.8  111s
  3641  2367  989.00000  720  904          -  494.00000      -   3.8  116s
  3734  2412  989.00000  767  904          -  494.00000      -   3.8  120s
  3829  2459  989.00000  814  904          -  494.00000      -   3.8  125s
  4021  2551  989.00000  908  904          -  494.00000      -   3.7  135s
  4305  2645  989.00000 1002  904          -  494.00000      -   3.7  142s
  4447  2690  989.00000 1049  904          -  494.00000      -   3.6  145s
  4823  2847  989.00000 1135  912          -  494.00000      -   3.5  150s
  5198  2987  742.00000  566    2          -  494.00000      -   3.5  186s
  5200  2988  741.00000  230    2          -  494.00000      -   3.5  203s
  5201  2989  741.00000  324    2          -  494.00000      -   3.5  207s
  5203  2990  741.00000  298    4          -  494.00000      -   3.5  210s
  5204  2991  741.00000  353    4          -  494.00000      -   3.5  218s
  5205  2992  741.00000  209    2          -  494.00000      -   3.5  220s
  5207  2993  742.00000  660    2          -  494.00000      -   3.5  226s
  5208  2994  989.00000  974    2          -  494.00000      -   3.5  230s
  5211  2996  742.00000  542    2          -  494.00000      -   3.5  236s
  5212  2996  742.00000  672    2          -  494.00000      -   3.5  240s
  5213  2997  741.00000  129    2          -  494.00000      -   3.5  253s
  5214  3001  494.00000   14  919          -  494.00000      -   6.5  314s
  5216  3003  494.00000   15  917          -  494.00000      -   6.5  316s
  5238  3006  494.00000   20  917          -  494.00000      -   6.6  320s
  5298  3005  494.00000   29  917          -  494.00000      -   6.6  325s
  5360  3003  494.00000   37  917          -  494.00000      -   6.7  331s
  5422  2999  494.00000   45  917          -  494.00000      -   6.7  335s
  5464  2998  494.00000   51  917          -  494.00000      -   6.8  340s
  5532  3007  494.00000   62  917          -  494.00000      -   6.8  346s
  5585  3010  494.00000   71  917          -  494.00000      -   6.9  350s
  5698  3027  494.00000   91  917          -  494.00000      -   7.0  356s
  5758  3038  912.00000  102  896          -  494.00000      -   7.0  360s
  5834  3069  647.00000  118  908          -  494.00000      -   7.1  365s
  5896  3064  494.00000  128  917          -  494.00000      -   7.2  371s
  5980  3074  870.00000  144  896          -  494.00000      -   7.2  375s
  6065  3086  854.00000  160  896          -  494.00000      -   7.3  380s
  6153  3098  494.00000  174  918          -  494.00000      -   7.5  386s
  6213  3085  986.00000  179  901          -  494.00000      -   7.5  392s
  6308  3080  977.00000  188  901          -  494.00000      -   7.6  397s
  6325  3108  494.00000  190  918          -  494.00000      -   7.7  401s
  6409  3084  966.00000  199  902          -  494.00000      -   7.9  408s
  6415  3118  494.00000  200  918          -  494.00000      -   8.0  410s
  6516  3127  494.00000  211  918          -  494.00000      -   8.1  416s
  6629  3092  941.00000  224  902          -  494.00000      -   8.1  420s
  6775  3077  926.00000  239  902          -  494.00000      -   8.1  428s
  6779  3078  494.00000  240  918          -  494.00000      -   8.2  435s
  6785  3078  494.00000  241  918          -  494.00000      -   8.3  442s
  6791  3078  494.00000  242  918          -  494.00000      -   8.4  446s
  6796  3080  494.00000  243  918          -  494.00000      -   8.5  452s
  6803  3081  494.00000  244  918          -  494.00000      -   8.5  456s
  6811  3079  494.00000  245  918          -  494.00000      -   8.6  461s
  6816  3079  494.00000  246  918          -  494.00000      -   8.6  466s
  6821  3080  494.00000  247  918          -  494.00000      -   8.7  470s
  6833  3079  494.00000  249  918          -  494.00000      -   8.8  480s
  6838  3079  494.00000  250  918          -  494.00000      -   8.9  485s
  6850  3081  494.00000  252  918          -  494.00000      -   9.0  496s
  6856  3080  494.00000  253  918          -  494.00000      -   9.1  502s
  6861  3081  494.00000  254  918          -  494.00000      -   9.2  508s
  6867  3080  494.00000  255  918          -  494.00000      -   9.3  513s
  6872  3082  494.00000  256  918          -  494.00000      -   9.3  517s
  6878  3083  494.00000  257  918          -  494.00000      -   9.4  521s
  6884  3082  494.00000  258  918          -  494.00000      -   9.5  526s
  6889  3084  494.00000  259  918          -  494.00000      -   9.5  555s
  6900  3085  494.00000  261  918          -  494.00000      -   9.6  561s
  6907  3086  494.00000  262  918          -  494.00000      -   9.7  566s
  6913  3085  494.00000  263  918          -  494.00000      -   9.8  571s
  6924  3086  494.00000  265  918          -  494.00000      -   9.9  578s
  6929  3086  494.00000  266  918          -  494.00000      -  10.0  582s
  6935  3086  494.00000  267  918          -  494.00000      -  10.1  586s
  6941  3086  494.00000  268  918          -  494.00000      -  10.2  592s
  6947  3086  494.00000  269  918          -  494.00000      -  10.3  596s
  6958  3088  494.00000  271  918          -  494.00000      -  10.4  602s
  6965  3088  494.00000  272  918          -  494.00000      -  10.5  606s
  6995  3116  494.00000  274  918          -  494.00000      -  10.7  613s
  7110  3080  494.00000  291  918          -  494.00000      -  10.6  616s
  7162  3093  494.00000  295  918          -  494.00000      -  10.7  624s
  7307  3049  494.00000  307  918          -  494.00000      -  10.6  629s
  7335  3053  494.00000  309  918          -  494.00000      -  10.7  634s
  7433  3030  494.00000  314  918          -  494.00000      -  10.7  639s
  7455  3056  494.00000  316  918          -  494.00000      -  10.8  643s
  7599  3012  494.00000  331  924          -  494.00000      -  10.7  648s
  7607  3018  494.00000  332  924          -  494.00000      -  10.8  652s
  7656  3007  494.00000  338  924          -  494.00000      -  10.9  656s
  7694  3012  494.00000  342  924          -  494.00000      -  11.0  661s
  7821  2972  494.00000  351  924          -  494.00000      -  10.9  667s
  7827  2976  494.00000  352  924          -  494.00000      -  11.0  672s
  7838  2976  494.00000  353  924          -  494.00000      -  11.2  678s
  7848  2976  494.00000  354  924          -  494.00000      -  11.3  684s
  7857  3002  494.00000  355  924          -  494.00000      -  11.4  691s
  7916  2985  494.00000  364  924          -  494.00000      -  11.6  697s
  7924  2987  966.00000  364  929          -  494.00000      -  11.7  703s
  7935  2989  494.00000  366  924          -  494.00000      -  11.9  710s
  7947  2989  494.00000  368  924          -  494.00000      -  12.1  716s
  7958  2996  494.00000  370  924          -  494.00000      -  12.3  722s
  7980  3035  956.00000  374  896          -  494.00000      -  12.4  731s
  8056  3012  494.00000  387  924          -  494.00000      -  12.6  737s
  8060  3013  943.00000  387  912          -  494.00000      -  12.7  745s
  8068  3013  494.00000  389  924          -  494.00000      -  12.8  751s
  8076  3014  494.00000  391  924          -  494.00000      -  12.9  759s
  8085  3016  494.00000  393  924          -  494.00000      -  13.0  766s
  8094  3016  494.00000  395  924          -  494.00000      -  13.1  774s
  8103  3016  494.00000  397  924          -  494.00000      -  13.3  781s
  8112  3015  494.00000  399  924          -  494.00000      -  13.4  789s
  8117  3015  931.00000  399  896          -  494.00000      -  13.5  796s
  8122  3015  494.00000  400  924          -  494.00000      -  13.5  804s
  8128  3015  930.00000  400  909          -  494.00000      -  13.7  811s
  8133  3015  494.00000  401  924          -  494.00000      -  13.7  821s
  8141  3016  929.00000  401  909          -  494.00000      -  13.8  833s
  8147  3015  494.00000  402  924          -  494.00000      -  13.9  840s
  8157  3013  928.00000  402  909          -  494.00000      -  14.0  847s
  8163  3012  494.00000  403  924          -  494.00000      -  14.0  853s
  8168  3012  927.00000  403  896          -  494.00000      -  14.1  861s
  8173  3012  494.00000  404  924          -  494.00000      -  14.2  874s
  8179  3011  926.00000  404  896          -  494.00000      -  14.3  880s
  8185  3011  494.00000  405  924          -  494.00000      -  14.3  887s
  8195  3009  925.00000  405  908          -  494.00000      -  14.4  898s
  8200  3010  494.00000  406  924          -  494.00000      -  14.5  904s
  8206  3010  924.00000  406  908          -  494.00000      -  14.6  913s
  8211  3011  494.00000  407  924          -  494.00000      -  14.7  923s
  8223  3012  494.00000  408  924          -  494.00000      -  14.8  932s
  8233  3012  494.00000  410  924          -  494.00000      -  14.9  939s
  8243  3012  494.00000  412  924          -  494.00000      -  15.1  946s
  8258  3013  494.00000  414  924          -  494.00000      -  15.2  953s
  8270  3014  494.00000  416  924          -  494.00000      -  15.3  960s
  8282  3015  494.00000  418  924          -  494.00000      -  15.4  967s
  8295  3016  494.00000  420  924          -  494.00000      -  15.6  974s
  8308  3020  494.00000  422  924          -  494.00000      -  15.7  982s
  8325  3021  494.00000  424  924          -  494.00000      -  15.9  990s
  8338  3024  494.00000  426  924          -  494.00000      -  16.0  997s
  8353  3025  494.00000  428  924          -  494.00000      -  16.2 1006s
  8370  3028  494.00000  430  924          -  494.00000      -  16.3 1014s
  8387  3108  494.00000  432  924          -  494.00000      -  16.5 1019s
  8575  3105  883.00000  455  904          -  494.00000      -  16.3 1027s
  8742  3059  494.00000  474  924          -  494.00000      -  16.3 1034s
  8786  3090  494.00000  479  924          -  494.00000      -  16.4 1041s
  8932  3045  836.00000  502  902          -  494.00000      -  16.4 1050s
  8944  3049  494.00000  505  924          -  494.00000      -  16.5 1059s
  8961  3052  494.00000  508  924          -  494.00000      -  16.7 1068s
  8978  3053  494.00000  511  924          -  494.00000      -  16.8 1077s
  8996  3053  494.00000  514  924          -  494.00000      -  16.9 1086s
  9014  3054  494.00000  517  924          -  494.00000      -  17.1 1095s
  9031  3120  494.00000  520  924          -  494.00000      -  17.2 1107s
  9166  3077  795.00000  543  896          -  494.00000      -  17.2 1125s
  9173  3079  494.00000  544  924          -  494.00000      -  17.3 1139s
  9181  3079  794.00000  544  896          -  494.00000      -  17.3 1150s
  9190  3081  494.00000  545  924          -  494.00000      -  17.5 1164s
  9199  3082  793.00000  545  896          -  494.00000      -  17.6 1172s
H 9209  2565                     988.0000000  494.00000  50.0%  17.7 1193s
  9226  2551  792.00000  546  896  988.00000  494.00000  50.0%  17.9 1204s
  9249  2550  494.00000  548  924  988.00000  494.00000  50.0%  18.1 1215s
  9266  2548  494.00000  550  924  988.00000  494.00000  50.0%  18.3 1224s
  9271  2552  788.00000  550  896  988.00000  494.00000  50.0%  18.4 1235s
  9283  2551  494.00000  551  924  988.00000  494.00000  50.0%  18.4 1247s
  9290  2550  787.00000  551  896  988.00000  494.00000  50.0%  18.5 1259s
  9297  2552  494.00000  552  924  988.00000  494.00000  50.0%  18.6 1275s
  9304  2550  786.00000  552  896  988.00000  494.00000  50.0%  18.6 1286s
  9311  2552  494.00000  553  924  988.00000  494.00000  50.0%  18.7 1299s
  9321  2554  785.00000  553  896  988.00000  494.00000  50.0%  18.8 1310s
  9335  2557  494.00000  555  924  988.00000  494.00000  50.0%  18.9 1323s
  9352  2560  494.00000  558  924  988.00000  494.00000  50.0%  19.1 1336s
  9371  2563  494.00000  562  924  988.00000  494.00000  50.0%  19.3 1350s
  9390  2570  494.00000  566  924  988.00000  494.00000  50.0%  19.4 1363s
  9414  2567  494.00000  571  924  988.00000  494.00000  50.0%  19.6 1372s
  9427  2571  770.00000  572  896  988.00000  494.00000  50.0%  19.8 1382s
  9448  2576  494.00000  576  924  988.00000  494.00000  50.0%  19.9 1393s
  9473  2576  494.00000  581  924  988.00000  494.00000  50.0%  20.1 1404s
  9494  2581  494.00000  585  924  988.00000  494.00000  50.0%  20.3 1415s
  9519  2586  494.00000  590  924  988.00000  494.00000  50.0%  20.4 1426s
  9544  2587  755.00000  595  896  988.00000  494.00000  50.0%  20.6 1438s
  9568  2588  494.00000  601  924  988.00000  494.00000  50.0%  20.8 1449s
  9591  2591  494.00000  606  924  988.00000  494.00000  50.0%  21.0 1461s
  9615  2592  494.00000  611  924  988.00000  494.00000  50.0%  21.2 1472s
  9636  2600  494.00000  615  924  988.00000  494.00000  50.0%  21.3 1483s
  9663  2604  494.00000  622  924  988.00000  494.00000  50.0%  21.5 1494s
  9689  2601  494.00000  628  910  988.00000  494.00000  50.0%  21.8 1507s
  9709  2599  494.00000  632  906  988.00000  494.00000  50.0%  22.0 1519s
  9724  2603  494.00000  635  903  988.00000  494.00000  50.0%  22.4 1530s
  9746  2630  494.00000  638  901  988.00000  494.00000  50.0%  22.6 1543s
  9812  2639  494.00000  641  899  988.00000  494.00000  50.0%  22.6 1554s
  9873  2656  494.00000  644  894  988.00000  494.00000  50.0%  22.8 1566s
  9940  2661  494.00000  648  894  988.00000  494.00000  50.0%  22.9 1578s
  9997  2670  494.00000  652  896  988.00000  494.00000  50.0%  22.9 1601s
 10052  2703 infeasible  654       988.00000  494.00000  50.0%  23.0 1617s
 10134  2721  494.00000  669  876  988.00000  494.00000  50.0%  23.0 1630s
 10206  2745  494.00000  677  876  988.00000  494.00000  50.0%  23.1 1644s
 10281  2765  494.00000  685  876  988.00000  494.00000  50.0%  23.1 1658s
 10352  2827  494.00000  691  876  988.00000  494.00000  50.0%  23.2 1717s
 10470  2864  955.00000  710  869  988.00000  494.00000  50.0%  23.4 1757s
 10572  2839  494.00000  731  876  988.00000  494.00000  50.0%  23.7 1800s

Cutting planes:
  Learned: 10
  Gomory: 3
  Cover: 3882
  Implied bound: 6
  MIR: 3
  StrongCG: 16
  Flow cover: 7
  GUB cover: 3
  Relax-and-lift: 16

Explored 10590 nodes (253314 simplex iterations) in 1800.06 seconds (3450.40 work units)
Thread count was 8 (of 8 available processors)

Solution count 1: 988 

Time limit reached
Best objective 9.880000000000e+02, best bound 4.940000000000e+02, gap 50.0000%
! --------------------------------------------------------
! Status: FEASIBLE (time limit reached)
! Best span = 988
! Labeling: 1 1 1 1 1 1 248 1 1 1 248 1 1 249 1 1 1 1 248 34 1 1 248 248 1 1 1 495 1 1 1 1 1 1 1 1 1 248 1 1 1 248 1 1 760 1 248 1 1 1 1 1 1 1 248 2 1 248 248 248 1 1 1 1 1 1 1 495 495 248 1 1 249 248 248 1 1 1 1 1 1 1 1 1 742 1 1 255 1 495 1 248 1 1 742 359 1 1 1 248 495 248 1 495 248 248 1 742 1 2 1 248 1 1 1 248 495 248 248 248 248 1 248 646 1 495 248 1 742 1 248 495 248 1 248 1 1 1 1 742 2 248 248 1 248 248 1 248 565 495 1 1 1 1 1 1 1 1 495 1 1 1 495 248 1 1 248 248 1 495 248 1 248 1 248 248 248 1 1 1 248 248 742 103 248 1 248 495 1 1 495 1 127 495 248 495 495 1 248 248 1 1 248 3 1 495 1 1 1 248 248 1 248 248 127 248 248 248 1 495 496 1 495 248 248 495 1 1 1 1 742 742 495 495 1 496 255 248 248 248 1 1 504 248 251 1 1 1 1 248 495 248 248 248 248 1 248 1 248 248 248 742 495 1 248 248 502 1 248 496 248 249 248 1 495 1 1 248 248 1 1 1 248 496 1 742 248 248 495 743 495 625 248 248 1 248 248 248 248 248 495 248 495 1 1 248 1 1 743 248 495 248 248 495 495 742 248 1 248 248 742 1 248 495 749 742 248 248 248 495 504 1 495 1 248 248 1 248 248 249 1 248 248 496 248 1 1 742 248 1 257 495 495 248 248 248 1 1 1 248 276 248 495 248 248 495 248 248 248 248 248 1 248 248 248 248 1 248 248 1 248 1 495 742 248 495 495 742 742 742 248 1 248 495 248 742 248 248 495 248 495 1 1 248 495 1 495 248 495 248 495 249 1 1 249 742 248 248 1 495 248 248 248 1 599 495 1 495 248 495 248 248 248 248 1 248 248 495 495 248 1 248 495 742 248 742 248 248 742 1 248 1 495 495 248 1 248 1 1 1 742 1 248 248 504 502 495 1 1 1 742 495 248 248 248 495 248 988 248 248 248 248 248 248 248 1 1 248 1 1 1 248 742 495 248 495 248 495 742 248 248 742 248 1 248 742 1 742 2 495 495 495 495 248 495 248 495 248 495 742 504 495 742 248 248 496 742 1 1 248 495 248 1 1 248 248 248 1 742 248 248 248 1 495 1 248 248 495 1 248 742 502 248 495 1 248 1 742 248 495 1 248 1 495 595 495 1 248 495 1 248 248 248 248 1 1 348 495 742 248 495 495 248 742 248 248 495 249 742 248 248 1 495 248 248 1 495 495 1 248 248 248 495 1 248 1 742 1 248 248 248 495 495 1 1 2 1 742 249 257 248 1 248 742 248 495 248 1 248 248 248 495 495 1 248 248 495 248 742 495 1 495 1 248 495 495 495 248 248 1 248 248 495 248 248 1 495 248 495 495 742 248 
! --------------------------------------------------------
! All verification passed
