! Solving for graph /home/truongxuanhieu/Gurobi-for-MinSpanLabeling/benchmarks/cabp/U-662_bus.mtx.rnd
! Target value is set to 206
! Lower bound is set to 207
! Upper bound is set to 828
! Time limit is set to 1800
! Vertices mode is set to Has hole
! Target value mode is set to Cyclic Antibandwidth
Set parameter WLSAccessID
Set parameter WLSSecret
Set parameter LicenseID to value 2663665
Academic license 2663665 - for non-commercial use only - registered to tu___@vnu.edu.vn
Set parameter OutputFlag to value 1
Set parameter TimeLimit to value 1800
Gurobi Optimizer version 13.0.2 build v13.0.2rc1 (linux64 - "Debian GNU/Linux 12 (bookworm)")

CPU model: AMD EPYC 7B12, instruction set [SSE2|AVX|AVX2]
Thread count: 4 physical cores, 8 logical processors, using up to 8 threads

Non-default parameters:
TimeLimit  1800

Academic license 2663665 - for non-commercial use only - registered to tu___@vnu.edu.vn
Optimize a model with 4045 rows, 551273 columns and 1103695 nonzeros (Min)
Model fingerprint: 0xc584ba8a
Model has 1 linear objective coefficients
Model has 2230 simple general constraints
  906 ABS, 1324 INDICATOR
Variable types: 0 continuous, 551273 integer (548798 binary)
Coefficient statistics:
  Matrix range     [1e+00, 8e+02]
  Objective range  [1e+00, 1e+00]
  Bounds range     [1e+00, 8e+02]
  RHS range        [1e+00, 4e+02]
  GenCon rhs range [1e+00, 1e+00]
  GenCon coe range [1e+00, 1e+00]

Presolve added 1985 rows and 492 columns
Presolve time: 2.71s
Presolved: 6030 rows, 551765 columns, 1110880 nonzeros
Presolved model has 906 SOS constraint(s)
Variable types: 0 continuous, 551765 integer (548384 binary)
Deterministic concurrent LP optimizer: primal simplex, dual simplex, and barrier
Showing barrier log only...

Root barrier log...

Ordering time: 0.00s

Barrier statistics:
 Dense cols : 1
 AA' NZ     : 2.244e+04
 Factor NZ  : 7.680e+04 (roughly 220 MB of memory)
 Factor Ops : 1.111e+06 (less than 1 second per iteration)
 Threads    : 2

                  Objective                Residual
Iter       Primal          Dual         Primal    Dual     Compl     Time
   0   7.79509226e+03 -1.15972975e+05  6.02e+05 1.44e-03  8.39e+01     4s

Barrier performed 0 iterations in 4.45 seconds (6.53 work units)
Barrier solve interrupted - model solved by another algorithm

Concurrent spin time: 0.09s

Solved with dual simplex

Root relaxation: objective 4.120000e+02, 662 iterations, 1.11 seconds (0.66 work units)

    Nodes    |    Current Node    |     Objective Bounds      |     Work
 Expl Unexpl |  Obj  Depth IntInf | Incumbent    BestBd   Gap | It/Node Time

     0     0  412.00000    0  908          -  412.00000      -     -    4s
     0     0  412.00000    0  908          -  412.00000      -     -   17s
     0     0  412.00000    0  908          -  412.00000      -     -   19s
     0     0  412.00000    0  908          -  412.00000      -     -   20s
     0     0  412.00000    0  908          -  412.00000      -     -   21s
     0     2  412.00000    0  908          -  412.00000      -     -   29s
     1     3  412.00000    1  901          -  412.00000      -   4.0   30s
   248    12  412.00000   62  963          -  412.00000      -   1.8   35s
   558    28  412.00000  135  916          -  412.00000      -   1.4   40s
   801   138  618.00000  158  900          -  412.00000      -   1.7   45s
   984   244  618.00000  179  885          -  412.00000      -   2.2   50s
  1329   527  618.00000  216  889          -  412.00000      -   2.5   55s
  1409   610  618.00000  225  892          -  412.00000      -   2.5   60s
  1897  1111  618.00000  284  898          -  412.00000      -   3.0   65s
  2260  1488  618.00000  328  916          -  412.00000      -   3.4   71s
  2706  1925  825.00000  385  912          -  412.00000      -   3.7   76s
  2990  2139  825.00000  442  923          -  412.00000      -   3.9   80s
  3425  2445  825.00000  576  923          -  412.00000      -   4.0   85s
  3900  2724  825.00000  682  925          -  412.00000      -   4.1   90s
  4230  3210  825.00000  725  913          -  412.00000      -   4.2   96s
  4585  3463  825.00000  807  932          -  412.00000      -   4.1  101s
  4967  3645  825.00000  921  932          -  412.00000      -   4.1  106s
  5021  3738  825.00000  922  932          -  412.00000      -   4.1  111s
  5116  3739  618.00000  379    2          -  412.00000      -   4.2  132s
  5118  3740  619.00000  562    2          -  412.00000      -   4.2  147s
  5119  3741  825.00000  812    2          -  412.00000      -   4.2  150s
  5122  3743  619.00000  563    2          -  412.00000      -   4.2  157s
  5124  3744  825.00000  866    2          -  412.00000      -   4.2  163s
  5126  3746  825.00000  449    5          -  412.00000      -   4.2  166s
  5129  3748  825.00000  699    6          -  412.00000      -   4.2  171s
  5131  3749  825.00000  513    6          -  412.00000      -   4.2  184s
  5132  3753  412.00000   16  909          -  412.00000      -   5.4  185s
  5134  3756  412.00000   17  920          -  412.00000      -   5.4  226s
  5251  3737  412.00000   42  920          -  412.00000      -   5.4  230s
  5442  3673  412.00000   93  920          -  412.00000      -   5.3  235s
  5649  3604  412.00000  148  920          -  412.00000      -   5.2  240s
  5886  3530  412.00000  213  920          -  412.00000      -   5.0  245s
  6065  3490  412.00000  272  918          -  412.00000      -   4.9  250s
  6218  3454  412.00000  323  918          -  412.00000      -   4.9  256s
  6299  3436  412.00000  343  916          -  412.00000      -   4.9  262s
  6310  3438  413.00000  344  919          -  412.00000      -   5.1  267s
  6395  3417  412.00000  366  912          -  412.00000      -   5.2  270s
  6403  3423  412.00000  367  912          -  412.00000      -   5.3  275s
  6418  3418  412.00000  368  910          -  412.00000      -   5.3  280s
  6428  3423  412.00000  370  906          -  412.00000      -   5.5  289s
  6436  3423  412.00000  371  905          -  412.00000      -   5.6  292s
  6441  3423  412.00000  372  909          -  412.00000      -   5.7  296s
  6445  3426  412.00000  373  909          -  412.00000      -   5.7  302s
  6452  3431  412.00000  375  909          -  412.00000      -   5.8  307s
  6461  3434  412.00000  377  909          -  412.00000      -   6.0  312s
  6468  3434  412.00000  378  909          -  412.00000      -   6.2  317s
  6474  3436  412.00000  379  909          -  412.00000      -   6.4  322s
  6480  3451  412.00000  380  909          -  412.00000      -   6.5  326s
  6499  3448  412.00000  387  909          -  412.00000      -   6.6  330s
  6507  3452  412.00000  388  908          -  412.00000      -   6.8  340s
  6520  3454  413.00000  390  896          -  412.00000      -   7.1  346s
  6537  3455  412.00000  391  902          -  412.00000      -   7.4  352s
  6543  3457  412.00000  392  900          -  412.00000      -   7.5  355s
  6557  3460  412.00000  394  899          -  412.00000      -   7.8  361s
  6570  3475  412.00000  396  897          -  412.00000      -   8.1  370s
  6698  3437  412.00000  431  895          -  412.00000      -   8.0  376s
  6709  3439  412.00000  432  893          -  412.00000      -   8.2  381s
  6722  3451  412.00000  434  893          -  412.00000      -   8.4  386s
H 6775  3227                     828.0000000  412.00000  50.2%   8.4  390s
  6786  3226  412.00000  437  889  828.00000  412.00000  50.2%   8.6  397s
  6794  3229  412.00000  438  887  828.00000  412.00000  50.2%   8.7  402s
  6802  3229  412.00000  439  886  828.00000  412.00000  50.2%   9.0  405s
  6820  3234  412.00000  441  885  828.00000  412.00000  50.2%   9.1  411s
  6831  3229  412.00000  443  884  828.00000  412.00000  50.2%   9.2  418s
H 6832  3050                     826.0000000  412.00000  50.1%   9.2  418s
H 6833  2881                     825.0000000  412.00000  50.1%   9.3  418s
  6835  2883  412.00000  444  882  825.00000  412.00000  50.1%   9.3  422s
  6839  2878  412.00000  445  853  825.00000  412.00000  50.1%   9.4  428s
  6843  2875  412.00000  445  853  825.00000  412.00000  50.1%   9.7  436s
  6847  2873  412.00000  446  853  825.00000  412.00000  50.1%   9.7  442s
  6851  2874  412.00000  447  853  825.00000  412.00000  50.1%   9.7  445s
  6855  2869  414.00000  447  842  825.00000  412.00000  50.1%   9.7  451s
  6859  2870  412.00000  448  853  825.00000  412.00000  50.1%   9.8  456s
  6863  2871  412.00000  448  853  825.00000  412.00000  50.1%   9.8  463s
  6867  2873  412.00000  449  853  825.00000  412.00000  50.1%   9.8  467s
  6871  2874  413.00000  449  850  825.00000  412.00000  50.1%   9.8  472s
  6875  2875  412.00000  450  853  825.00000  412.00000  50.1%   9.9  478s
  6879  2874  412.00000  450  853  825.00000  412.00000  50.1%   9.9  484s
  6883  2876  412.00000  451  853  825.00000  412.00000  50.1%  10.0  489s
  6887  2877  412.00000  452  851  825.00000  412.00000  50.1%  10.0  495s
  6891  2877  412.00000  453  856  825.00000  412.00000  50.1%  10.0  500s
  6895  2877  412.00000  453  851  825.00000  412.00000  50.1%  10.1  506s
  6899  2879  412.00000  454  851  825.00000  412.00000  50.1%  10.1  510s
  6903  2879  412.00000  455  849  825.00000  412.00000  50.1%  10.1  517s
  6907  2880  412.00000  456  849  825.00000  412.00000  50.1%  10.3  523s
  6911  2881  412.00000  456  849  825.00000  412.00000  50.1%  10.4  528s
  6915  2881  412.00000  457  849  825.00000  412.00000  50.1%  10.4  533s
  6919  2881  412.00000  458  847  825.00000  412.00000  50.1%  10.4  539s
  6923  2882  412.00000  459  847  825.00000  412.00000  50.1%  10.5  544s
  6927  2882  412.00000  459  847  825.00000  412.00000  50.1%  10.5  551s
  6931  2883  412.00000  460  847  825.00000  412.00000  50.1%  10.5  558s
  6935  2884  412.00000  461  845  825.00000  412.00000  50.1%  10.6  562s
  6939  2884  412.00000  462  845  825.00000  412.00000  50.1%  10.6  568s
  6943  2885  412.00000  462  844  825.00000  412.00000  50.1%  10.6  574s
  6947  2886  412.00000  463  845  825.00000  412.00000  50.1%  10.7  577s
  6951  2886  412.00000  464  843  825.00000  412.00000  50.1%  10.7  581s
  6960  2887  412.00000  466  839  825.00000  412.00000  50.1%  10.8  588s
  6964  2889  412.00000  467  837  825.00000  412.00000  50.1%  10.8  592s
  6969  2898  412.00000  468  841  825.00000  412.00000  50.1%  10.9  597s
  6983  2898  412.00000  469  841  825.00000  412.00000  50.1%  11.0  601s
  6989  2902  412.00000  470  837  825.00000  412.00000  50.1%  11.0  606s
  6999  2922  413.00000  473  837  825.00000  412.00000  50.1%  11.0  610s
  7025  2931  413.00000  474  835  825.00000  412.00000  50.1%  11.1  617s
  7044  2928  413.00000  476  835  825.00000  412.00000  50.1%  11.2  621s
  7049  2931  413.00000  477  835  825.00000  412.00000  50.1%  11.2  626s
  7054  2932  413.00000  478  835  825.00000  412.00000  50.1%  11.3  631s
  7060  2934  413.00000  479  835  825.00000  412.00000  50.1%  11.3  636s
  7067  2935  819.00000  480  841  825.00000  412.00000  50.1%  11.4  641s
  7073  2936  818.00000  481  841  825.00000  412.00000  50.1%  11.5  645s
  7078  2939  413.00000  482  835  825.00000  412.00000  50.1%  11.5  651s
  7087  2945  413.00000  484  835  825.00000  412.00000  50.1%  11.6  656s
  7098  2968  413.00000  487  835  825.00000  412.00000  50.1%  11.6  660s
  7158  3007  413.00000  513  835  825.00000  412.00000  50.1%  11.8  668s
  7190  3029  413.00000  527  835  825.00000  412.00000  50.1%  11.8  672s
  7223  3050  758.00000  541  839  825.00000  412.00000  50.1%  11.9  678s
  7258  3090  413.00000  556  835  825.00000  412.00000  50.1%  12.0  683s
  7313  3144  731.00000  568  839  825.00000  412.00000  50.1%  12.1  688s
  7387  3192  413.00000  585  835  825.00000  412.00000  50.1%  12.2  695s
  7463  3192  698.00000  601  839  825.00000  412.00000  50.1%  12.3  700s
  7493  3222  413.00000  613  835  825.00000  412.00000  50.1%  12.4  706s
  7536  3259  413.00000  631  835  825.00000  412.00000  50.1%  12.5  712s
H 7590  3055                     824.0000000  412.00000  50.0%  12.6  712s
  7591  3120  413.00000  650  835  824.00000  412.00000  50.0%  12.6  718s
  7660  3116  413.00000  676  835  824.00000  412.00000  50.0%  12.7  724s
  7683  3113  413.00000  679  837  824.00000  412.00000  50.0%  12.8  730s
  7694  3141  413.00000  680  837  824.00000  412.00000  50.0%  12.9  736s
  7747  3204  413.00000  698  835  824.00000  412.00000  50.0%  13.0  742s
  7860  3268  574.00000  726  842  824.00000  412.00000  50.0%  13.0  747s
  7994  3309  413.00000  755  835  824.00000  412.00000  50.0%  13.0  754s
  8112  3345  517.00000  783  842  824.00000  412.00000  50.0%  13.0  762s
  8221  3413  413.00000  812  835  824.00000  412.00000  50.0%  13.0  769s
  8357  3453  460.00000  840  842  824.00000  412.00000  50.0%  13.1  777s
  8475  3491  413.00000  869  835  824.00000  412.00000  50.0%  13.1  784s
  8586  3533  590.00000  897  840  824.00000  412.00000  50.0%  13.2  791s
  8696  3569  413.00000  926  835  824.00000  412.00000  50.0%  13.2  799s
  8800  3604  533.00000  954  840  824.00000  412.00000  50.0%  13.3  805s
  8901  3659  413.00000  983  835  824.00000  412.00000  50.0%  13.4  813s
  9019  3725  476.00000 1011  842  824.00000  412.00000  50.0%  13.4  821s
  9155  3756  413.00000 1040  835  824.00000  412.00000  50.0%  13.6  829s
  9261  3790  425.00000 1068  842  824.00000  412.00000  50.0%  13.7  838s
  9365  3821  619.00000 1095  837  824.00000  412.00000  50.0%  13.8  847s
  9436  3845  619.00000 1099  830  824.00000  412.00000  50.0%  14.0  856s
  9490  3890  619.00000 1103  831  824.00000  412.00000  50.0%  14.1  866s
  9558  3950  619.00000 1107  827  824.00000  412.00000  50.0%  14.2  877s
  9647  4010  619.00000 1110  825  824.00000  412.00000  50.0%  14.4  886s
  9742  4050  619.00000 1114  820  824.00000  412.00000  50.0%  14.4  895s
  9824  4053  619.00000 1118  819  824.00000  412.00000  50.0%  14.6  905s
  9860  4066  619.00000 1121  817  824.00000  412.00000  50.0%  14.7  916s
  9897  4062  619.00000 1126  813  824.00000  412.00000  50.0%  14.9  927s
  9918  4070  619.00000 1130  811  824.00000  412.00000  50.0%  15.0  939s
  9947  4074  619.00000 1135  803  824.00000  412.00000  50.0%  15.2  951s
  9975  4080  619.00000 1140  806  824.00000  412.00000  50.0%  15.4  962s
 10004  4137  619.00000 1145  806  824.00000  412.00000  50.0%  15.6  974s
 10083  4149  619.00000 1150  807  824.00000  412.00000  50.0%  15.9  988s
 10137  4194  619.00000 1155  805  824.00000  412.00000  50.0%  16.1  999s
 10208  4225  619.00000 1159  807  824.00000  412.00000  50.0%  16.1 1013s
 10325  4257  619.00000 1216  807  824.00000  412.00000  50.0%  16.1 1060s
 10460  4330  619.00000 1269  805  824.00000  412.00000  50.0%  16.2 1094s
 10634  4275  619.00000 1283  801  824.00000  412.00000  50.0%  16.5 1137s
 10638  4421  619.00000 1284  799  824.00000  412.00000  50.0%  16.5 1177s
 10834  4520  619.00000 1314  802  824.00000  412.00000  50.0%  16.8 1209s
 11041  4582  769.00000 1342  806  824.00000  412.00000  50.0%  16.9 1232s
 11237  4656  619.00000 1371  802  824.00000  412.00000  50.0%  17.0 1253s
 11439  4692  716.00000 1399  806  824.00000  412.00000  50.0%  16.9 1272s
 11626  4735  619.00000 1428  802  824.00000  412.00000  50.0%  17.0 1288s
 11811  4775  781.00000 1456  803  824.00000  412.00000  50.0%  17.0 1303s
 11994  4813  619.00000 1485  802  824.00000  412.00000  50.0%  17.0 1318s
 12177  4827  743.00000 1513  805  824.00000  412.00000  50.0%  17.0 1334s
 12326  4851  619.00000 1542  802  824.00000  412.00000  50.0%  17.1 1348s
 12463  4897  703.00000 1570  805  824.00000  412.00000  50.0%  17.2 1364s
 12620  4968  619.00000 1599  802  824.00000  412.00000  50.0%  17.3 1379s
 12803  5025  654.00000 1627  805  824.00000  412.00000  50.0%  17.3 1393s
 12984  5054  619.00000 1656  802  824.00000  412.00000  50.0%  17.2 1408s
 13120  5033  625.00000 1684  804  824.00000  412.00000  50.0%  17.2 1430s
 13170  5029  619.00000 1700  799  824.00000  412.00000  50.0%  17.4 1448s
 13199  5088  619.00000 1706  792  824.00000  412.00000  50.0%  17.6 1465s
 13282  5129  619.00000 1712  789  824.00000  412.00000  50.0%  17.7 1482s
 13369  5121  619.00000 1718  791  824.00000  412.00000  50.0%  17.9 1499s
 13414  5125  619.00000 1725  790  824.00000  412.00000  50.0%  18.2 1517s
 13456  5133  619.00000 1731  787  824.00000  412.00000  50.0%  18.5 1535s
 13501  5188  619.00000 1738  782  824.00000  412.00000  50.0%  18.8 1552s
 13588  5217  619.00000 1744  779  824.00000  412.00000  50.0%  19.0 1573s
 13648  5247  619.00000 1745  779  824.00000  412.00000  50.0%  19.0 1598s
 13707  5250  619.00000 1745  779  824.00000  412.00000  50.0%  19.0 1619s
 13750  5255  619.00000 1746  779  824.00000  412.00000  50.0%  19.3 1642s
 13784  5260  619.00000 1748  779  824.00000  412.00000  50.0%  19.5 1662s
 13823  5265  619.00000 1755  779  824.00000  412.00000  50.0%  19.9 1684s
 13870  5267  619.00000 1763  784  824.00000  412.00000  50.0%  20.4 1705s
 13910  5271  619.00000 1767  791  824.00000  412.00000  50.0%  20.8 1728s
 13954  5274  619.00000 1774  785  824.00000  412.00000  50.0%  21.3 1750s
 13995  5286  619.00000 1780  787  824.00000  412.00000  50.0%  21.7 1770s
 14040  5322  823.00000 1785  782  824.00000  412.00000  50.0%  22.0 1791s
 14137  5350  619.00000 1814  786  824.00000  412.00000  50.0%  22.3 1800s

Cutting planes:
  Learned: 6
  Gomory: 2
  Cover: 3910
  Implied bound: 3
  StrongCG: 9
  Flow cover: 4
  GUB cover: 7
  Relax-and-lift: 19

Explored 14211 nodes (318851 simplex iterations) in 1800.05 seconds (3543.20 work units)
Thread count was 8 (of 8 available processors)

Solution count 4: 824 825 826 828 

Time limit reached
Best objective 8.240000000000e+02, best bound 4.120000000000e+02, gap 50.0000%
! --------------------------------------------------------
! Status: FEASIBLE (time limit reached)
! Best span = 824
! Labeling: 1 222 1 1 1 1 255 1 1 1 619 1 1 1 1 1 1 1 1 1 1 1 207 413 1 1 4 1 1 824 1 1 1 19 1 1 1 1 1 207 1 1 1 1 413 1 1 1 1 1 1 1 1 1 1 1 1 1 1 619 1 1 1 55 1 1 1 207 17 207 1 1 619 207 207 1 1 1 1 1 1 1 1 1 413 1 1 1 1 413 1 207 1 1 207 207 1 1 1 1 413 1 1 207 207 207 1 413 5 1 1 1 1 1 1 207 413 1 207 1 1 1 3 413 1 209 1 1 413 1 1 207 413 207 413 1 1 1 1 619 1 413 619 1 207 207 1 207 619 207 1 1 1 1 1 1 1 1 207 1 1 1 207 1 1 1 207 413 1 619 413 1 1 3 413 462 619 1 1 1 207 207 207 1 207 1 207 207 1 1 413 1 1 207 1 207 207 1 207 207 1 1 207 1 1 207 1 1 40 207 413 1 1 1 613 207 1 207 1 207 412 1 1 207 207 207 1 1 1 1 413 619 619 207 1 3 1 207 207 207 1 1 415 207 413 256 1 1 1 207 207 619 619 610 207 1 207 1 207 207 619 207 207 1 413 207 211 1 1 207 207 413 413 1 413 1 1 207 413 1 1 1 16 1 1 207 207 207 413 619 413 467 413 1 1 613 207 1 207 207 413 207 413 1 1 207 1 1 618 207 207 207 207 413 413 207 207 1 1 413 619 1 207 207 417 207 207 1 1 413 207 1 619 1 413 413 1 413 207 417 1 207 207 211 207 1 1 207 1 1 1 207 413 1 207 619 1 1 1 1 207 207 207 209 207 207 261 619 207 225 207 1 209 1 1 619 1 207 207 1 619 1 207 413 613 413 207 1 1 207 207 1 207 207 207 413 413 207 207 413 207 1 1 207 207 1 413 1 1 207 207 5 1 413 413 428 1 207 1 207 1 207 207 1 207 207 1 414 207 413 207 207 225 207 1 1 413 207 207 207 222 207 207 413 413 619 618 207 207 1 513 413 207 207 413 1 207 1 1 1 207 1 413 207 207 413 207 1 413 207 207 207 207 207 207 413 823 1 1 413 207 618 616 207 413 1 1 207 1 413 1 207 513 207 1 207 207 207 207 619 413 207 207 1 1 207 1 207 1 207 413 207 207 413 413 207 413 1 207 413 207 421 207 413 207 207 619 1 1 207 413 207 1 207 1 513 413 207 207 513 207 207 207 207 1 207 207 413 1 1 619 413 413 207 1 413 1 413 619 513 207 207 1 207 413 207 1 618 413 1 207 413 207 207 1 1 207 1 618 207 413 413 413 207 207 413 207 207 207 207 207 413 207 207 441 207 431 1 207 413 207 207 413 1 207 1 415 1 413 413 207 207 461 1 1 1 823 413 1 621 619 1 1 415 413 207 207 1 207 207 207 619 413 1 207 207 413 207 222 207 1 413 1 1 413 207 413 619 413 619 207 619 207 207 1 413 207 413 207 207 207 207 
! --------------------------------------------------------
! All verification passed
