! Solving for graph /home/truongxuanhieu/Gurobi-for-MinSpanLabeling/benchmarks/cabp/W-685_bus.mtx.rnd
! Target value is set to 142
! Lower bound is set to 143
! Upper bound is set to 857
! Time limit is set to 1800
! Vertices mode is set to Has hole
! Target value mode is set to Cyclic Antibandwidth
Set parameter WLSAccessID
Set parameter WLSSecret
Set parameter LicenseID to value 2663665
Academic license 2663665 - for non-commercial use only - registered to tu___@vnu.edu.vn
Set parameter OutputFlag to value 1
Set parameter TimeLimit to value 1800
Gurobi Optimizer version 13.0.2 build v13.0.2rc1 (linux64 - "Debian GNU/Linux 12 (bookworm)")

CPU model: AMD EPYC 7B12, instruction set [SSE2|AVX|AVX2]
Thread count: 4 physical cores, 8 logical processors, using up to 8 threads

Non-default parameters:
TimeLimit  1800

Academic license 2663665 - for non-commercial use only - registered to tu___@vnu.edu.vn
Optimize a model with 5219 rows, 590980 columns and 1183838 nonzeros (Min)
Model fingerprint: 0x118aaac6
Model has 1 linear objective coefficients
Model has 2652 simple general constraints
  1282 ABS, 1370 INDICATOR
Variable types: 0 continuous, 590980 integer (587730 binary)
Coefficient statistics:
  Matrix range     [1e+00, 9e+02]
  Objective range  [1e+00, 1e+00]
  Bounds range     [1e+00, 9e+02]
  RHS range        [1e+00, 4e+02]
  GenCon rhs range [1e+00, 1e+00]
  GenCon coe range [1e+00, 1e+00]

Presolve added 2054 rows and 854 columns
Presolve time: 2.87s
Presolved: 7273 rows, 591834 columns, 1192307 nonzeros
Presolved model has 1282 SOS constraint(s)
Variable types: 0 continuous, 591834 integer (587302 binary)
Deterministic concurrent LP optimizer: primal simplex, dual simplex, and barrier
Showing barrier log only...

Root barrier log...

Ordering time: 0.00s

Barrier statistics:
 Dense cols : 1
 AA' NZ     : 2.959e+04
 Factor NZ  : 9.612e+04 (roughly 240 MB of memory)
 Factor Ops : 1.510e+06 (less than 1 second per iteration)
 Threads    : 2

                  Objective                Residual
Iter       Primal          Dual         Primal    Dual     Compl     Time
   0   1.01501293e+04 -1.68666806e+05  8.22e+05 1.46e-03  1.04e+02     5s

Barrier performed 0 iterations in 4.60 seconds (7.06 work units)
Barrier solve interrupted - model solved by another algorithm

Concurrent spin time: 0.09s

Solved with dual simplex

Root relaxation: objective 2.840000e+02, 685 iterations, 1.12 seconds (0.70 work units)

    Nodes    |    Current Node    |     Objective Bounds      |     Work
 Expl Unexpl |  Obj  Depth IntInf | Incumbent    BestBd   Gap | It/Node Time

     0     0  284.00000    0 1284          -  284.00000      -     -    4s
     0     0  284.00000    0 1284          -  284.00000      -     -   15s
     0     0  284.00000    0 1285          -  284.00000      -     -   17s
     0     0  284.00000    0 1296          -  284.00000      -     -   18s
     0     0  284.00000    0 1283          -  284.00000      -     -   19s
     0     0  284.00000    0 1283          -  284.00000      -     -   20s
     0     2  284.00000    0 1283          -  284.00000      -     -   28s
    30     8  284.00000    9 1274          -  284.00000      -   3.9   30s
   289     8  284.00000   69 1274          -  284.00000      -   1.3   35s
   545    22  284.00000  125 1274          -  284.00000      -   1.4   40s
   811   135  568.00000  165 1263          -  284.00000      -   1.8   45s
  1110   314  568.00000  202 1250          -  284.00000      -   1.9   50s
  1395   533  568.00000  236 1251          -  284.00000      -   2.5   56s
  1611   838  568.00000  259 1224          -  284.00000      -   2.8   60s
  2022  1253  568.00000  310 1184          -  284.00000      -   3.5   65s
  2441  1692  853.00000  365 1182          -  284.00000      -   4.1   71s
  2848  2028  853.00000  416 1175          -  284.00000      -   4.3   77s
  2908  2103  853.00000  417 1173          -  284.00000      -   4.3   82s
  2983  2197  853.00000  417 1173          -  284.00000      -   4.3   87s
  3077  2201  853.00000  424 1173          -  284.00000      -   4.4   92s
  3081  2328  853.00000  424 1176          -  284.00000      -   4.4   98s
  3208  2462  853.00000  446 1156          -  284.00000      -   4.5  103s
  3342  2602  853.00000  468 1155          -  284.00000      -   4.6  108s
  3482  2742  853.00000  492 1131          -  284.00000      -   4.8  112s
  3842  2915  853.00000  547 1117          -  284.00000      -   4.9  116s
  4181  3002  853.00000  611 1117          -  284.00000      -   4.7  121s
  4605  3036  853.00000  711 1118          -  284.00000      -   4.5  125s
  5029  3244  853.00000  817 1118          -  284.00000      -   4.3  130s
  5242  3245  852.00000  642    2          -  284.00000      -   4.2  154s
  5243  3246  853.00000  482    2          -  284.00000      -   4.2  155s
  5244  3246  710.00000  551    2          -  284.00000      -   4.2  160s
  5245  3247  568.00000  199    7          -  284.00000      -   4.2  173s
  5246  3248  568.00000  270    2          -  284.00000      -   4.2  175s
  5249  3250  710.00000  467    0          -  284.00000      -   4.2  191s
  5250  3253  284.00000   15 1267          -  284.00000      -   4.4  228s
  5292  3242  427.00000   23 1292          -  284.00000      -   4.4  230s
  5427  3197  427.00000   41 1292          -  284.00000      -   4.4  235s
  5598  3140  427.00000   63 1292          -  284.00000      -   4.3  240s
  5765  3089  427.00000   85 1292          -  284.00000      -   4.3  245s
  5974  3018  427.00000  111 1292          -  284.00000      -   4.3  250s
  6184  2952  427.00000  138 1290          -  284.00000      -   4.2  255s
  6251  2952  427.00000  147 1265          -  284.00000      -   4.4  260s
  6327  2939  427.00000  165 1261          -  284.00000      -   4.5  265s
  6387  2946 infeasible  177               -  284.00000      -   4.6  270s
  6477  2937  285.00000  177 1274          -  284.00000      -   4.8  278s
  6547  2950  422.00000  184 1263          -  284.00000      -   5.0  282s
  6645  2962  423.00000  193 1262          -  284.00000      -   5.2  286s
  6655  3008  285.00000  195 1274          -  284.00000      -   5.4  291s
  6756  2979  414.00000  204 1263          -  284.00000      -   5.4  296s
  6760  2982  285.00000  205 1274          -  284.00000      -   5.5  301s
  6880  2998  410.00000  216 1263          -  284.00000      -   5.8  307s
  6885  3001  285.00000  217 1274          -  284.00000      -   5.9  310s
  7014  3026  411.00000  229 1262          -  284.00000      -   6.3  317s
  7135  3049  285.00000  241 1274          -  284.00000      -   6.4  321s
  7140  3051  407.00000  241 1262          -  284.00000      -   6.5  325s
  7154  3139  285.00000  243 1274          -  284.00000      -   6.6  330s
  7276  3105  390.00000  256 1263          -  284.00000      -   6.9  336s
  7289  3181  285.00000  258 1274          -  284.00000      -   7.1  343s
  7434  3135  372.00000  274 1263          -  284.00000      -   7.2  346s
  7448  3223  285.00000  276 1274          -  284.00000      -   7.4  353s
  7598  3174  353.00000  293 1265          -  284.00000      -   7.5  360s
  7604  3174  285.00000  294 1274          -  284.00000      -   7.6  367s
  7611  3172  285.00000  295 1274          -  284.00000      -   7.7  372s
  7617  3173  285.00000  296 1274          -  284.00000      -   7.8  377s
  7623  3174  285.00000  297 1274          -  284.00000      -   7.9  381s
  7628  3177  285.00000  298 1274          -  284.00000      -   7.9  386s
  7634  3178  285.00000  299 1274          -  284.00000      -   8.0  391s
  7639  3180  285.00000  300 1274          -  284.00000      -   8.2  397s
  7646  3181  285.00000  301 1274          -  284.00000      -   8.3  402s
  7652  3183  285.00000  302 1274          -  284.00000      -   8.4  406s
  7664  3185  285.00000  304 1274          -  284.00000      -   8.6  414s
  7670  3187  285.00000  305 1274          -  284.00000      -   8.7  418s
  7674  3186  402.00000  305 1263          -  284.00000      -   8.8  424s
  7678  3188  285.00000  306 1274          -  284.00000      -   8.9  435s
H 7680  2998                     852.0000000  284.00000  66.7%   8.9  435s
  7691  3027  285.00000  308 1274  852.00000  284.00000  66.7%   9.0  443s
  7729  3051  285.00000  309 1274  852.00000  284.00000  66.7%   9.1  446s
  7769  3055  285.00000  310 1274  852.00000  284.00000  66.7%   9.3  450s
  7798  3050  285.00000  312 1274  852.00000  284.00000  66.7%   9.5  458s
  7805  3050  285.00000  313 1274  852.00000  284.00000  66.7%   9.6  462s
  7811  3051  285.00000  314 1274  852.00000  284.00000  66.7%   9.7  466s
  7815  3051  394.00000  314 1263  852.00000  284.00000  66.7%   9.8  472s
  7819  3051  285.00000  315 1274  852.00000  284.00000  66.7%   9.8  478s
  7823  3052  393.00000  315 1263  852.00000  284.00000  66.7%   9.9  486s
  7827  3051  285.00000  316 1274  852.00000  284.00000  66.7%   9.9  492s
  7832  3050  392.00000  316 1263  852.00000  284.00000  66.7%  10.0  500s
  7836  3051  285.00000  317 1274  852.00000  284.00000  66.7%  10.0  506s
  7840  3051  391.00000  317 1263  852.00000  284.00000  66.7%  10.1  513s
  7844  3051  285.00000  318 1274  852.00000  284.00000  66.7%  10.2  520s
  7848  3051  390.00000  318 1263  852.00000  284.00000  66.7%  10.3  526s
  7852  3054  285.00000  319 1274  852.00000  284.00000  66.7%  10.3  532s
  7857  3052  389.00000  319 1263  852.00000  284.00000  66.7%  10.4  538s
  7861  3054  285.00000  320 1274  852.00000  284.00000  66.7%  10.5  544s
  7866  3051  388.00000  320 1265  852.00000  284.00000  66.7%  10.6  552s
  7871  3054  285.00000  321 1274  852.00000  284.00000  66.7%  10.7  557s
  7875  3054  387.00000  321 1265  852.00000  284.00000  66.7%  10.8  565s
  7880  3053  285.00000  322 1274  852.00000  284.00000  66.7%  10.9  570s
  7885  3052  386.00000  322 1265  852.00000  284.00000  66.7%  11.0  577s
  7889  3054  285.00000  323 1274  852.00000  284.00000  66.7%  11.1  585s
  7894  3052  385.00000  323 1265  852.00000  284.00000  66.7%  11.3  592s
  7898  3054  285.00000  324 1274  852.00000  284.00000  66.7%  11.3  597s
  7903  3054  384.00000  324 1265  852.00000  284.00000  66.7%  11.4  604s
  7907  3056  285.00000  325 1274  852.00000  284.00000  66.7%  11.4  610s
  7913  3054  383.00000  325 1265  852.00000  284.00000  66.7%  11.5  616s
  7917  3054  285.00000  326 1274  852.00000  284.00000  66.7%  11.6  623s
  7921  3055  382.00000  326 1265  852.00000  284.00000  66.7%  11.6  628s
  7926  3054  285.00000  327 1274  852.00000  284.00000  66.7%  11.7  635s
  7930  3055  381.00000  327 1265  852.00000  284.00000  66.7%  11.8  641s
  7934  3057  285.00000  328 1274  852.00000  284.00000  66.7%  11.8  649s
  7938  3056  380.00000  328 1265  852.00000  284.00000  66.7%  11.9  657s
  7942  3057  285.00000  329 1274  852.00000  284.00000  66.7%  12.0  664s
  7946  3057  379.00000  329 1265  852.00000  284.00000  66.7%  12.0  672s
  7951  3057  285.00000  330 1274  852.00000  284.00000  66.7%  12.1  680s
  7955  3057  378.00000  330 1265  852.00000  284.00000  66.7%  12.2  686s
  7959  3057  285.00000  331 1274  852.00000  284.00000  66.7%  12.2  692s
  7963  3057  377.00000  331 1265  852.00000  284.00000  66.7%  12.3  699s
  7968  3057  285.00000  332 1274  852.00000  284.00000  66.7%  12.3  704s
  7972  3058  376.00000  332 1265  852.00000  284.00000  66.7%  12.4  712s
  7977  3059  285.00000  333 1274  852.00000  284.00000  66.7%  12.5  719s
  7984  3062  285.00000  334 1274  852.00000  284.00000  66.7%  12.6  725s
  7995  3062  285.00000  335 1274  852.00000  284.00000  66.7%  12.7  731s
  8001  3086  285.00000  336 1274  852.00000  284.00000  66.7%  12.7  738s
  8051  3076  285.00000  337 1274  852.00000  284.00000  66.7%  12.8  746s
  8064  3074  285.00000  338 1274  852.00000  284.00000  66.7%  12.9  750s
  8070  3074  285.00000  339 1274  852.00000  284.00000  66.7%  13.0  755s
  8083  3080  285.00000  341 1274  852.00000  284.00000  66.7%  13.1  765s
  8098  3109  285.00000  342 1274  852.00000  284.00000  66.7%  13.2  771s
  8155  3138  285.00000  343 1274  852.00000  284.00000  66.7%  13.3  777s
  8213  3128  285.00000  344 1274  852.00000  284.00000  66.7%  13.4  783s
  8232  3153  285.00000  345 1274  852.00000  284.00000  66.7%  13.5  788s
  8273  3168  285.00000  346 1274  852.00000  284.00000  66.7%  13.6  794s
  8332  3159  285.00000  347 1274  852.00000  284.00000  66.7%  13.6  804s
  8355  3155  285.00000  348 1274  852.00000  284.00000  66.7%  13.6  808s
  8362  3157  285.00000  349 1274  852.00000  284.00000  66.7%  13.7  814s
  8371  3160  285.00000  350 1274  852.00000  284.00000  66.7%  13.8  819s
  8380  3170  285.00000  351 1274  852.00000  284.00000  66.7%  13.9  824s
  8401  3176  356.00000  352 1265  852.00000  284.00000  66.7%  14.1  831s
  8420  3182  285.00000  354 1274  852.00000  284.00000  66.7%  14.2  836s
  8438  3188  285.00000  355 1274  852.00000  284.00000  66.7%  14.3  842s
  8456  3191  352.00000  356 1276  852.00000  284.00000  66.7%  14.5  847s
  8469  3198  351.00000  357 1276  852.00000  284.00000  66.7%  14.6  855s
  8488  3214  285.00000  359 1274  852.00000  284.00000  66.7%  14.8  862s
  8528  3209  285.00000  361 1274  852.00000  284.00000  66.7%  15.0  870s
  8541  3213  285.00000  363 1274  852.00000  284.00000  66.7%  15.2  878s
  8554  3217  285.00000  365 1274  852.00000  284.00000  66.7%  15.4  891s
  8566  3218  285.00000  367 1274  852.00000  284.00000  66.7%  15.6  899s
  8576  3221  285.00000  369 1274  852.00000  284.00000  66.7%  15.8  906s
  8586  3225  285.00000  371 1274  852.00000  284.00000  66.7%  16.0  917s
  8598  3227  285.00000  373 1274  852.00000  284.00000  66.7%  16.2  926s
  8608  3231  285.00000  375 1274  852.00000  284.00000  66.7%  16.4  938s
  8619  3230  285.00000  377 1274  852.00000  284.00000  66.7%  16.6  945s
  8626  3232  285.00000  379 1274  852.00000  284.00000  66.7%  16.8  952s
  8634  3236  285.00000  381 1274  852.00000  284.00000  66.7%  16.9  960s
  8649  3235  285.00000  383 1274  852.00000  284.00000  66.7%  17.0  972s
  8657  3237  285.00000  385 1274  852.00000  284.00000  66.7%  17.1  981s
  8665  3262  285.00000  387 1274  852.00000  284.00000  66.7%  17.2  990s
  8720  3285  285.00000  389 1274  852.00000  284.00000  66.7%  17.4  998s
  8790  3306  285.00000  391 1274  852.00000  284.00000  66.7%  17.5 1007s
  8864  3305  285.00000  393 1274  852.00000  284.00000  66.7%  17.7 1015s
  8910  3322  285.00000  395 1274  852.00000  284.00000  66.7%  17.8 1025s
  8971  3331  285.00000  397 1274  852.00000  284.00000  66.7%  18.0 1032s
  9025  3328  285.00000  399 1274  852.00000  284.00000  66.7%  18.2 1049s
  9054  3326  285.00000  401 1274  852.00000  284.00000  66.7%  18.4 1066s
  9070  3331  285.00000  403 1274  852.00000  284.00000  66.7%  18.7 1076s
  9086  3337  285.00000  405 1274  852.00000  284.00000  66.7%  18.8 1094s
  9105  3343  285.00000  407 1274  852.00000  284.00000  66.7%  19.0 1102s
  9152  3330  285.00000  418 1274  852.00000  284.00000  66.7%  19.0 1114s
  9156  3331  330.00000  418 1273  852.00000  284.00000  66.7%  19.0 1126s
  9160  3332  285.00000  419 1274  852.00000  284.00000  66.7%  19.0 1138s
  9164  3333  330.00000  419 1276  852.00000  284.00000  66.7%  19.1 1152s
  9168  3335  285.00000  420 1274  852.00000  284.00000  66.7%  19.1 1165s
  9175  3338  378.00000  420 1259  852.00000  284.00000  66.7%  19.2 1176s
  9184  3351  285.00000  421 1274  852.00000  284.00000  66.7%  19.2 1189s
  9213  3351  377.00000  421 1259  852.00000  284.00000  66.7%  19.3 1201s
  9228  3354  285.00000  423 1274  852.00000  284.00000  66.7%  19.4 1213s
  9242  3359  285.00000  425 1274  852.00000  284.00000  66.7%  19.5 1225s
  9256  3364  285.00000  427 1274  852.00000  284.00000  66.7%  19.6 1235s
  9270  3366  285.00000  429 1274  852.00000  284.00000  66.7%  19.7 1251s
  9282  3374  285.00000  431 1274  852.00000  284.00000  66.7%  19.9 1261s
  9300  3376  285.00000  433 1274  852.00000  284.00000  66.7%  20.0 1272s
  9313  3382  326.00000  435 1275  852.00000  284.00000  66.7%  20.1 1289s
  9341  3382  285.00000  439 1274  852.00000  284.00000  66.7%  20.1 1301s
  9355  3405  325.00000  439 1273  852.00000  284.00000  66.7%  20.1 1314s
  9412  3431  285.00000  440 1274  852.00000  284.00000  66.7%  20.1 1328s
  9489  3440  325.00000  440 1276  852.00000  284.00000  66.7%  20.1 1340s
  9543  3458  285.00000  441 1274  852.00000  284.00000  66.7%  20.1 1351s
  9611  3512  285.00000  443 1274  852.00000  284.00000  66.7%  20.2 1359s
  9823  3453  355.00000  469 1281  852.00000  284.00000  66.7%  20.0 1369s
  9951  3479  285.00000  476 1274  852.00000  284.00000  66.7%  19.9 1374s
 10163  3412  355.00000  502 1281  852.00000  284.00000  66.7%  19.7 1379s
 10375  3436  285.00000  553 1271  852.00000  284.00000  66.7%  19.3 1418s
 10587  3446  285.00000  580 1271  852.00000  284.00000  66.7%  19.3 1424s
 10799  3460  355.00000  606 1278  852.00000  284.00000  66.7%  19.1 1430s
 11011  3409  285.00000  633 1271  852.00000  284.00000  66.7%  18.9 1435s
 11261  3468  285.00000  669 1264  852.00000  284.00000  66.7%  18.7 1446s
 11447  3414  285.00000  711 1263  852.00000  284.00000  66.7%  18.6 1452s
 11463  3517  422.00000  717 1261  852.00000  284.00000  66.7%  18.6 1457s
 11675  3478  285.00000  744 1264  852.00000  284.00000  66.7%  18.4 1462s
 11733  3461  369.00000  770 1261  852.00000  284.00000  66.7%  18.4 1466s
 11737  3461  285.00000  771 1264  852.00000  284.00000  66.7%  18.4 1478s
 11742  3461  368.00000  771 1261  852.00000  284.00000  66.7%  18.5 1485s
 11746  3464  285.00000  772 1264  852.00000  284.00000  66.7%  18.5 1493s
 11750  3466  367.00000  772 1261  852.00000  284.00000  66.7%  18.5 1500s
 11754  3467  285.00000  773 1264  852.00000  284.00000  66.7%  18.5 1508s
 11758  3469  366.00000  773 1261  852.00000  284.00000  66.7%  18.6 1516s
 11762  3470  285.00000  774 1264  852.00000  284.00000  66.7%  18.6 1524s
 11767  3470  365.00000  774 1261  852.00000  284.00000  66.7%  18.6 1536s
 11771  3472  285.00000  775 1264  852.00000  284.00000  66.7%  18.6 1545s
 11775  3473  364.00000  775 1261  852.00000  284.00000  66.7%  18.7 1552s
 11779  3475  285.00000  776 1264  852.00000  284.00000  66.7%  18.7 1560s
 11783  3477  363.00000  776 1261  852.00000  284.00000  66.7%  18.7 1567s
 11787  3479  285.00000  777 1264  852.00000  284.00000  66.7%  18.7 1575s
 11797  3506  285.00000  780 1264  852.00000  284.00000  66.7%  18.8 1588s
 11853  3509  413.00000  806 1258  852.00000  284.00000  66.7%  18.7 1596s
 11895  3499  285.00000  826 1264  852.00000  284.00000  66.7%  18.7 1604s
 11901  3500  399.00000  826 1258  852.00000  284.00000  66.7%  18.7 1612s
 11905  3521  285.00000  827 1264  852.00000  284.00000  66.7%  18.8 1624s
 11945  3529  340.00000  827 1265  852.00000  284.00000  66.7%  18.7 1636s
 11987  3522  285.00000  828 1264  852.00000  284.00000  66.7%  18.7 1650s
 12001  3519  398.00000  828 1258  852.00000  284.00000  66.7%  18.7 1660s
 12005  3522  285.00000  829 1264  852.00000  284.00000  66.7%  18.8 1673s
 12010  3523  397.00000  829 1258  852.00000  284.00000  66.7%  18.8 1688s
 12016  3531  285.00000  830 1264  852.00000  284.00000  66.7%  18.8 1699s
 12035  3558  285.00000  837 1264  852.00000  284.00000  66.7%  18.9 1708s
 12094  3569  374.00000  863 1258  852.00000  284.00000  66.7%  18.9 1724s
 12157  3582  285.00000  890 1264  852.00000  284.00000  66.7%  18.9 1739s
 12219  3592  327.00000  916 1258  852.00000  284.00000  66.7%  18.9 1749s
 12282  3605  285.00000  943 1264  852.00000  284.00000  66.7%  18.9 1765s
 12346  3618  298.00000  969 1263  852.00000  284.00000  66.7%  19.0 1778s
 12410  3604  285.00000  996 1257  852.00000  284.00000  66.7%  19.0 1788s
 12422  3655  285.00000  999 1259  852.00000  284.00000  66.7%  19.2 1792s
 12634  3637  285.00000 1052 1259  852.00000  284.00000  66.7%  18.9 1795s
 12846  3622  285.00000 1105 1257  852.00000  284.00000  66.7%  18.7 1800s

Cutting planes:
  Cover: 1368
  Implied bound: 2
  StrongCG: 3
  GUB cover: 1
  Mod-K: 2
  Relax-and-lift: 2

Explored 12952 nodes (242575 simplex iterations) in 1800.03 seconds (3844.31 work units)
Thread count was 8 (of 8 available processors)

Solution count 1: 852 

Time limit reached
Best objective 8.520000000000e+02, best bound 2.840000000000e+02, gap 66.6667%
! --------------------------------------------------------
! Status: FEASIBLE (time limit reached)
! Best span = 852
! Labeling: 1 1 1 1 1 1 1 1 1 1 1 1 285 1 1 1 1 1 1 589 1 1 1 1 1 1 1 143 569 569 1 1 1 1 1 265 1 1 285 1 1 1 1 1 1 1 1 1 1 1 344 1 1 1 1 569 285 1 256 1 711 1 1 143 1 1 398 1 143 711 399 222 143 1 1 1 1 1 1 1 1 1 1 711 427 1 1 1 285 413 143 1 1 143 711 1 399 1 143 1 640 1 1 569 1 1 1 1 222 1 1 285 143 655 143 1 1 1 1 569 1 1 1 143 1 1 1 1 1 710 285 1 711 222 1 285 1 1 1 143 1 1 285 1 486 1 143 1 1 1 1 1 655 1 1 1 1 1 1 143 707 1 1 143 143 1 1 1 1 569 399 285 285 143 143 1 364 655 427 1 1 1 1 1 1 143 1 1 143 511 285 1 427 1 1 143 1 706 285 1 1 285 143 285 1 1 654 569 569 1 569 427 285 392 569 711 1 711 256 143 1 200 143 1 1 143 1 1 711 1 711 427 1 1 143 569 1 143 1 1 398 143 426 569 711 852 427 143 852 1 1 285 1 427 493 427 421 143 1 143 427 427 1 1 708 1 143 711 271 569 1 1 1 1 143 711 143 569 1 648 1 143 143 569 569 711 427 143 1 222 143 427 1 711 711 605 569 143 454 1 1 143 143 285 143 1 1 1 1 143 427 1 569 569 143 711 711 1 1 1 143 540 279 711 143 655 569 397 1 1 569 427 709 399 143 1 285 1 1 285 143 1 1 407 1 1 569 222 653 655 1 711 1 1 1 143 143 285 398 399 1 222 569 1 1 711 1 143 510 527 711 1 1 143 1 143 1 427 398 705 285 1 569 1 285 285 1 427 527 1 711 1 143 143 1 427 1 222 569 285 1 143 569 709 399 1 711 364 255 1 1 143 427 427 549 285 143 711 711 234 143 143 143 285 427 711 1 285 539 1 1 364 1 285 1 265 711 285 143 1 143 143 397 711 427 143 291 143 143 143 653 1 569 285 637 257 143 143 539 711 143 399 143 569 569 1 653 143 297 143 143 143 285 427 513 1 1 364 129 569 839 506 143 407 427 648 513 143 257 711 143 399 143 427 285 427 285 1 285 655 1 285 568 596 427 285 143 143 569 143 143 143 711 655 427 628 143 569 285 407 285 143 375 207 1 285 143 427 364 1 569 285 407 655 143 541 1 397 285 143 1 407 569 711 143 506 143 711 711 222 711 711 143 569 506 691 143 143 143 734 143 143 711 143 1 569 257 427 560 569 143 652 1 143 204 680 285 486 711 648 427 285 143 282 1 143 285 143 399 143 143 143 622 1 711 705 711 427 427 695 1 569 143 511 143 701 1 285 1 569 648 143 143 397 427 285 143 427 143 711 427 143 427 640 711 143 427 143 143 711 364 705 143 708 1 143 711 473 143 506 709 427 596 427 143 265 143 790 143 852 143 711 143 1 655 143 369 271 285 710 1 222 539 285 549 385 513 711 648 427 285 711 285 619 143 711 449 711 569 143 1 699 513 285 655 
! --------------------------------------------------------
! All verification passed
