! Solving for graph /home/truongxuanhieu/Gurobi-for-MinSpanLabeling/benchmarks/abp/H-impcol_b.mtx.rnd
! Target value is set to 6
! Lower bound is set to 7
! Upper bound is set to 44
! Time limit is set to 1800
! Vertices mode is set to No hole
! Target value mode is set to Antibandwidth
Set parameter WLSAccessID
Set parameter WLSSecret
Set parameter LicenseID to value 2663665
Academic license 2663665 - for non-commercial use only - registered to tu___@vnu.edu.vn
Set parameter OutputFlag to value 1
Set parameter TimeLimit to value 1800
Gurobi Optimizer version 13.0.2 build v13.0.2rc1 (linux64 - "Debian GNU/Linux 12 (bookworm)")

CPU model: AMD EPYC 7B12, instruction set [SSE2|AVX|AVX2]
Thread count: 4 physical cores, 8 logical processors, using up to 8 threads

Non-default parameters:
TimeLimit  1800

Academic license 2663665 - for non-commercial use only - registered to tu___@vnu.edu.vn
Optimize a model with 727 rows, 3277 columns and 9134 nonzeros (Min)
Model fingerprint: 0xdcb231f7
Model has 1 linear objective coefficients
Model has 399 simple general constraints
  281 ABS, 118 INDICATOR
Variable types: 0 continuous, 3277 integer (2655 binary)
Coefficient statistics:
  Matrix range     [1e+00, 4e+01]
  Objective range  [1e+00, 1e+00]
  Bounds range     [1e+00, 4e+01]
  RHS range        [1e+00, 4e+01]
  GenCon rhs range [1e+00, 1e+00]
  GenCon coe range [1e+00, 1e+00]

Presolve added 737 rows and 540 columns
Presolve time: 0.04s
Presolved: 1464 rows, 3817 columns, 11440 nonzeros
Variable types: 0 continuous, 3817 integer (2914 binary)

Root relaxation: objective 7.000000e+00, 804 iterations, 0.01 seconds (0.01 work units)

    Nodes    |    Current Node    |     Objective Bounds      |     Work
 Expl Unexpl |  Obj  Depth IntInf | Incumbent    BestBd   Gap | It/Node Time

     0     0    7.00000    0  103          -    7.00000      -     -    0s
     0     0    7.00000    0  655          -    7.00000      -     -    0s
     0     0    7.00000    0  398          -    7.00000      -     -    0s
     0     0    7.00000    0  896          -    7.00000      -     -    0s
     0     0    7.00000    0  530          -    7.00000      -     -    0s
     0     0    7.00000    0  529          -    7.00000      -     -    0s
     0     0    7.00000    0  392          -    7.00000      -     -    0s
     0     2    7.00000    0  300          -    7.00000      -     -    0s
  1291   956   31.00000   67  796          -    7.00000      -  49.4    5s
  2968  1733   25.00000   79  297          -    8.00000      -  56.7   10s
  3217  1866   33.00000   85  335          -    8.00000      -  61.8   15s
  5874  3618 infeasible  111               -    8.00000      -  50.9   20s
 10295  7011   43.00000   66  327          -    8.00000      -  47.8   25s
 10789  7438   19.00000   31  240          -    8.00000      -  50.0   30s
 12419  9141   27.00000   29  255          -    8.00000      -  50.7   35s
 17947 12623 infeasible  180               -   10.00000      -  46.9   40s
 21034 16017   31.00000   51  320          -   13.00000      -  45.9   45s
 23928 17792   19.00000   27  209          -   13.00000      -  45.1   50s
 26510 19296   37.00000   43  235          -   13.00000      -  45.1   55s
 27478 19943   31.00000   29  411          -   13.00000      -  45.5   60s
 27603 20069   37.00000   32  397          -   13.00000      -  45.9   65s
 29273 21392   31.00000   38  431          -   13.00000      -  46.1   70s
 30102 22145 infeasible   53               -   13.00000      -  46.0   79s
 30279 28187   25.00000   33  264          -   13.00000      -  46.4   85s
 38471 28305   43.00000   50  321          -   13.00000      -  45.9   90s
*38813 27398             112      44.0000000   13.00000  70.5%  46.9   94s
 38859 27935     cutoff   82        44.00000   13.00000  70.5%  47.1   96s
 42320 29735 infeasible  184        44.00000   13.00000  70.5%  47.6  100s
 44962 36770   19.00000   24  280   44.00000   13.00000  70.5%  48.6  109s
 53054 36807   31.00000   35  450   44.00000   13.00000  70.5%  48.2  110s
H53059 31095                      43.0000000   13.00000  69.8%  48.2  110s
 53809 31841   36.00000   36  429   43.00000   13.00000  69.8%  49.2  115s
 59720 33621   37.00000   65  627   43.00000   13.00000  69.8%  48.4  120s
 59986 33816   13.00000   46  202   43.00000   13.00000  69.8%  49.1  125s
 61771 34634   19.00000  116  176   43.00000   13.00000  69.8%  49.3  130s
 64654 35640   31.00000   79  211   43.00000   13.00000  69.8%  49.0  135s
 67671 36964   30.00000  310  115   43.00000   13.00000  69.8%  48.1  140s
 74498 42589   31.00000   66  280   43.00000   13.00000  69.8%  45.8  146s
 82383 44600   31.00000   57  286   43.00000   13.00000  69.8%  43.4  150s
 87090 46443   31.00000  137  232   43.00000   13.00000  69.8%  42.3  155s
 98485 52230   25.00000   92  207   43.00000   13.00000  69.8%  39.5  160s
 104964 62333   31.00000   57  260   43.00000   13.00000  69.8%  38.2  165s
 117889 62269 infeasible  226        43.00000   13.00000  69.8%  36.0  170s
 128409 67715   31.00000   82  349   43.00000   13.00000  69.8%  34.6  175s
 134696 77709   31.00000   46  371   43.00000   13.00000  69.8%  34.1  181s
 146013 76721   37.00000   67  459   43.00000   13.00000  69.8%  32.8  185s
 157616 82567   37.00000   58  247   43.00000   13.00000  69.8%  31.9  190s
 164258 87205   31.00000   71  178   43.00000   13.00000  69.8%  31.6  195s
 173971 96182   37.00000   63  386   43.00000   13.00000  69.8%  30.9  200s
 182283 104308   28.00000  185  436   43.00000   14.00000  67.4%  30.7  205s
 190977 110412   32.00000   63  294   43.00000   14.00000  67.4%  30.3  210s
 194028 118075   38.00000  196  363   43.00000   14.00000  67.4%  30.3  216s
 201932 119646   25.00000   38  146   43.00000   14.00000  67.4%  30.1  220s
 209745 132784   31.00000   47  233   43.00000   15.00000  65.1%  29.8  226s
 221611 136797   19.00000   41  241   43.00000   15.00000  65.1%  29.2  230s
 232378 145149   41.00000   99  282   43.00000   16.00000  62.8%  28.7  235s
 238253 151113   31.00000   49  319   43.00000   17.00000  60.5%  28.7  240s
 248567 158803 infeasible  392        43.00000   18.00000  58.1%  28.3  245s
 254946 171105   25.00000   52  173   43.00000   19.00000  55.8%  28.2  251s
 267230 174849   31.00000  101  220   43.00000   19.00000  55.8%  27.7  255s
 277426 183595 infeasible   77        43.00000   19.00000  55.8%  27.3  260s
 283087 188309   41.00000  121  468   43.00000   19.00000  55.8%  27.3  265s
 292290 195989 infeasible  180        43.00000   19.00000  55.8%  27.2  270s
 298721 208234   31.00000   57  428   43.00000   19.00000  55.8%  27.1  277s
 307915 209250 infeasible  139        43.00000   19.00000  55.8%  26.9  280s
 314229 221423   31.00000   51  314   43.00000   19.00000  55.8%  26.9  286s
 322622 221798   38.00000   62  253   43.00000   19.00000  55.8%  26.6  290s
 330577 229112   20.00000   98  149   43.00000   19.00000  55.8%  26.5  295s
 338199 235892   37.00000   49  435   43.00000   19.00000  55.8%  26.5  300s
 351369 245997 infeasible  265        43.00000   19.00000  55.8%  26.2  305s
 353650 248682   34.00000   93  237   43.00000   19.00000  55.8%  26.3  310s
 358191 258679   37.00000   64  295   43.00000   19.00000  55.8%  26.3  315s
 369095 261982   31.00000   46  213   43.00000   19.00000  55.8%  26.1  320s
 373078 271078   40.00000  151  355   43.00000   19.00000  55.8%  26.1  326s
 384045 274956   38.00000   84  347   43.00000   19.00000  55.8%  26.1  330s
 390947 283513   37.00000   69  227   43.00000   19.00000  55.8%  26.0  335s
 398822 285937 infeasible  243        43.00000   19.00000  55.8%  26.0  340s
 402330 289135   25.00000   50  164   43.00000   19.00000  55.8%  26.0  345s
 411738 296880 infeasible   54        43.00000   19.00000  55.8%  25.9  350s
 417690 308535   31.00000   40  201   43.00000   19.00000  55.8%  25.9  356s
 429473 311780   25.00000   50  215   43.00000   19.00000  55.8%  25.8  360s
 436721 318492   41.00000  105  377   43.00000   19.00000  55.8%  25.8  365s
 445097 325298   37.00000   46  368   43.00000   19.00000  55.8%  25.8  370s
 453260 331720   31.00000   64  285   43.00000   19.00000  55.8%  25.8  375s
 459723 337136   37.00000   49  359   43.00000   19.00000  55.8%  25.8  380s
 463436 346851   37.00000   54  370   43.00000   19.00000  55.8%  25.8  386s
 477614 352149 infeasible   50        43.00000   19.00000  55.8%  25.7  390s
 487045 360057   38.00000   85  363   43.00000   19.00000  55.8%  25.5  395s
 493921 370116   31.00000   52  225   43.00000   19.00000  55.8%  25.6  401s
 503926 374072   37.00000  114  256   43.00000   19.00000  55.8%  25.5  405s
 506885 376569   25.00000   55  199   43.00000   19.00000  55.8%  25.5  410s
 509932 379212   37.00000   75  215   43.00000   19.00000  55.8%  25.5  415s
 510794 379954   37.00000   58  348   43.00000   19.00000  55.8%  25.6  420s
 515362 383988   37.00000   49  350   43.00000   19.00000  55.8%  25.6  425s
 520316 389169   37.00000   47  371   43.00000   19.00000  55.8%  25.6  430s
 523410 394701   31.00000   52  301   43.00000   19.00000  55.8%  25.6  436s
 533625 398878   40.00000  206  410   43.00000   19.00000  55.8%  25.7  440s
 538625 409839   42.00000  130  290   43.00000   19.00000  55.8%  25.7  445s
 550500 414003   37.00000   59  443   43.00000   19.00000  55.8%  25.6  450s
 553236 421858   37.00000   70  277   43.00000   19.00000  55.8%  25.6  455s
 565090 425059   37.00000  104  280   43.00000   19.00000  55.8%  25.5  460s
 576260 434447   37.00000   46  348   43.00000   19.00000  55.8%  25.4  465s
 582036 439280 infeasible  180        43.00000   19.00000  55.8%  25.4  470s
 591491 447307   37.00000   69  320   43.00000   19.00000  55.8%  25.3  475s
 598382 453122 infeasible  200        43.00000   19.00000  55.8%  25.3  480s
 607918 461251   38.00000  138  304   43.00000   19.00000  55.8%  25.2  485s
 610305 463148 infeasible  188        43.00000   19.00000  55.8%  25.2  490s
 621189 472466   37.00000   76  433   43.00000   19.00000  55.8%  25.1  495s
 627017 477224 infeasible  193        43.00000   19.00000  55.8%  25.2  500s
 634968 484682   41.00000  235  256   43.00000   19.00000  55.8%  25.2  505s
 642892 497462   32.00000   57  377   43.00000   19.00000  55.8%  25.1  512s
 652174 499238   31.00000   48  291   43.00000   19.00000  55.8%  25.1  515s
 657799 509333   37.00000   74  378   43.00000   19.00000  55.8%  25.1  520s
 671037 514317 infeasible  180        43.00000   19.00000  55.8%  25.0  525s
 679499 521517 infeasible  216        43.00000   19.00000  55.8%  25.0  530s
 687756 528575 infeasible  231        43.00000   19.00000  55.8%  24.9  535s
 697358 537935   39.00000  137  394   43.00000   19.00000  55.8%  24.9  540s
 702838 548292   25.00000   80  246   43.00000   19.00000  55.8%  24.9  545s
 714748 552172   25.00000   54  188   43.00000   19.00000  55.8%  24.8  550s
 725811 560655   37.00000   62  304   43.00000   19.00000  55.8%  24.8  555s
 731951 565715   37.00000  161  252   43.00000   19.00000  55.8%  24.8  560s
 741288 573601   41.00000   95  488   43.00000   19.00000  55.8%  24.7  565s
 747498 580253   32.00000   52  378   43.00000   19.00000  55.8%  24.7  570s
 757659 588960   37.00000   50  445   43.00000   19.00000  55.8%  24.7  575s
 763523 599568   37.00000   59  353   43.00000   19.00000  55.8%  24.7  581s
 772438 600321 infeasible   56        43.00000   19.00000  55.8%  24.7  585s
 778592 612329   37.00000   53  301   43.00000   19.00000  55.8%  24.6  592s
 788103 614780   37.00000  168  250   43.00000   19.00000  55.8%  24.6  595s
 793825 625478   19.00000   48  215   43.00000   19.00000  55.8%  24.6  600s
 804769 627936 infeasible  178        43.00000   19.00000  55.8%  24.5  605s
 816817 638141 infeasible  133        43.00000   19.00000  55.8%  24.5  610s
 819557 641460   37.00000   53  441   43.00000   19.00000  55.8%  24.5  615s
 832273 651195   31.00000   49  277   43.00000   19.00000  55.8%  24.4  620s
 836023 655508   37.00000   49  382   43.00000   19.00000  55.8%  24.5  625s
 839163 663830   31.00000   53  186   43.00000   19.00000  55.8%  24.5  630s
 851124 667153   31.00000   59  203   43.00000   19.00000  55.8%  24.5  635s
 861942 676423   31.00000   70  254   43.00000   19.00000  55.8%  24.4  640s
 868245 681816 infeasible  190        43.00000   19.00000  55.8%  24.4  645s
 876513 689373   39.00000   73  284   43.00000   19.00000  55.8%  24.4  650s
 882289 693694   25.00000   57  199   43.00000   19.00000  55.8%  24.4  655s
 891702 701509   39.00000  241  275   43.00000   19.00000  55.8%  24.3  660s
 898272 707138   37.00000   53  406   43.00000   19.00000  55.8%  24.3  665s
 908405 715543 infeasible   76        43.00000   19.00000  55.8%  24.3  670s
 913669 726548   37.00000   59  216   43.00000   19.00000  55.8%  24.3  675s
 924265 729380   31.00000   53  365   43.00000   19.00000  55.8%  24.3  680s
 929033 739430   37.00000   56  401   43.00000   19.00000  55.8%  24.3  685s
 940955 743323   37.00000   61  284   43.00000   19.00000  55.8%  24.2  690s
 952004 751948   37.00000   60  326   43.00000   19.00000  55.8%  24.2  695s
 957649 757498   31.00000  105  238   43.00000   19.00000  55.8%  24.2  700s
 966913 764440   37.00000   74  207   43.00000   19.00000  55.8%  24.2  705s
 973217 769701   31.00000   87  223   43.00000   19.00000  55.8%  24.2  710s
 982382 778583   40.00000  194  379   43.00000   19.00000  55.8%  24.1  715s
 987980 787353   37.00000   60  309   43.00000   19.00000  55.8%  24.2  721s
 997369 789790 infeasible  163        43.00000   19.00000  55.8%  24.2  725s
 1003576 794921   37.00000   53  423   43.00000   19.00000  55.8%  24.2  730s
 1012825 803702   31.00000   60  255   43.00000   19.00000  55.8%  24.1  735s
 1018740 814602   31.00000   80  439   43.00000   19.00000  55.8%  24.1  741s
 1029259 816746   31.00000   57  325   43.00000   19.00000  55.8%  24.1  745s
 1033740 827084   37.00000   58  345   43.00000   19.00000  55.8%  24.1  752s
 1041954 827937   25.00000   48  202   43.00000   19.00000  55.8%  24.1  755s
 1047491 831857 infeasible  226        43.00000   19.00000  55.8%  24.1  760s
 1054569 838459   37.00000   62  385   43.00000   19.00000  55.8%  24.1  765s
 1063029 845001 infeasible  312        43.00000   19.00000  55.8%  24.1  770s
 1072845 853486   37.00000   60  290   43.00000   19.00000  55.8%  24.1  775s
 1074454 854824   37.00000   54  283   43.00000   19.00000  55.8%  24.1  780s
 1074512 854878   37.00000   61  193   43.00000   19.00000  55.8%  24.1  785s
 1074569 854933   37.00000   68  264   43.00000   19.00000  55.8%  24.1  790s
 1074617 854981   37.00000   74  207   43.00000   19.00000  55.8%  24.1  795s
 1074666 855028   37.00000   80  181   43.00000   19.00000  55.8%  24.1  800s
 1074722 855084   37.00000   87  201   43.00000   19.00000  55.8%  24.1  805s
 1074788 855144   37.00000  103  152   43.00000   19.00000  55.8%  24.1  810s
 1074915 855252   37.00000   84  261   43.00000   19.00000  55.8%  24.1  815s
 1075134 855435   37.00000   51  271   43.00000   19.00000  55.8%  24.1  820s
 1075292 855573   37.00000   59  261   43.00000   19.00000  55.8%  24.1  825s
 1075512 855773   37.00000   66  266   43.00000   19.00000  55.8%  24.1  830s
 1075952 856056   37.00000   75  308   43.00000   19.00000  55.8%  24.2  835s
 1076436 856419   37.00000   81  296   43.00000   19.00000  55.8%  24.2  840s
 1076976 856781 infeasible   74        43.00000   19.00000  55.8%  24.2  845s
 1077627 857266 infeasible  177        43.00000   19.00000  55.8%  24.3  850s
 1078123 857631 infeasible   76        43.00000   19.00000  55.8%  24.3  855s
 1078775 858197 infeasible   81        43.00000   19.00000  55.8%  24.3  860s
 1081113 863925   25.00000   48  240   43.00000   19.00000  55.8%  24.3  867s
 1086659 867008   37.00000   76  318   43.00000   19.00000  55.8%  24.4  870s
 1096415 879371   37.00000   49  308   43.00000   19.00000  55.8%  24.4  877s
 1104700 879560   31.00000  180  173   43.00000   19.00000  55.8%  24.4  880s
 1110921 891441   37.00000   57  423   43.00000   19.00000  55.8%  24.4  886s
 1121452 893594 infeasible  301        43.00000   19.00000  55.8%  24.3  890s
 1126017 904279   31.00000   59  313   43.00000   19.00000  55.8%  24.3  895s
 1139734 909105 infeasible  151        43.00000   19.00000  55.8%  24.3  900s
 1140765 916489   37.00000   54  223   43.00000   19.00000  55.8%  24.3  906s
 1152819 919990 infeasible  285        43.00000   19.00000  55.8%  24.3  910s
 1155379 928777   37.00000   60  236   43.00000   19.00000  55.8%  24.3  915s
 1168289 934070   31.00000   54  228   43.00000   19.00000  55.8%  24.3  920s
 1176606 939931 infeasible  268        43.00000   19.00000  55.8%  24.3  925s
 1183634 945774   31.00000   47  283   43.00000   19.00000  55.8%  24.3  930s
 1192870 953509   32.00000   82  375   43.00000   19.00000  55.8%  24.3  935s
 1199537 958900 infeasible  184        43.00000   19.00000  55.8%  24.3  940s
 1207856 966199   37.00000   68  260   43.00000   19.00000  55.8%  24.3  945s
 1215289 975206   37.00000   63  391   43.00000   19.00000  55.8%  24.3  950s
 1224811 979898 infeasible  302        43.00000   19.00000  55.8%  24.3  955s
 1229892 990809   37.00000   49  410   43.00000   19.00000  55.8%  24.3  960s
 1241540 994519   31.00000   48  261   43.00000   19.00000  55.8%  24.3  965s
 1253009 1003341   31.00000   64  127   43.00000   19.00000  55.8%  24.2  970s
 1258474 1008020 infeasible  109        43.00000   19.00000  55.8%  24.2  975s
 1267541 1015511   37.00000   59  354   43.00000   19.00000  55.8%  24.2  980s
 1270951 1018406 infeasible  234        43.00000   19.00000  55.8%  24.2  985s
 1272629 1019831   31.00000   48  232   43.00000   19.00000  55.8%  24.2  990s
 1274249 1026606   27.00000   52  198   43.00000   19.00000  55.8%  24.2 1000s
 1288545 1032429   37.00000   50  317   43.00000   19.00000  55.8%  24.4 1005s
 1296358 1038653 infeasible   85        43.00000   19.00000  55.8%  24.4 1010s
 1303028 1044085   37.00000   49  388   43.00000   19.00000  55.8%  24.4 1015s
 1312666 1052199 infeasible  169        43.00000   20.00000  53.5%  24.4 1020s
 1319136 1064111   37.00000   50  342   43.00000   20.00000  53.5%  24.4 1028s
 1327192 1064183   38.00000   55  368   43.00000   20.00000  53.5%  24.4 1030s
 1334649 1070268   38.00000   63  358   43.00000   20.00000  53.5%  24.4 1035s
 1342758 1077015   37.00000   75  341   43.00000   20.00000  53.5%  24.4 1040s
 1347077 1080445   37.00000   58  261   43.00000   20.00000  53.5%  24.4 1045s
 1357492 1089291   38.00000   59  188   43.00000   20.00000  53.5%  24.4 1050s
 1363059 1094505   31.00000   51  276   43.00000   20.00000  53.5%  24.4 1055s
 1372022 1101434   38.00000   57  271   43.00000   20.00000  53.5%  24.4 1060s
 1376087 1105392   33.00000   72  313   43.00000   20.00000  53.5%  24.4 1065s
 1379771 1114610   31.00000   56  335   43.00000   20.00000  53.5%  24.4 1071s
 1389133 1115697 infeasible  288        43.00000   20.00000  53.5%  24.4 1075s
 1394317 1126549   37.00000   52  384   43.00000   20.00000  53.5%  24.4 1082s
 1402768 1127410   37.00000   87  264   43.00000   20.00000  53.5%  24.4 1085s
 1409824 1138933   32.00000   51  249   43.00000   20.00000  53.5%  24.4 1092s
 1417934 1139927   37.00000   77  289   43.00000   20.00000  53.5%  24.4 1095s
 1424427 1144301 infeasible   92        43.00000   20.00000  53.5%  24.4 1100s
 1432729 1150964   37.00000   66  246   43.00000   20.00000  53.5%  24.4 1105s
 1437871 1156297   38.00000   54  377   43.00000   20.00000  53.5%  24.4 1110s
 1447165 1163019 infeasible  209        43.00000   20.00000  53.5%  24.4 1115s
 1450428 1165539   37.00000   61  255   43.00000   20.00000  53.5%  24.4 1120s
 1460299 1173640   37.00000   45  374   43.00000   20.00000  53.5%  24.4 1125s
 1466448 1178598 infeasible  214        43.00000   20.00000  53.5%  24.5 1130s
 1469375 1187407   37.00000   97  252   43.00000   20.00000  53.5%  24.5 1135s
 1481081 1190415   37.00000   46  222   43.00000   20.00000  53.5%  24.5 1140s
 1492271 1199616 infeasible  121        43.00000   20.00000  53.5%  24.5 1145s
 1495819 1202478   38.00000  102  283   43.00000   20.00000  53.5%  24.5 1150s
 1506843 1211431   37.00000   80  185   43.00000   20.00000  53.5%  24.5 1155s
 1513338 1221802   32.00000   52  279   43.00000   20.00000  53.5%  24.5 1161s
 1519710 1221910   38.00000   55  351   43.00000   20.00000  53.5%  24.5 1165s
 1519859 1221995   41.00000   63  394   43.00000   21.00000  51.2%  24.5 1170s
 1520063 1222138   38.00000   66  493   43.00000   21.00000  51.2%  24.5 1175s
 1520263 1222284   38.00000   69  519   43.00000   21.00000  51.2%  24.5 1180s
 1520489 1222430   38.00000   75  304   43.00000   21.00000  51.2%  24.5 1185s
 1520732 1222556 infeasible   81        43.00000   21.00000  51.2%  24.5 1190s
 1520991 1222743   31.00000   68  198   43.00000   21.00000  51.2%  24.5 1195s
 1521279 1222932   33.00000   74  308   43.00000   21.00000  51.2%  24.6 1200s
 1521678 1223173   36.00000   97  350   43.00000   21.00000  51.2%  24.6 1205s
 1522014 1223435   33.00000   55  263   43.00000   21.00000  51.2%  24.6 1210s
 1523645 1225628   37.00000   56  362   43.00000   21.00000  51.2%  24.6 1215s
 1526642 1227149   40.00000   64  338   43.00000   21.00000  51.2%  24.6 1220s
 1528223 1229640   39.00000   52  431   43.00000   21.00000  51.2%  24.6 1230s
 1530127 1234485   40.00000   71  347   43.00000   21.00000  51.2%  24.7 1235s
 1536203 1234655   33.00000   63  166   43.00000   21.00000  51.2%  24.7 1240s
 1539043 1236927 infeasible  174        43.00000   21.00000  51.2%  24.7 1245s
 1543878 1243439   39.00000   60  367   43.00000   21.00000  51.2%  24.7 1254s
 1547774 1245432   37.00000   61  229   43.00000   21.00000  51.2%  24.8 1256s
 1556542 1250439 infeasible  160        43.00000   22.00000  48.8%  24.8 1260s
 1558445 1257690   25.00000  106  218   43.00000   22.00000  48.8%  24.8 1265s
 1570554 1262282   31.00000  100  317   43.00000   22.00000  48.8%  24.9 1270s
 1573122 1269040   42.00000  180  198   43.00000   23.00000  46.5%  24.9 1276s
 1581891 1270199   37.00000   79  298   43.00000   23.00000  46.5%  24.9 1280s
 1587559 1278030   35.00000   53  359   43.00000   23.00000  46.5%  24.9 1290s
 1595799 1282691   34.00000  154  299   43.00000   24.00000  44.2%  25.1 1295s
 1602451 1291107   41.00000   53  293   43.00000   24.00000  44.2%  25.1 1303s
 1610548 1291095 infeasible  218        43.00000   25.00000  41.9%  25.1 1305s
 1613081 1292476 infeasible  176        43.00000   25.00000  41.9%  25.1 1310s
 1618254 1302022 infeasible  225        43.00000   25.00000  41.9%  25.1 1316s
 1627266 1302478 infeasible  248        43.00000   25.00000  41.9%  25.1 1320s
 1632020 1306000   26.00000   92   97   43.00000   25.00000  41.9%  25.1 1325s
 1638365 1310643   28.00000  161  317   43.00000   25.00000  41.9%  25.1 1330s
 1643376 1313311   28.13514  152  392   43.00000   25.00000  41.9%  25.0 1335s
 1649305 1316612 infeasible  283        43.00000   25.00000  41.9%  25.0 1340s
 1653913 1319954 infeasible  226        43.00000   25.00000  41.9%  25.0 1345s
 1658936 1323614   39.00000  157  389   43.00000   25.00000  41.9%  25.0 1350s
 1662276 1331610   35.00000  170  128   43.00000   25.00000  41.9%  25.0 1356s
 1672506 1333046 infeasible  231        43.00000   25.00000  41.9%  25.0 1360s
 1677243 1342477   34.00000  173  177   43.00000   25.00000  41.9%  25.0 1366s
 1687498 1345658   25.00000   66  101   43.00000   25.00000  41.9%  24.9 1370s
 1695160 1349481 infeasible  191        43.00000   25.00000  41.9%  24.9 1375s
 1703283 1355178 infeasible  289        43.00000   25.00000  41.9%  24.9 1380s
 1707210 1364141   26.00000   66  315   43.00000   25.00000  41.9%  24.9 1385s
 1717555 1365492   25.00000   78  149   43.00000   25.00000  41.9%  24.9 1390s
 1721672 1374866 infeasible  131        43.00000   25.00000  41.9%  24.9 1395s
 1731218 1376810   35.00000  131  250   43.00000   25.00000  41.9%  24.8 1400s
 1738349 1386975 infeasible  233        43.00000   25.00000  41.9%  24.8 1405s
 1752269 1391272 infeasible  358        43.00000   25.00000  41.9%  24.8 1410s
 1760702 1397364   32.00000  106  160   43.00000   25.00000  41.9%  24.7 1415s
 1767923 1409292   31.00000  164  401   43.00000   25.00000  41.9%  24.7 1420s
 1780140 1412182 infeasible  287        43.00000   25.00000  41.9%  24.6 1425s
 1790484 1418183   27.00000   92  138   43.00000   25.00000  41.9%  24.6 1430s
 1798529 1423384 infeasible  366        43.00000   25.00000  41.9%  24.6 1435s
 1807423 1429046   25.00000  102  106   43.00000   25.00000  41.9%  24.5 1440s
 1821751 1438672 infeasible  235        43.00000   25.00000  41.9%  24.5 1445s
 1828389 1445889 infeasible  400        43.00000   25.00000  41.9%  24.5 1451s
 1836872 1448218 infeasible  222        43.00000   25.00000  41.9%  24.4 1455s
 1845443 1455094   36.00000  263  229   43.00000   25.00000  41.9%  24.4 1460s
 1856090 1459297   31.00000  189  270   43.00000   25.00000  41.9%  24.4 1465s
 1866088 1465367 infeasible  286        43.00000   25.00000  41.9%  24.4 1470s
 1872425 1469092   34.00000  227  179   43.00000   25.00000  41.9%  24.4 1475s
 1883131 1476248   34.00000  171  254   43.00000   25.00000  41.9%  24.3 1480s
 1889831 1480653 infeasible  242        43.00000   25.00000  41.9%  24.3 1485s
 1899469 1487142 infeasible  149        43.00000   25.00000  41.9%  24.3 1490s
 1909119 1493729 infeasible  430        43.00000   25.00000  41.9%  24.2 1495s
 1917576 1500760   25.00000   95  127   43.00000   25.00000  41.9%  24.2 1500s
 1927481 1507198   36.00000  156  244   43.00000   25.00000  41.9%  24.2 1505s
 1934459 1511688 infeasible  115        43.00000   25.00000  41.9%  24.2 1510s
 1942986 1517013 infeasible  296        43.00000   25.00000  41.9%  24.2 1515s
 1949294 1521006 infeasible  235        43.00000   25.00000  41.9%  24.2 1520s
 1960691 1529550 infeasible  422        43.00000   25.00000  41.9%  24.1 1525s
 1972082 1537907   31.00000   92  275   43.00000   25.00000  41.9%  24.1 1530s
 1977236 1540851 infeasible  341        43.00000   25.00000  41.9%  24.1 1535s
 1986682 1547632 infeasible  203        43.00000   25.00000  41.9%  24.0 1540s
 1992407 1550601 infeasible  285        43.00000   25.00000  41.9%  24.0 1545s
 2001671 1555975 infeasible  209        43.00000   25.00000  41.9%  24.0 1550s
 2008549 1566459   35.00000  144  360   43.00000   25.00000  41.9%  24.0 1557s
 2018046 1567012 infeasible  177        43.00000   25.00000  41.9%  24.0 1560s
 2023305 1575828   40.00000  217  352   43.00000   25.00000  41.9%  24.0 1566s
 2034171 1577131 infeasible   99        43.00000   25.00000  41.9%  24.0 1570s
 2046304 1585640   25.00000  154  100   43.00000   25.00000  41.9%  23.9 1575s
 2052091 1588888 infeasible  325        43.00000   25.00000  41.9%  23.9 1580s
 2061206 1594361 infeasible  287        43.00000   25.00000  41.9%  23.9 1585s
 2068346 1598841 infeasible  137        43.00000   25.00000  41.9%  23.9 1590s
 2075432 1603104 infeasible  171        43.00000   25.00000  41.9%  23.9 1595s
 2083127 1613045   28.00000  145   91   43.00000   25.00000  41.9%  23.9 1601s
 2092008 1613518 infeasible  256        43.00000   25.00000  41.9%  23.9 1605s
 2098047 1623361   31.00000   97  126   43.00000   25.00000  41.9%  23.9 1611s
 2107854 1623710   31.00000  146  251   43.00000   25.00000  41.9%  23.9 1615s
 2114328 1633287   35.00000  140   82   43.00000   25.00000  41.9%  23.8 1620s
 2127314 1635589 infeasible  204        43.00000   25.00000  41.9%  23.8 1625s
 2135928 1641400   25.00000  147   94   43.00000   25.00000  41.9%  23.8 1630s
 2145488 1647173 infeasible  255        43.00000   25.00000  41.9%  23.8 1635s
 2156631 1655023   31.00000   73  152   43.00000   25.00000  41.9%  23.7 1640s
 2167438 1661608 infeasible  309        43.00000   25.00000  41.9%  23.7 1645s
 2181957 1670803 infeasible  364        43.00000   25.00000  41.9%  23.6 1650s
 2187084 1673146   34.00000  222  271   43.00000   25.00000  41.9%  23.6 1655s
 2196696 1678641   35.00000   84  123   43.00000   25.00000  41.9%  23.6 1660s
 2201935 1682042 infeasible   84        43.00000   25.00000  41.9%  23.6 1665s
 2208920 1687488   34.00000  158   98   43.00000   25.00000  41.9%  23.6 1670s
 2215780 1692012 infeasible  311        43.00000   25.00000  41.9%  23.6 1675s
 2226796 1699895   32.00000   71  346   43.00000   25.00000  41.9%  23.6 1680s
 2232932 1709289   42.00000  126  373   43.00000   25.00000  41.9%  23.6 1686s
 2241884 1709443 infeasible  388        43.00000   25.00000  41.9%  23.6 1690s
 2255553 1719953 infeasible  125        43.00000   25.00000  41.9%  23.5 1695s
 2270243 1731210 infeasible  227        43.00000   25.00000  41.9%  23.4 1700s
 2277164 1740413 infeasible  250        43.00000   25.00000  41.9%  23.4 1706s
 2291265 1743708 infeasible  446        43.00000   25.00000  41.9%  23.4 1710s
 2302523 1750692 infeasible  299        43.00000   25.00000  41.9%  23.3 1715s
 2314173 1758758   32.00000   75  244   43.00000   25.00000  41.9%  23.3 1720s
 2322597 1763491 infeasible  295        43.00000   25.00000  41.9%  23.3 1725s
 2335730 1773775 infeasible  349        43.00000   25.00000  41.9%  23.2 1730s
 2346528 1782900   34.00000  106  250   43.00000   25.00000  41.9%  23.2 1735s
 2352855 1793594   40.00000  206  297   43.00000   25.00000  41.9%  23.2 1740s
 2367928 1798185 infeasible  246        43.00000   25.00000  41.9%  23.1 1745s
 2377618 1805348   41.00000  163  441   43.00000   25.00000  41.9%  23.1 1750s
 2384158 1815293   37.00000  235  235   43.00000   25.00000  41.9%  23.1 1755s
 2398190 1818674 infeasible  240        43.00000   25.00000  41.9%  23.0 1760s
 2407678 1825632 infeasible  218        43.00000   25.00000  41.9%  23.0 1765s
 2414148 1836313 infeasible  248        43.00000   25.00000  41.9%  23.0 1770s
 2423345 1836574 infeasible  297        43.00000   25.00000  41.9%  23.0 1775s
 2435726 1843769 infeasible  192        43.00000   25.00000  41.9%  23.0 1780s
 2441986 1848014 infeasible  184        43.00000   25.00000  41.9%  22.9 1785s
 2452610 1855409 infeasible  186        43.00000   25.00000  41.9%  22.9 1790s
 2459588 1860048 infeasible  233        43.00000   25.00000  41.9%  22.9 1795s
 2469313 1866775 infeasible  179        43.00000   25.00000  41.9%  22.9 1800s

Cutting planes:
  Gomory: 2
  Cover: 24
  Implied bound: 59
  Projected implied bound: 1
  MIR: 14
  StrongCG: 9
  Flow cover: 124
  GUB cover: 34
  Inf proof: 40
  Relax-and-lift: 7

Explored 2469423 nodes (56481822 simplex iterations) in 1800.00 seconds (1737.35 work units)
Thread count was 8 (of 8 available processors)

Solution count 2: 43 44 

Time limit reached
Best objective 4.300000000000e+01, best bound 2.500000000000e+01, gap 41.8605%
! --------------------------------------------------------
! Status: FEASIBLE (time limit reached)
! Best span = 43
! Labeling: 17 35 7 34 1 1 7 1 4 39 36 5 1 1 1 20 19 21 29 30 18 23 37 6 31 38 28 40 7 27 13 25 14 26 25 25 16 7 33 3 11 10 8 9 26 36 36 42 15 2 32 22 12 24 43 42 7 1 41 
! --------------------------------------------------------
! All verification passed
