! Solving for graph /home/truongxuanhieu/Gurobi-for-MinSpanLabeling/benchmarks/cabp/H-impcol_b.mtx.rnd
! Target value is set to 7
! Lower bound is set to 8
! Upper bound is set to 59
! Time limit is set to 1800
! Vertices mode is set to Has hole
! Target value mode is set to Cyclic Antibandwidth
Set parameter WLSAccessID
Set parameter WLSSecret
Set parameter LicenseID to value 2663665
Academic license 2663665 - for non-commercial use only - registered to tu___@vnu.edu.vn
Set parameter OutputFlag to value 1
Set parameter TimeLimit to value 1800
Gurobi Optimizer version 13.0.2 build v13.0.2rc1 (linux64 - "Debian GNU/Linux 12 (bookworm)")

CPU model: Intel(R) Xeon(R) CPU @ 2.20GHz, instruction set [SSE2|AVX|AVX2]
Thread count: 4 physical cores, 8 logical processors, using up to 8 threads

Non-default parameters:
TimeLimit  1800

Academic license 2663665 - for non-commercial use only - registered to tu___@vnu.edu.vn
Optimize a model with 964 rows, 4162 columns and 8826 nonzeros (Min)
Model fingerprint: 0xef2dc077
Model has 1 linear objective coefficients
Model has 399 simple general constraints
  281 ABS, 118 INDICATOR
Variable types: 0 continuous, 4162 integer (3540 binary)
Coefficient statistics:
  Matrix range     [1e+00, 6e+01]
  Objective range  [1e+00, 1e+00]
  Bounds range     [1e+00, 6e+01]
  RHS range        [1e+00, 3e+01]
  GenCon rhs range [1e+00, 1e+00]
  GenCon coe range [1e+00, 1e+00]

Presolve added 738 rows and 533 columns
Presolve time: 0.07s
Presolved: 1702 rows, 4695 columns, 11206 nonzeros
Variable types: 0 continuous, 4695 integer (3792 binary)

Root relaxation: objective 1.400000e+01, 835 iterations, 0.01 seconds (0.01 work units)

    Nodes    |    Current Node    |     Objective Bounds      |     Work
 Expl Unexpl |  Obj  Depth IntInf | Incumbent    BestBd   Gap | It/Node Time

     0     0   14.00000    0  115          -   14.00000      -     -    0s
H    0     0                      59.0000000   14.00000  76.3%     -    0s
     0     0   14.00000    0  546   59.00000   14.00000  76.3%     -    0s
     0     0   14.00000    0  361   59.00000   14.00000  76.3%     -    0s
H    0     0                      56.0000000   14.00000  75.0%     -    0s
     0     0   14.00000    0  254   56.00000   14.00000  75.0%     -    0s
     0     0   14.00000    0  278   56.00000   14.00000  75.0%     -    0s
     0     0   14.00000    0  551   56.00000   14.00000  75.0%     -    0s
     0     0   14.00000    0  375   56.00000   14.00000  75.0%     -    0s
     0     0   14.00000    0  361   56.00000   14.00000  75.0%     -    0s
     0     0   14.00000    0  191   56.00000   14.00000  75.0%     -    1s
     0     0   14.00000    0  532   56.00000   14.00000  75.0%     -    1s
     0     0   14.00000    0  501   56.00000   14.00000  75.0%     -    1s
     0     0   14.00000    0  947   56.00000   14.00000  75.0%     -    1s
     0     0   14.00000    0  356   56.00000   14.00000  75.0%     -    1s
     0     0   14.00000    0  628   56.00000   14.00000  75.0%     -    2s
     0     0   14.00000    0  712   56.00000   14.00000  75.0%     -    2s
     0     0   14.00000    0  250   56.00000   14.00000  75.0%     -    2s
     0     0   14.00000    0  247   56.00000   14.00000  75.0%     -    2s
     0     0   14.00000    0  209   56.00000   14.00000  75.0%     -    2s
     0     2   14.00000    0  209   56.00000   14.00000  75.0%     -    2s
  3245  2457   23.00000  389  381   56.00000   14.00000  75.0%  13.7    5s
  3380  2483   15.00000   12  291   56.00000   15.00000  73.2%  20.6   10s
  4175  2944   54.00000   65  225   56.00000   15.00000  73.2%  32.6   15s
  4501  3172   28.00000   87  228   56.00000   15.00000  73.2%  36.0   20s
  5380  3897   32.50000  142  321   56.00000   15.00000  73.2%  37.5   25s
 11898  8312   35.00000  461  206   56.00000   15.00000  73.2%  29.1   30s
 14046 10468   44.00000  623  156   56.00000   15.00000  73.2%  26.6   35s
 20809 15500   21.00000   38  296   56.00000   15.00000  73.2%  21.7   40s
 26750 20696   23.00000  170  261   56.00000   15.00000  73.2%  19.5   45s
 31408 27004   53.00000  467  221   56.00000   15.00000  73.2%  18.1   55s
 41120 32639   37.00000  172  192   56.00000   15.00000  73.2%  16.7   60s
 44443 37063   40.00000  133  209   56.00000   15.00000  73.2%  16.5   65s
 54149 44102 infeasible  354        56.00000   15.00000  73.2%  15.2   70s
 54325 44274 infeasible  363        56.00000   15.00000  73.2%  15.4   75s
 54589 44509   44.00000  375   90   56.00000   15.00000  73.2%  15.5   80s
 54896 44762   21.00000   44  387   56.00000   15.00000  73.2%  15.7   85s
 55758 45519   55.00000   90  172   56.00000   15.00000  73.2%  15.7   90s
 56772 46384   29.00000   62  297   56.00000   15.00000  73.2%  15.8   95s
 60477 49849 infeasible  588        56.00000   15.00000  73.2%  15.5  100s
 70668 58337   36.00000  141  234   56.00000   15.00000  73.2%  14.8  105s
 76383 64451 infeasible   74        56.00000   15.00000  73.2%  14.7  110s
 83057 70630   37.00000  133  165   56.00000   15.00000  73.2%  14.8  115s
 90447 78458   49.00000  498  139   56.00000   15.00000  73.2%  14.4  120s
 98859 82265   53.00000  316  157   56.00000   15.00000  73.2%  14.2  125s
 106042 95357   21.00000   31  276   56.00000   15.00000  73.2%  14.0  132s
 114131 95412   53.00000   74  163   56.00000   15.00000  73.2%  13.6  135s
 121153 101790 infeasible  359        56.00000   15.00000  73.2%  13.4  140s
 132248 112063 infeasible  124        56.00000   15.00000  73.2%  13.1  145s
 134788 113556 infeasible  228        56.00000   15.00000  73.2%  13.1  150s
 144838 122509   37.00000   97  181   56.00000   15.00000  73.2%  12.8  155s
 150726 134636   55.00000  294  103   56.00000   15.00000  73.2%  12.8  162s
 158926 135550   42.00000  147  122   56.00000   15.00000  73.2%  12.6  165s
 166069 148211   49.00000   52  250   56.00000   15.00000  73.2%  12.5  171s
 176296 151102   42.00000   62  237   56.00000   15.00000  73.2%  12.4  175s
 189690 161961   36.00000  129  111   56.00000   15.00000  73.2%  12.0  180s
 194599 166257 infeasible  327        56.00000   15.00000  73.2%  12.0  185s
 194775 166412   42.00000   58  185   56.00000   15.00000  73.2%  12.1  190s
 204393 174835 infeasible  389        56.00000   15.00000  73.2%  11.9  195s
 209408 180430   37.00000  103  152   56.00000   16.00000  71.4%  11.9  200s
 220642 189876   35.00000   40  233   56.00000   17.00000  69.6%  11.8  205s
 231699 198303   31.00000  107  229   56.00000   17.00000  69.6%  11.7  210s
 239277 204548   44.00000  140  145   56.00000   17.00000  69.6%  11.8  215s
 248263 213040   54.00000  120  139   56.00000   17.00000  69.6%  11.7  220s
 258310 227543   29.00000   42  210   56.00000   18.00000  67.9%  11.7  226s
 271881 232227   35.00000   35  269   56.00000   18.00000  67.9%  11.7  230s
 280926 240226   21.00000   43  327   56.00000   18.00000  67.9%  11.7  235s
 287616 252928   53.00000   91  181   56.00000   18.00000  67.9%  11.7  240s
 302507 259594   53.00000  132  131   56.00000   19.00000  66.1%  11.6  245s
 313244 268000 infeasible  156        56.00000   19.00000  66.1%  11.6  250s
 326377 278985   46.00000  105  338   56.00000   19.00000  66.1%  11.5  255s
 332838 291436   30.00000   28  295   56.00000   20.00000  64.3%  11.6  260s
 347526 303950   53.00000   81  167   56.00000   21.00000  62.5%  11.4  265s
 361912 309279 infeasible  462        56.00000   21.00000  62.5%  11.3  270s
 374736 319746 infeasible  222        56.00000   21.00000  62.5%  11.2  275s
 385156 327996 infeasible  465        56.00000   21.00000  62.5%  11.2  280s
 391798 332927 infeasible  301        56.00000   21.00000  62.5%  11.3  285s
 401091 341924   43.00000  150  185   56.00000   21.00000  62.5%  11.3  290s
 409395 347151   42.00000   51  188   56.00000   21.00000  62.5%  11.4  295s
 420956 356808 infeasible  355        56.00000   21.00000  62.5%  11.4  300s
 430726 365345   28.00000   33  311   56.00000   21.00000  62.5%  11.4  305s
 443861 375541 infeasible  660        56.00000   21.00000  62.5%  11.4  310s
 450764 381309   43.00000   76  183   56.00000   21.00000  62.5%  11.5  315s
 460931 390767   44.00000   68  128   56.00000   21.00000  62.5%  11.5  320s
 473701 400532   28.00000  230  265   56.00000   21.00000  62.5%  11.5  325s
 480875 406298   46.00000  259  135   56.00000   21.00000  62.5%  11.6  330s
 491452 414978 infeasible  261        56.00000   21.00000  62.5%  11.6  335s
 504451 425623 infeasible  479        56.00000   21.00000  62.5%  11.6  340s
 510841 437295   49.00000   46  234   56.00000   21.00000  62.5%  11.6  346s
 520949 439982   49.00000   80  131   56.00000   21.00000  62.5%  11.6  350s
 529045 445880   35.00000   33  284   56.00000   21.00000  62.5%  11.6  355s
 537414 453153   29.00000   39  270   56.00000   21.00000  62.5%  11.7  360s
 541251 462513   36.00000   36  265   56.00000   21.00000  62.5%  11.7  365s
 554644 467733   21.00000   32  374   56.00000   21.00000  62.5%  11.7  370s
 564910 475519   42.00000   81  133   56.00000   21.00000  62.5%  11.6  375s
 574992 483745   39.00000  128  239   56.00000   21.00000  62.5%  11.7  380s
 585160 492075   21.00000   43  355   56.00000   21.00000  62.5%  11.7  385s
 593635 499077 infeasible   55        56.00000   21.00000  62.5%  11.8  390s
 603849 507362 infeasible  685        56.00000   21.00000  62.5%  11.8  395s
 613722 516283   44.00000   48  266   56.00000   21.00000  62.5%  11.8  400s
 624123 524260 infeasible  453        56.00000   21.00000  62.5%  11.9  405s
 638190 536199 infeasible  183        56.00000   21.00000  62.5%  11.8  410s
 645052 543788   42.00000   69  244   56.00000   21.00000  62.5%  11.8  415s
 655000 549810   50.00000  164  137   56.00000   21.00000  62.5%  11.9  420s
 660318 560639   28.00000   47  218   56.00000   21.00000  62.5%  12.0  425s
 674734 567091   28.00000   39  283   56.00000   21.00000  62.5%  12.0  430s
 683218 572772 infeasible  168        56.00000   21.00000  62.5%  12.0  435s
 690189 584778   42.00000   69  149   56.00000   21.00000  62.5%  12.1  440s
 702872 588727   49.00000   33  199   56.00000   21.00000  62.5%  12.1  445s
 712950 597650   35.00000   48  225   56.00000   21.00000  62.5%  12.1  450s
 719672 609209   49.00000   68  115   56.00000   21.00000  62.5%  12.1  455s
 732963 614423   49.00000   55  217   56.00000   21.00000  62.5%  12.1  460s
 742874 621520 infeasible   79        56.00000   21.00000  62.5%  12.1  465s
 749064 633240   49.00000  111  124   56.00000   21.00000  62.5%  12.1  470s
 762083 637260 infeasible  283        56.00000   21.00000  62.5%  12.1  475s
 771883 645756   42.00000   37  281   56.00000   21.00000  62.5%  12.1  480s
 778473 657184   49.00000   92  175   56.00000   21.00000  62.5%  12.2  485s
 791174 660987 infeasible   89        56.00000   21.00000  62.5%  12.2  490s
 801651 669590 infeasible   53        56.00000   21.00000  62.5%  12.2  495s
 808471 681372   28.00000   40  394   56.00000   21.00000  62.5%  12.2  500s
 821391 685088 infeasible   72        56.00000   21.00000  62.5%  12.2  505s
 831805 693434   55.00000   93  234   56.00000   21.00000  62.5%  12.2  510s
 838966 705500   44.00000  158  274   56.00000   21.00000  62.5%  12.3  516s
 851097 708860   42.00000   36  169   56.00000   21.00000  62.5%  12.3  520s
 859342 715312 infeasible  262        56.00000   21.00000  62.5%  12.3  525s
 866565 720820   37.00000   37  223   56.00000   21.00000  62.5%  12.4  530s
 870238 730223   51.00000  187  102   56.00000   21.00000  62.5%  12.4  535s
 882298 733201 infeasible  142        56.00000   21.00000  62.5%  12.4  540s
 893325 741644 infeasible  173        56.00000   21.00000  62.5%  12.5  545s
 896676 744760   45.00000   99  133   56.00000   21.00000  62.5%  12.5  550s
 909637 754507   37.00000   57  185   56.00000   21.00000  62.5%  12.5  555s
 916472 759755 infeasible  359        56.00000   21.00000  62.5%  12.5  560s
 926801 767821 infeasible  125        56.00000   21.00000  62.5%  12.5  565s
 939383 778048 infeasible  199        56.00000   21.00000  62.5%  12.5  570s
 945190 784096   51.00000  148   79   56.00000   21.00000  62.5%  12.6  575s
 955006 790565   35.00000   34  353   56.00000   21.00000  62.5%  12.5  580s
 962249 802951   35.00000   36  195   56.00000   21.00000  62.5%  12.6  586s
 970628 803624   43.00000   94  125   56.00000   21.00000  62.5%  12.6  590s
 976779 808044   35.00000   53  180   56.00000   21.00000  62.5%  12.6  595s
 984830 814615   35.00000   46  242   56.00000   21.00000  62.5%  12.6  600s
 991053 820104   49.00000  122  147   56.00000   21.00000  62.5%  12.7  605s
 1001021 827788 infeasible   56        56.00000   21.00000  62.5%  12.6  610s
 1007340 839145   49.00000   40  183   56.00000   21.00000  62.5%  12.7  616s
 1018484 842076   28.00000  145  309   56.00000   21.00000  62.5%  12.7  620s
 1030904 851324 infeasible  254        56.00000   21.00000  62.5%  12.7  625s
 1033760 854195   49.00000   82  140   56.00000   21.00000  62.5%  12.7  630s
 1046659 864049 infeasible  100        56.00000   21.00000  62.5%  12.7  635s
 1052918 869084 infeasible  255        56.00000   21.00000  62.5%  12.7  640s
 1061563 876193   28.00000   31  236   56.00000   21.00000  62.5%  12.8  645s
 1067925 887959   37.00000   40  268   56.00000   21.00000  62.5%  12.8  651s
 1076500 888693   28.00000   45  331   56.00000   21.00000  62.5%  12.8  655s
 1082356 899740   35.00000   44  501   56.00000   21.00000  62.5%  12.8  661s
 1093830 903432   49.00000   64  230   56.00000   21.00000  62.5%  12.8  665s
 1097036 911208   42.00000   29  214   56.00000   21.00000  62.5%  12.8  671s
 1107106 913476   49.00000  160  202   56.00000   21.00000  62.5%  12.9  675s
 1111578 921392   43.00000  122  200   56.00000   21.00000  62.5%  12.9  680s
 1123362 924257   42.00000  203  347   56.00000   22.00000  60.7%  12.9  685s
 1132318 929973   55.00000  241  171   56.00000   22.00000  60.7%  13.0  690s
 1140048 935213 infeasible   73        56.00000   22.00000  60.7%  13.0  695s
 1148911 940764 infeasible  171        56.00000   22.00000  60.7%  13.1  700s
 1153104 943609   44.00000  144  285   56.00000   22.00000  60.7%  13.2  705s
 1156230 950041   37.00000  178  219   56.00000   22.00000  60.7%  13.2  713s
 1164287 950077   48.00000  233  139   56.00000   22.00000  60.7%  13.3  715s
 1171573 961763   30.00000   51  271   56.00000   22.00000  60.7%  13.4  723s
 1179629 961787   50.00000   52  215   56.00000   22.00000  60.7%  13.4  725s
 1188414 968596   50.00000  195  160   56.00000   22.00000  60.7%  13.4  730s
 1193043 972043 infeasible  127        56.00000   22.00000  60.7%  13.5  735s
 1200639 977735 infeasible  114        56.00000   22.00000  60.7%  13.5  740s
 1208982 983580 infeasible  176        56.00000   22.00000  60.7%  13.5  745s
 1216398 989489   42.00000   68  236   56.00000   22.00000  60.7%  13.6  750s
 1223512 994452   49.00000   45  194   56.00000   22.00000  60.7%  13.6  755s
 1231511 1000512 infeasible  379        56.00000   22.00000  60.7%  13.6  760s
 1241115 1008208   49.00000  207   57   56.00000   22.00000  60.7%  13.6  765s
 1247477 1013428   28.00000   62  314   56.00000   22.00000  60.7%  13.7  770s
 1255650 1019388   42.00000   41  238   56.00000   22.00000  60.7%  13.7  775s
 1260400 1022993   35.00000   34  232   56.00000   22.00000  60.7%  13.8  780s
 1267585 1027566 infeasible  217        56.00000   22.00000  60.7%  13.8  785s
 1274652 1031960 infeasible  136        56.00000   22.00000  60.7%  13.9  790s
 1280575 1036861   35.00000   30  324   56.00000   22.00000  60.7%  14.0  795s
 1287336 1041765   42.00000  196  202   56.00000   22.00000  60.7%  14.0  800s
 1291009 1048664   48.00000  164  225   56.00000   22.00000  60.7%  14.1  806s
 1300347 1049582   43.00000   63  165   56.00000   22.00000  60.7%  14.1  810s
 1306660 1054306   43.00000   49  168   56.00000   22.00000  60.7%  14.1  815s
 1313551 1058029   36.00000   45  187   56.00000   22.00000  60.7%  14.2  820s
 1320208 1062925   42.00000  115  193   56.00000   22.00000  60.7%  14.3  825s
 1328201 1068888   40.00000  207  273   56.00000   22.00000  60.7%  14.3  830s
 1336223 1074129   49.00000   77  122   56.00000   22.00000  60.7%  14.3  835s
 1345143 1080824   53.00000  110  124   56.00000   22.00000  60.7%  14.4  840s
 1349621 1090157   50.00000  235   97   56.00000   22.00000  60.7%  14.4  846s
 1359993 1092282   35.00000  126  236   56.00000   22.00000  60.7%  14.4  850s
 1364496 1100922   42.00000  143  228   56.00000   22.00000  60.7%  14.4  855s
 1375562 1103582   43.00000  121  225   56.00000   22.00000  60.7%  14.5  860s
 1379813 1112259   33.00000   70  199   56.00000   22.00000  60.7%  14.5  866s
 1389728 1114102   55.00000  196  179   56.00000   22.00000  60.7%  14.5  870s
 1394493 1123352   35.00000   50  263   56.00000   22.00000  60.7%  14.5  875s
 1403273 1123882   37.00000   57  195   56.00000   22.00000  60.7%  14.5  880s
 1410799 1129521 infeasible  236        56.00000   22.00000  60.7%  14.5  885s
 1418037 1135008   37.00000   64  212   56.00000   22.00000  60.7%  14.6  890s
 1423910 1145467   43.00000   49  165   56.00000   22.00000  60.7%  14.6  896s
 1432512 1146262   42.00000   49  194   56.00000   22.00000  60.7%  14.7  900s
 1438661 1155162   50.00000   54  147   56.00000   22.00000  60.7%  14.7  905s
 1447686 1156966   37.00000   38  228   56.00000   22.00000  60.7%  14.7  910s
 1454145 1162414   55.00000  327   66   56.00000   22.00000  60.7%  14.8  915s
 1461890 1167342   49.00000   59  146   56.00000   22.00000  60.7%  14.8  920s
 1469070 1178649   36.00000   61  227   56.00000   22.00000  60.7%  14.8  927s
 1477853 1179146     cutoff  130        56.00000   22.00000  60.7%  14.8  930s
 1484184 1188850   43.00000   47  142   56.00000   22.00000  60.7%  14.9  937s
 1492257 1188853   42.00000   62  214   56.00000   22.50000  59.8%  14.9  940s
 1497566 1191196 infeasible  337        56.00000   23.00000  58.9%  15.0  945s
 1504221 1194317   44.00000  273  203   56.00000   23.00000  58.9%  15.0  950s
 1509460 1197187 infeasible  462        56.00000   23.00000  58.9%  15.0  955s
 1515714 1200693 infeasible  300        56.00000   23.00000  58.9%  15.1  960s
 1519109 1203292   52.00000  393  155   56.00000   23.00000  58.9%  15.1  965s
 1524203 1206383   44.00000  160  140   56.00000   23.00000  58.9%  15.2  970s
 1529000 1214475   42.00000   51  231   56.00000   23.00000  58.9%  15.2  977s
 1537125 1215140   51.00000  120  119   56.00000   23.00000  58.9%  15.2  980s
 1543764 1224768   30.00000   33  225   56.00000   23.00000  58.9%  15.3  988s
 1551854 1224810   42.00000   53  154   56.00000   23.00000  58.9%  15.3  990s
 1557170 1228860   49.00000   47  156   56.00000   23.00000  58.9%  15.3  995s
 1564185 1233658   49.00000  207  178   56.00000   23.00000  58.9%  15.4 1000s
 1570463 1237184   43.00000  114  309   56.00000   23.00000  58.9%  15.4 1005s
 1576040 1240981 infeasible   92        56.00000   23.00000  58.9%  15.5 1010s
 1579723 1243274   37.00000   63  169   56.00000   23.00000  58.9%  15.5 1015s
 1585181 1247003 infeasible  325        56.00000   23.00000  58.9%  15.5 1020s
 1587778 1254339   36.00000   70  251   56.00000   23.00000  58.9%  15.5 1026s
 1595932 1254498   42.00000  129  171   56.00000   23.00000  58.9%  15.6 1030s
 1599959 1257408   36.00000   72  265   56.00000   23.00000  58.9%  15.6 1035s
 1602215 1264529   49.00000   53  167   56.00000   23.00000  58.9%  15.6 1041s
 1610685 1265347   37.00000   67  202   56.00000   23.00000  58.9%  15.6 1045s
 1615334 1267744 infeasible  131        56.00000   23.00000  58.9%  15.6 1050s
 1616983 1274498   51.00000   57  139   56.00000   23.00000  58.9%  15.7 1057s
 1625408 1274730   34.00000   59  219   56.00000   23.00000  58.9%  15.7 1060s
 1629513 1278172   35.00000   41  216   56.00000   23.00000  58.9%  15.7 1065s
 1631581 1278940 infeasible   75        56.00000   23.00000  58.9%  15.7 1071s
 1631598 1283619   49.00000   75  133   56.00000   23.00000  58.9%  15.7 1093s
 1639598 1283630 infeasible   65        56.00000   23.00000  58.9%  15.8 1095s
 1640774 1285973   50.00000  156  170   56.00000   23.00000  58.9%  15.8 1100s
 1646838 1293661   30.00000   40  242   56.00000   23.00000  58.9%  15.8 1108s
 1654911 1293723   42.00000   47  214   56.00000   23.00000  58.9%  15.9 1110s
 1660728 1298242   33.00000   88  216   56.00000   23.00000  58.9%  15.9 1115s
 1667788 1301915   51.00000   42  143   56.00000   23.00000  58.9%  16.0 1120s
 1672767 1304718 infeasible   64        56.00000   23.00000  58.9%  16.0 1125s
 1677761 1313290   35.00000  317  208   56.00000   23.00000  58.9%  16.1 1133s
 1685860 1313331   42.00000   75  219   56.00000   23.00000  58.9%  16.1 1135s
 1691063 1316924   32.00000  257  243   56.00000   23.00000  58.9%  16.1 1140s
 1693023 1321883   37.00000   53  252   56.00000   23.50000  58.0%  16.1 1145s
 1703709 1323121 infeasible  148        56.00000   24.00000  57.1%  16.2 1150s
 1707504 1330140   29.00000   76  266   56.00000   24.00000  57.1%  16.2 1156s
 1715836 1330304   54.00000  175  131   56.00000   24.00000  57.1%  16.3 1160s
 1721630 1333612 infeasible  210        56.00000   24.00000  57.1%  16.3 1165s
 1730881 1339103   52.00000  206  194   56.00000   24.00000  57.1%  16.4 1170s
 1734266 1341373   45.00000  137  183   56.00000   24.00000  57.1%  16.4 1175s
 1737586 1346935   44.00000  140  201   56.00000   24.00000  57.1%  16.4 1181s
 1746773 1348152   42.00000   54  310   56.00000   24.00000  57.1%  16.5 1185s
 1752264 1354946   46.00000  291  163   56.00000   24.00000  57.1%  16.6 1194s
 1760264 1354948 infeasible  146        56.00000   24.00000  57.1%  16.6 1195s
 1765788 1358281   42.00000   38  190   56.00000   24.00000  57.1%  16.7 1200s
 1775299 1363995   38.00000   98  240   56.00000   24.00000  57.1%  16.7 1205s
 1780237 1366844 infeasible   89        56.00000   24.00000  57.1%  16.7 1210s
 1786102 1371015   35.00000   43  192   56.00000   24.00000  57.1%  16.8 1215s
 1791055 1373943   46.00000   52  178   56.00000   24.00000  57.1%  16.8 1220s
 1796451 1381520   42.00000   40  255   56.00000   24.00000  57.1%  16.9 1226s
 1806475 1383970   42.00000   46  144   56.00000   24.00000  57.1%  16.9 1230s
 1813104 1387114   47.00000   85  122   56.00000   24.00000  57.1%  16.9 1235s
 1819367 1391268   42.00000  130  201   56.00000   24.50000  56.2%  17.0 1240s
 1825724 1398995   53.00000  213  250   56.00000   25.00000  55.4%  17.0 1247s
 1833859 1399057 infeasible  206        56.00000   25.00000  55.4%  17.0 1250s
 1838451 1401667   37.00000   39  225   56.00000   25.00000  55.4%  17.0 1255s
 1844206 1404982   38.00000  103  222   56.00000   25.00000  55.4%  17.1 1260s
 1851500 1410327   35.00000  175  210   56.00000   25.00000  55.4%  17.1 1265s
 1855139 1416721   45.00000   88  169   56.00000   25.00000  55.4%  17.1 1271s
 1863292 1417167   54.00000  126  138   56.00000   25.00000  55.4%  17.2 1275s
 1868573 1420287   35.00000   44  247   56.00000   25.00000  55.4%  17.2 1280s
 1870237 1425576   54.00000   30  177   56.00000   25.00000  55.4%  17.2 1285s
 1881612 1427435 infeasible  184        56.00000   25.00000  55.4%  17.3 1290s
 1884691 1434250   55.00000  316  162   56.00000   25.00000  55.4%  17.3 1297s
 1892879 1434936   55.00000  145  123   56.00000   25.00000  55.4%  17.4 1300s
 1898911 1437934 infeasible  136        56.00000   25.00000  55.4%  17.4 1305s
 1899987 1441704   53.00000  135  133   56.00000   25.00000  55.4%  17.4 1310s
 1908653 1443194 infeasible   90        56.00000   25.00000  55.4%  17.5 1315s
 1914896 1451782   42.00000   38  241   56.00000   25.00000  55.4%  17.6 1324s
 1922896 1451780 infeasible   57        56.00000   25.00000  55.4%  17.6 1325s
 1927870 1455450   25.00000   17  344   56.00000   25.00000  55.4%  17.7 1330s
 1930195 1460346   42.00000   47  257   56.00000   25.50000  54.5%  17.7 1335s
 1940010 1461656   49.00000  444  171   56.00000   26.00000  53.6%  17.7 1340s
 1945092 1468644   52.00000  155  129   56.00000   26.00000  53.6%  17.8 1347s
 1953252 1469208   44.00000   54  236   56.00000   26.00000  53.6%  17.8 1350s
 1959587 1472741   35.00000  181  184   56.00000   26.00000  53.6%  17.8 1355s
 1967508 1477462   41.00000  192  165   56.00000   26.00000  53.6%  17.8 1360s
 1973273 1480675   42.00000  125  235   56.00000   26.00000  53.6%  17.9 1365s
 1979418 1483881 infeasible  164        56.00000   26.00000  53.6%  17.9 1370s
 1985504 1488167   42.00000  115  144   56.00000   26.00000  53.6%  17.9 1375s
 1992566 1491516 infeasible  142        56.00000   26.00000  53.6%  18.0 1380s
 1996336 1494358   53.00000   42  192   56.00000   26.00000  53.6%  18.0 1385s
 2003115 1498289   39.00000  116  150   56.00000   26.00000  53.6%  18.0 1390s
 2012271 1502899 infeasible  132        56.00000   26.00000  53.6%  18.1 1395s
 2015697 1504874 infeasible  119        56.00000   26.00000  53.6%  18.1 1400s
 2018775 1511621   49.00000   69  192   56.00000   26.00000  53.6%  18.2 1407s
 2026872 1511703   42.00000   28  255   56.00000   26.00000  53.6%  18.2 1410s
 2032859 1515242   53.00000   95  183   56.00000   26.00000  53.6%  18.2 1415s
 2034025 1520378   42.00000   41  220   56.00000   26.00000  53.6%  18.2 1421s
 2043998 1522403   45.00000  209  164   56.00000   26.50000  52.7%  18.3 1425s
 2048595 1528647   50.00000  164  112   56.00000   27.00000  51.8%  18.3 1431s
 2057143 1529199 infeasible  239        56.00000   27.00000  51.8%  18.3 1435s
 2063550 1532632   44.00000   74  207   56.00000   27.00000  51.8%  18.4 1440s
 2071619 1536888   42.00000   44  164   56.00000   27.00000  51.8%  18.4 1445s
 2074663 1538521 infeasible  268        56.00000   27.00000  51.8%  18.4 1450s
 2078570 1544980   37.00000  125  210   56.00000   27.00000  51.8%  18.4 1456s
 2086886 1545168   44.00000   59   91   56.00000   27.00000  51.8%  18.5 1460s
 2093254 1553667   34.00000   40  269   56.00000   27.00000  51.8%  18.5 1469s
 2101254 1553690 infeasible  370        56.00000   27.00000  51.8%  18.5 1470s
 2106187 1556306 infeasible   71        56.00000   27.00000  51.8%  18.6 1475s
 2112593 1559510   40.00000   98  167   56.00000   27.50000  50.9%  18.6 1480s
 2119327 1561639     cutoff   86        56.00000   28.00000  50.0%  18.7 1485s
 2122954 1565806   55.00000  209  105   56.00000   28.00000  50.0%  18.7 1493s
 2131071 1565849   28.00000   71  250   56.00000   28.00000  50.0%  18.7 1495s
 2138205 1575083   35.00000   62  133   56.00000   28.00000  50.0%  18.7 1502s
 2148136 1576225 infeasible  328        56.00000   28.00000  50.0%  18.7 1505s
 2154800 1582970 infeasible   68        56.00000   28.00000  50.0%  18.7 1510s
 2163396 1585967 infeasible   73        56.00000   28.00000  50.0%  18.7 1515s
 2167547 1592188   49.00000  179  136   56.00000   28.00000  50.0%  18.7 1521s
 2175683 1592251   44.00000   65  132   56.00000   28.00000  50.0%  18.8 1525s
 2180176 1594264 infeasible  107        56.00000   28.00000  50.0%  18.8 1530s
 2187487 1598019   47.00000  171  129   56.00000   28.00000  50.0%  18.8 1535s
 2194796 1601827 infeasible   68        56.00000   28.00000  50.0%  18.8 1540s
 2197923 1608223   50.00000  119  146   56.00000   28.00000  50.0%  18.8 1548s
 2205770 1608272   51.00000   47  132   56.00000   28.00000  50.0%  18.8 1550s
 2209610 1610747 infeasible  151        56.00000   28.00000  50.0%  18.8 1555s
 2212903 1616267   49.00000   63  153   56.00000   28.00000  50.0%  18.9 1562s
 2221002 1616300   55.00000   97  150   56.00000   28.00000  50.0%  18.9 1565s
 2223549 1617552 infeasible  186        56.00000   28.00000  50.0%  18.9 1570s
 2227382 1623331   42.00000  204  338   56.00000   28.00000  50.0%  18.9 1576s
 2235554 1623371   46.00000  223  136   56.00000   28.00000  50.0%  18.9 1580s
 2241515 1627180   36.00000   44  206   56.00000   28.00000  50.0%  19.0 1585s
 2250758 1632185   49.00000   69  168   56.00000   28.00000  50.0%  19.0 1590s
 2257031 1635969 infeasible   70        56.00000   28.00000  50.0%  19.0 1595s
 2260374 1637722   35.00000   46  220   56.00000   28.00000  50.0%  19.0 1600s
 2265104 1641050   36.00000  214  191   56.00000   28.00000  50.0%  19.1 1605s
 2272059 1648242   42.00000  108  203   56.00000   28.00000  50.0%  19.1 1612s
 2280210 1648313 infeasible  113        56.00000   28.00000  50.0%  19.1 1615s
 2287223 1652158 infeasible  155        56.00000   28.00000  50.0%  19.1 1620s
 2295353 1656947   42.00000   67  166   56.00000   28.00000  50.0%  19.1 1625s
 2295824 1657127 infeasible  168        56.00000   28.00000  50.0%  19.2 1630s
 2301390 1660355   51.00000   39  144   56.00000   28.00000  50.0%  19.2 1635s
 2306425 1663547   36.00000   62  216   56.00000   28.00000  50.0%  19.2 1640s
 2313683 1667073   43.00000   64  201   56.00000   28.00000  50.0%  19.2 1645s
 2317711 1673292   49.00000   45  158   56.00000   28.00000  50.0%  19.3 1653s
 2325782 1673330   49.00000   82  149   56.00000   28.00000  50.0%  19.3 1655s
 2328724 1675538   39.00000   61  181   56.00000   28.00000  50.0%  19.3 1660s
 2336111 1678501 infeasible   54        56.00000   28.00000  50.0%  19.4 1665s
 2340922 1681674   42.00000   83  255   56.00000   28.00000  50.0%  19.4 1670s
 2347055 1684433   36.00000   35  199   56.00000   28.00000  50.0%  19.4 1675s
 2355216 1689609 infeasible  248        56.00000   28.00000  50.0%  19.4 1680s
 2359317 1691574 infeasible   60        56.00000   28.00000  50.0%  19.4 1685s
 2361895 1696657   43.00000   40  207   56.00000   28.00000  50.0%  19.5 1693s
 2369936 1696683   50.00000   62  203   56.00000   28.00000  50.0%  19.5 1695s
 2373321 1699172   42.00000   48  241   56.00000   28.00000  50.0%  19.5 1700s
 2380267 1701897 infeasible  123        56.00000   28.00000  50.0%  19.6 1705s
 2386838 1706022   44.00000   46  204   56.00000   28.00000  50.0%  19.6 1710s
 2391163 1711819   35.00000   64  250   56.00000   28.00000  50.0%  19.6 1716s
 2399331 1711918   49.00000   42  194   56.00000   28.00000  50.0%  19.6 1720s
 2405979 1715174 infeasible   62        56.00000   28.00000  50.0%  19.7 1725s
 2414018 1719459 infeasible  164        56.00000   28.00000  50.0%  19.7 1730s
 2416017 1720510   43.00000   73  200   56.00000   28.00000  50.0%  19.7 1735s
 2420628 1726862   35.00000   72  288   56.00000   28.00000  50.0%  19.8 1742s
 2428699 1726919 infeasible   65        56.00000   28.00000  50.0%  19.8 1745s
 2433021 1729756   49.00000   78  188   56.00000   28.00000  50.0%  19.8 1750s
 2440831 1733380 infeasible  284        56.00000   28.00000  50.0%  19.9 1755s
 2444062 1735057   37.00000   35  316   56.00000   28.00000  50.0%  19.9 1760s
 2449741 1742650   40.00000   54  260   56.00000   28.00000  50.0%  19.9 1767s
 2457828 1742715   42.00000   41  273   56.00000   28.00000  50.0%  19.9 1770s
 2461527 1744653   54.00000  228  182   56.00000   28.00000  50.0%  20.0 1775s
 2468661 1748389 infeasible   56        56.00000   28.00000  50.0%  20.0 1781s
 2472740 1751009   47.00000   79  209   56.00000   28.00000  50.0%  20.0 1785s
 2477007 1753147   42.00000   37  228   56.00000   28.00000  50.0%  20.1 1790s
 2479793 1758143   43.00000   52  250   56.00000   28.00000  50.0%  20.1 1798s
 2487869 1758228   42.00000  100  215   56.00000   28.00000  50.0%  20.1 1800s

Cutting planes:
  Gomory: 2
  Cover: 23
  Implied bound: 200
  Projected implied bound: 1
  Clique: 1
  MIR: 18
  StrongCG: 10
  Flow cover: 54
  GUB cover: 40
  Inf proof: 2
  Zero half: 8
  Relax-and-lift: 3

Explored 2487900 nodes (50073456 simplex iterations) in 1800.00 seconds (1084.39 work units)
Thread count was 8 (of 8 available processors)

Solution count 2: 56 59 

Time limit reached
Best objective 5.600000000000e+01, best bound 2.800000000000e+01, gap 50.0000%
! --------------------------------------------------------
! Status: FEASIBLE (time limit reached)
! Best span = 56
! Labeling: 1 1 1 8 1 1 1 1 8 1 15 1 1 8 1 1 8 15 15 22 29 22 22 8 15 8 15 1 15 1 29 36 8 15 1 1 15 8 22 1 15 29 29 8 36 8 15 36 8 8 1 22 8 36 43 15 36 50 56 
! --------------------------------------------------------
! All verification passed
