! Solving for graph /home/truongxuanhieu/Gurobi-for-MinSpanLabeling/benchmarks/cabp/L-bcspwr03.mtx.rnd
! Target value is set to 29
! Lower bound is set to 30
! Upper bound is set to 118
! Time limit is set to 1800
! Vertices mode is set to Has hole
! Target value mode is set to Cyclic Antibandwidth
Set parameter WLSAccessID
Set parameter WLSSecret
Set parameter LicenseID to value 2663665
Academic license 2663665 - for non-commercial use only - registered to tu___@vnu.edu.vn
Set parameter OutputFlag to value 1
Set parameter TimeLimit to value 1800
Gurobi Optimizer version 13.0.2 build v13.0.2rc1 (linux64 - "Debian GNU/Linux 12 (bookworm)")

CPU model: Intel(R) Xeon(R) CPU @ 2.20GHz, instruction set [SSE2|AVX|AVX2]
Thread count: 4 physical cores, 8 logical processors, using up to 8 threads

Non-default parameters:
TimeLimit  1800

Academic license 2663665 - for non-commercial use only - registered to tu___@vnu.edu.vn
Optimize a model with 776 rows, 14519 columns and 29277 nonzeros (Min)
Model fingerprint: 0xffe06a1f
Model has 1 linear objective coefficients
Model has 415 simple general constraints
  179 ABS, 236 INDICATOR
Variable types: 0 continuous, 14519 integer (14042 binary)
Coefficient statistics:
  Matrix range     [1e+00, 1e+02]
  Objective range  [1e+00, 1e+00]
  Bounds range     [1e+00, 1e+02]
  RHS range        [1e+00, 6e+01]
  GenCon rhs range [1e+00, 1e+00]
  GenCon coe range [1e+00, 1e+00]

Presolve added 711 rows and 299 columns
Presolve time: 0.15s
Presolved: 1487 rows, 14818 columns, 31355 nonzeros
Variable types: 0 continuous, 14818 integer (14162 binary)

Root relaxation: objective 5.800000e+01, 822 iterations, 0.01 seconds (0.00 work units)

    Nodes    |    Current Node    |     Objective Bounds      |     Work
 Expl Unexpl |  Obj  Depth IntInf | Incumbent    BestBd   Gap | It/Node Time

     0     0   58.00000    0  215          -   58.00000      -     -    0s
H    0     0                     118.0000000   58.00000  50.8%     -    0s
     0     0   58.00000    0  544  118.00000   58.00000  50.8%     -    0s
     0     0   58.00000    0  550  118.00000   58.00000  50.8%     -    0s
     0     0   58.00000    0  497  118.00000   58.00000  50.8%     -    0s
     0     0   58.00000    0  571  118.00000   58.00000  50.8%     -    0s
     0     0   58.00000    0  545  118.00000   58.00000  50.8%     -    0s
     0     0   58.00000    0  545  118.00000   58.00000  50.8%     -    0s
     0     0   58.00000    0  281  118.00000   58.00000  50.8%     -    1s
     0     0   58.00000    0  264  118.00000   58.00000  50.8%     -    1s
     0     0   58.00000    0  196  118.00000   58.00000  50.8%     -    1s
     0     0   58.00000    0  618  118.00000   58.00000  50.8%     -    1s
     0     0   58.00000    0  509  118.00000   58.00000  50.8%     -    1s
     0     0   58.00000    0  500  118.00000   58.00000  50.8%     -    1s
     0     0   58.00000    0  354  118.00000   58.00000  50.8%     -    2s
     0     0   58.00000    0  353  118.00000   58.00000  50.8%     -    2s
     0     0   58.00000    0  273  118.00000   58.00000  50.8%     -    2s
     0     2   58.00000    0  272  118.00000   58.00000  50.8%     -    2s
H 2075   528                     117.0000000   58.00000  50.4%   3.5    4s
  2164   573   65.00000  423  264  117.00000   58.00000  50.4%   3.4    5s
H 4821  2393                     116.0000000   58.00000  50.0%   2.8    7s
  5282  2745   91.00000  718  303  116.00000   58.00000  50.0%   2.7   10s
  5317  2778   59.00000   19  290  116.00000   59.00000  49.1%   5.7   15s
  6055  2963   65.00000  127  259  116.00000   59.00000  49.1%   9.1   20s
  7554  3321   65.00000  323  232  116.00000   59.00000  49.1%  10.3   25s
  8319  3427   59.00000   73  241  116.00000   59.00000  49.1%  13.4   30s
  8845  3561   90.00000  160  203  116.00000   59.00000  49.1%  16.7   35s
 10470  4288   59.00000  258  226  116.00000   59.00000  49.1%  17.9   41s
 12588  5305   84.00000  713  200  116.00000   59.00000  49.1%  17.2   45s
 15751  7832  112.00000 1256  119  116.00000   59.00000  49.1%  15.1   50s
 18635  9591  109.00000  582  230  116.00000   59.00000  49.1%  13.7   55s
 21334 11966   94.00000  308  236  116.00000   59.00000  49.1%  12.6   65s
 25060 14686   93.00000   78  256  116.00000   59.00000  49.1%  11.7   70s
 28810 17957   95.00000  219  230  116.00000   59.00000  49.1%  10.8   75s
 31363 20219  103.00000   79  233  116.00000   59.00000  49.1%  10.4   80s
 32939 21348  112.00000   97  230  116.00000   59.00000  49.1%  10.1   85s
 34006 23067  105.00000  107  228  116.00000   59.00000  49.1%   9.9   90s
 37883 26202  109.00000  102  273  116.00000   59.00000  49.1%   9.4   95s
 40564 27910   87.00000  247  205  116.00000   59.00000  49.1%   9.1  100s
 41871 29405  107.00000  709  192  116.00000   59.00000  49.1%   9.0  105s
 45673 33094  107.00000 1376  152  116.00000   59.00000  49.1%   8.6  110s
 50377 36289   87.00000   92  233  116.00000   59.00000  49.1%   8.2  115s
 55327 40667 infeasible  993       116.00000   59.00000  49.1%   7.8  120s
 60788 46049   88.00000  918  202  116.00000   59.00000  49.1%   7.6  125s
 65317 50007   99.00000  496  231  116.00000   59.00000  49.1%   7.3  130s
 70467 54236  115.00000   38  200  116.00000   59.00000  49.1%   7.2  135s
 75044 57782 infeasible  673       116.00000   59.00000  49.1%   7.0  140s
 77297 59779   79.00000   49  214  116.00000   59.00000  49.1%   7.0  145s
 82623 64615  108.00000  400  200  116.00000   59.00000  49.1%   7.0  150s
 84204 67200   87.00000   65  242  116.00000   59.00000  49.1%   7.0  155s
 86988 67990   89.00000  304  216  116.00000   59.00000  49.1%   7.0  160s
 87177 69611   89.00000  343  206  116.00000   59.00000  49.1%   7.0  165s
 93586 73780 infeasible  248       116.00000   59.00000  49.1%   6.8  170s
 97694 76857  115.00000  383  180  116.00000   59.00000  49.1%   6.8  175s
 101196 80261   89.00000  336  206  116.00000   59.00000  49.1%   6.8  180s
 104889 86043  115.00000  559  177  116.00000   59.00000  49.1%   6.7  187s
 109327 86410 infeasible  135       116.00000   59.00000  49.1%   6.7  190s
 113416 89684 infeasible  420       116.00000   59.00000  49.1%   6.7  195s
 119307 94780  112.00000 1198  124  116.00000   59.00000  49.1%   6.6  200s
 119639 95013 infeasible   53       116.00000   59.00000  49.1%   6.7  205s
 124540 99193   87.00000  193  228  116.00000   59.00000  49.1%   6.7  210s
 129561 103537 infeasible  969       116.00000   59.00000  49.1%   6.6  215s
 130787 104650 infeasible  127       116.00000   59.00000  49.1%   6.6  220s
 135994 109098 infeasible   82       116.00000   59.00000  49.1%   6.6  225s
 140789 112998  114.00000   82  207  116.00000   59.00000  49.1%   6.6  230s
 144464 116218 infeasible 1054       116.00000   59.00000  49.1%   6.5  235s
 148941 120519  108.00000   87  217  116.00000   59.00000  49.1%   6.5  240s
 153345 123776  112.00000 1324  149  116.00000   59.00000  49.1%   6.4  245s
 157070 127745   87.00000  176  212  116.00000   59.00000  49.1%   6.4  251s
 159321 128963  108.00000   52  220  116.00000   59.00000  49.1%   6.4  255s
 163107 133190   87.00000  599  208  116.00000   59.00000  49.1%   6.4  260s
 166748 135561   59.00000   53  236  116.00000   59.00000  49.1%   6.4  265s
 170691 139337   87.00000  786  202  116.00000   59.00000  49.1%   6.4  270s
 175844 143382   99.00000 1826  142  116.00000   59.00000  49.1%   6.3  275s
 180020 146851 infeasible  492       116.00000   59.00000  49.1%   6.3  280s
 181641 148207 infeasible  319       116.00000   59.00000  49.1%   6.3  285s
 182150 148618   87.00000  124  223  116.00000   59.00000  49.1%   6.3  290s
 186644 152446 infeasible 1003       116.00000   59.00000  49.1%   6.3  295s
 191580 157478  112.00000  236  196  116.00000   59.00000  49.1%   6.3  300s
 197663 161843 infeasible  646       116.00000   59.00000  49.1%   6.2  305s
 202752 166119   62.18408   26  435  116.00000   59.00000  49.1%   6.2  310s
 206583 169655   95.00000  363  186  116.00000   59.00000  49.1%   6.2  315s
 206769 169710   92.00000   40  257  116.00000   59.00000  49.1%   6.2  320s
 207025 169941  114.00000  159  205  116.00000   59.00000  49.1%   6.2  325s
 207251 170190  107.00000  267  202  116.00000   59.00000  49.1%   6.2  330s
 207750 170668  107.00000  586  165  116.00000   59.00000  49.1%   6.2  335s
 209080 171860   61.00000   52  279  116.00000   59.00000  49.1%   6.2  340s
 209981 175640   87.00000  116  274  116.00000   59.00000  49.1%   6.2  345s
 217184 178632   98.00000 1193  109  116.00000   59.00000  49.1%   6.2  350s
 218029 179410 infeasible 1353       116.00000   59.00000  49.1%   6.2  355s
 219289 180471 infeasible  714       116.00000   59.00000  49.1%   6.2  360s
 219329 182625   59.00000   94  251  116.00000   59.00000  49.1%   6.2  366s
 222514 184829   87.00000   44  247  116.00000   59.00000  49.1%   6.2  370s
 230117 189630 infeasible  952       116.00000   59.00000  49.1%   6.1  375s
 235428 194639  104.00000  490  201  116.00000   59.00000  49.1%   6.1  380s
 242138 200765  114.00000  981  163  116.00000   59.00000  49.1%   6.1  385s
 248149 205479 infeasible  660       116.00000   59.00000  49.1%   6.0  390s
 252551 209134  110.00000  651  182  116.00000   59.00000  49.1%   6.0  395s
 259273 215196   99.00000 1206  153  116.00000   59.00000  49.1%   6.0  400s
 261898 220938   99.00000 1732  127  116.00000   59.00000  49.1%   5.9  406s
 267600 222670   89.00000  795  316  116.00000   59.00000  49.1%   5.9  410s
 272184 229789   87.00000  330  215  116.00000   59.00000  49.1%   5.9  415s
 278665 232318   87.00000  283  246  116.00000   59.00000  49.1%   5.8  420s
 283539 236985  103.00000 1293  137  116.00000   59.00000  49.1%   5.8  425s
 289042 240994   99.00000  364  230  116.00000   59.00000  49.1%   5.8  430s
 294717 245728 infeasible 1239       116.00000   59.00000  49.1%   5.7  435s
 299134 249842   87.00000  975  189  116.00000   59.00000  49.1%   5.7  440s
 304095 253577   95.00000  433  228  116.00000   59.00000  49.1%   5.7  445s
 310219 259385   87.00000 1474  168  116.00000   59.00000  49.1%   5.7  450s
 314260 264613 infeasible  194       116.00000   59.00000  49.1%   5.7  455s
 321375 269025   87.00000  570  233  116.00000   59.00000  49.1%   5.6  460s
 324737 275401   87.00000  391  202  116.00000   59.00000  49.1%   5.6  465s
 332689 278856  101.00000  673  217  116.00000   59.00000  49.1%   5.6  470s
 338343 284610  111.00000  595  197  116.00000   59.00000  49.1%   5.6  475s
 344067 289391   87.00000  385  256  116.00000   59.00000  49.1%   5.5  480s
 349995 294141 infeasible  290       116.00000   59.00000  49.1%   5.5  485s
 356133 300254   87.00000  788  214  116.00000   59.00000  49.1%   5.5  490s
 360298 303786 infeasible 1912       116.00000   59.00000  49.1%   5.5  495s
 366293 308530   94.00000  207  228  116.00000   59.00000  49.1%   5.5  500s
 366822 312250 infeasible  334       116.00000   59.00000  49.1%   5.5  506s
 375825 316855   88.00000  605  185  116.00000   59.00000  49.1%   5.4  510s
 381643 321963 infeasible  646       116.00000   59.00000  49.1%   5.4  515s
 382502 322724  114.00000  396  179  116.00000   59.00000  49.1%   5.4  520s
 383541 323670   97.00000  520  227  116.00000   59.00000  49.1%   5.4  525s
 387926 327879   97.00000  535  192  116.00000   59.00000  49.1%   5.4  530s
 394042 333278   87.00000  374  213  116.00000   59.00000  49.1%   5.4  535s
 398653 338054   88.00000  440  209  116.00000   59.00000  49.1%   5.4  540s
 404084 342297  108.00000  580  175  116.00000   59.00000  49.1%   5.4  545s
 408997 346830  115.00000  607  199  116.00000   59.00000  49.1%   5.4  550s
 414365 351579 infeasible  269       116.00000   59.00000  49.1%   5.3  555s
 419117 355892   88.00000  599  179  116.00000   59.00000  49.1%   5.3  560s
 423970 360398  111.00000  425  226  116.00000   59.00000  49.1%   5.3  565s
 426992 362773  107.00000  488  206  116.00000   59.00000  49.1%   5.3  570s
 429678 365759   88.00000  477  202  116.00000   59.00000  49.1%   5.3  575s
 434293 369275   88.00000  354  220  116.00000   59.00000  49.1%   5.3  580s
 437126 371925 infeasible  450       116.00000   59.00000  49.1%   5.3  585s
 438847 373682   94.00000  456  215  116.00000   59.00000  49.1%   5.3  590s
 443567 378082   88.00000  315  220  116.00000   59.00000  49.1%   5.3  595s
 450198 383162 infeasible  641       116.00000   59.00000  49.1%   5.3  600s
 456208 388370 infeasible  652       116.00000   59.00000  49.1%   5.3  605s
 462011 394280  103.00000  487  174  116.00000   59.00000  49.1%   5.3  610s
 465568 396492   96.00000  330  227  116.00000   59.00000  49.1%   5.3  615s
 469827 400081  106.00000  343  210  116.00000   59.00000  49.1%   5.3  620s
 470433 400557 infeasible  350       116.00000   59.00000  49.1%   5.3  625s
 476466 405769 infeasible 1276       116.00000   59.00000  49.1%   5.3  630s
 481387 410068  111.00000  247  264  116.00000   59.00000  49.1%   5.3  635s
 487191 415258 infeasible  267       116.00000   59.00000  49.1%   5.2  640s
 487712 415642  110.00000  174  206  116.00000   59.00000  49.1%   5.3  645s
 489937 417660  112.00000  921  199  116.00000   59.00000  49.1%   5.3  650s
 493500 420879   95.00000  367  239  116.00000   59.00000  49.1%   5.3  655s
 499640 426154  109.00000  613  209  116.00000   59.00000  49.1%   5.2  660s
 504523 431677   92.00000  162  233  116.00000   59.00000  49.1%   5.2  665s
 511392 436524   87.00000  557  198  116.00000   59.00000  49.1%   5.2  670s
 512547 437492   98.00000  381  218  116.00000   59.00000  49.1%   5.2  675s
 515844 441194   97.00000  299  224  116.00000   59.00000  49.1%   5.2  680s
 520523 444629 infeasible  470       116.00000   59.00000  49.1%   5.2  685s
 524741 449832   91.00000  331  202  116.00000   59.00000  49.1%   5.2  691s
 528733 452156 infeasible  556       116.00000   59.00000  49.1%   5.2  695s
 533210 456217 infeasible  476       116.00000   59.00000  49.1%   5.2  700s
 535655 461798  113.00000  336  214  116.00000   59.00000  49.1%   5.2  705s
 541264 463105   95.00000  334  204  116.00000   59.00000  49.1%   5.2  710s
 542131 463837 infeasible  437       116.00000   59.00000  49.1%   5.2  715s
 546425 467716 infeasible  622       116.00000   59.00000  49.1%   5.2  720s
 550545 471626   89.00000 1319  149  116.00000   59.00000  49.1%   5.2  725s
 554523 475112   88.00000  536  196  116.00000   59.00000  49.1%   5.2  730s
 558829 478406  114.00000  295  224  116.00000   59.00000  49.1%   5.2  735s
 558899 478492  114.00000  304  281  116.00000   59.00000  49.1%   5.2  740s
 559037 478600  114.00000  321  225  116.00000   59.00000  49.1%   5.2  745s
 559590 479686  114.00000  611  173  116.00000   59.00000  49.1%   5.2  750s
 561640 481751  112.00000  569  177  116.00000   59.00000  49.1%   5.2  755s
 562519 481751  104.00000  387  216  116.00000   59.00000  49.1%   5.2  760s
 564444 484751   97.00000  193  231  116.00000   59.00000  49.1%   5.2  765s
 567236 489536   87.00000  208  238  116.00000   59.00000  49.1%   5.2  770s
 574166 492252   97.00000  162  210  116.00000   59.00000  49.1%   5.2  775s
 575068 492981   87.00000  209  202  116.00000   59.00000  49.1%   5.2  780s
 575258 493200   88.00000  209  200  116.00000   59.00000  49.1%   5.2  785s
 575874 493836   87.00000  215  218  116.00000   59.00000  49.1%   5.2  790s
 577026 494864 infeasible  621       116.00000   59.00000  49.1%   5.2  795s
 577885 495549 infeasible  242       116.00000   59.00000  49.1%   5.2  800s
 582157 499337   94.00000  493  182  116.00000   59.00000  49.1%   5.2  805s
 588176 504670   95.00000  655  168  116.00000   59.00000  49.1%   5.2  811s
 592854 509142   98.00000  425  218  116.00000   59.00000  49.1%   5.2  815s
 598524 514818   87.00000  356  217  116.00000   59.00000  49.1%   5.2  820s
 604328 518833 infeasible  321       116.00000   59.00000  49.1%   5.2  825s
 608527 522638   87.00000  253  213  116.00000   59.00000  49.1%   5.2  830s
 611407 525963   88.00000  838  214  116.00000   59.00000  49.1%   5.2  835s
 616832 529911 infeasible  218       116.00000   59.00000  49.1%   5.2  840s
 619450 535762  109.00000  143  225  116.00000   59.00000  49.1%   5.2  845s
 625254 537611   88.00000 1115  185  116.00000   59.00000  49.1%   5.2  850s
 630310 542068  114.00000  597  209  116.00000   59.00000  49.1%   5.1  856s
 634329 545718   93.00000  126  217  116.00000   59.00000  49.1%   5.1  860s
 639614 550877  103.00000 1045   93  116.00000   59.00000  49.1%   5.1  865s
 645847 556262   87.00000  630  180  116.00000   59.00000  49.1%   5.1  870s
 651513 561602  114.00000  263  200  116.00000   59.00000  49.1%   5.1  875s
 654192 563259  108.00000  244  225  116.00000   59.00000  49.1%   5.1  880s
 659733 568804 infeasible  370       116.00000   59.00000  49.1%   5.1  885s
 665010 573163  112.00000  129  213  116.00000   59.00000  49.1%   5.1  890s
 670590 578786  101.00000  428  204  116.00000   59.00000  49.1%   5.1  895s
 675634 582901  115.00000  679  122  116.00000   59.00000  49.1%   5.1  900s
 681685 588399  104.00000  463  213  116.00000   59.00000  49.1%   5.1  905s
 687188 593533   87.00000  578  219  116.00000   59.00000  49.1%   5.1  910s
 692254 598399  109.00000 1132  109  116.00000   59.00000  49.1%   5.1  915s
 697112 602201  100.00000 1387  181  116.00000   59.00000  49.1%   5.1  920s
 702537 607730  113.00000  298  231  116.00000   59.00000  49.1%   5.1  925s
 706648 611384  101.00000  610  176  116.00000   59.00000  49.1%   5.1  930s
 713770 617689  103.00000  182  214  116.00000   59.00000  49.1%   5.0  935s
 718593 621027 infeasible  233       116.00000   59.00000  49.1%   5.0  940s
 723335 625096 infeasible  410       116.00000   59.00000  49.1%   5.0  945s
 727442 628445   87.00000  254  221  116.00000   59.00000  49.1%   5.0  950s
 733876 634155   87.00000  442  218  116.00000   59.00000  49.1%   5.0  955s
 735860 639009 infeasible  550       116.00000   59.00000  49.1%   5.0  964s
 741657 641501  109.00000  736  167  116.00000   59.00000  49.1%   5.0  965s
 747435 645294 infeasible  355       116.00000   59.00000  49.1%   5.0  970s
 752894 650605   94.00000  805  183  116.00000   59.00000  49.1%   5.0  975s
 757521 655999   89.00000  307  211  116.00000   59.00000  49.1%   5.0  980s
 763447 659450 infeasible  546       116.00000   59.00000  49.1%   5.0  985s
 767693 663197 infeasible  427       116.00000   59.00000  49.1%   5.0  990s
 773675 668439 infeasible  478       116.00000   59.00000  49.1%   5.0  995s
 777916 672991  108.00000  974  120  116.00000   59.00000  49.1%   5.0 1001s
 782188 676435  107.00000  843  180  116.00000   59.00000  49.1%   5.0 1005s
 785960 679417 infeasible  347       116.00000   59.00000  49.1%   5.0 1010s
 792224 684948   95.00000  332  220  116.00000   59.00000  49.1%   5.0 1015s
 798741 690838 infeasible  826       116.00000   59.00000  49.1%   5.0 1020s
 802930 694620   98.00000  163  208  116.00000   59.00000  49.1%   5.0 1025s
 806151 697877   88.00000  311  188  116.00000   59.00000  49.1%   5.0 1030s
 809520 703341   90.00000   83  202  116.00000   59.00000  49.1%   5.0 1040s
 817468 708055  100.00000  710  191  116.00000   59.00000  49.1%   5.0 1045s
 823924 713258  112.00000   87  194  116.00000   59.00000  49.1%   5.0 1050s
 824008 713303   87.00000  190  225  116.00000   59.00000  49.1%   5.0 1055s
 824149 713458   87.00000  198  220  116.00000   59.00000  49.1%   5.0 1060s
 824273 713525   87.00000  208  222  116.00000   59.00000  49.1%   5.0 1065s
 824328 713577   87.00000  216  220  116.00000   59.00000  49.1%   5.0 1070s
 824395 713620   87.00000  225  210  116.00000   59.00000  49.1%   5.0 1075s
 824486 713720   87.00000  234  210  116.00000   59.00000  49.1%   5.0 1080s
 824693 713939   87.00000  251  196  116.00000   59.00000  49.1%   5.0 1085s
 827032 716149 infeasible  358       116.00000   59.00000  49.1%   5.0 1090s
 829849 718712  110.00000  440  208  116.00000   59.00000  49.1%   5.0 1095s
 830524 722761  110.00000  592  206  116.00000   59.00000  49.1%   5.0 1100s
 839234 726900   87.00000  458  229  116.00000   59.00000  49.1%   5.0 1105s
 844203 732001  114.00000  440  196  116.00000   59.00000  49.1%   5.0 1110s
 851101 737442 infeasible  432       116.00000   59.00000  49.1%   5.0 1115s
 856061 741907   88.00000  471  195  116.00000   59.00000  49.1%   5.0 1120s
 861511 750480  108.00000  636  229  116.00000   59.00000  49.1%   5.0 1126s
 868353 753138 infeasible  523       116.00000   59.00000  49.1%   5.0 1130s
 874408 758835 infeasible  424       116.00000   59.00000  49.1%   5.0 1135s
 880766 764508 infeasible  219       116.00000   59.00000  49.1%   5.0 1140s
 883247 766723 infeasible  236       116.00000   59.00000  49.1%   5.0 1145s
 887101 770515 infeasible  482       116.00000   59.00000  49.1%   5.0 1150s
 892226 775721  107.00000 1467  127  116.00000   59.00000  49.1%   5.0 1155s
 897855 780036 infeasible  382       116.00000   59.00000  49.1%   4.9 1160s
 903336 785361 infeasible  819       116.00000   59.00000  49.1%   4.9 1165s
 908446 789547   94.00000  799  217  116.00000   59.00000  49.1%   4.9 1170s
 914100 794557  109.00000  470  206  116.00000   59.00000  49.1%   4.9 1175s
 919116 798937 infeasible  515       116.00000   59.00000  49.1%   4.9 1180s
 921779 802115  106.00000  255  218  116.00000   59.00000  49.1%   4.9 1185s
 927369 806609   89.00000  180  248  116.00000   59.00000  49.1%   4.9 1190s
 932907 811434 infeasible  371       116.00000   59.00000  49.1%   4.9 1195s
 937127 815218   88.00000  543  203  116.00000   59.00000  49.1%   4.9 1200s
 942077 819726 infeasible  299       116.00000   59.00000  49.1%   4.9 1205s
 945117 826068 infeasible  528       116.00000   59.00000  49.1%   4.9 1210s
 952257 829361  111.00000  127  224  116.00000   59.00000  49.1%   4.9 1215s
 955941 835739  106.00000   92  211  116.00000   59.00000  49.1%   4.9 1220s
 963506 838937 infeasible  616       116.00000   59.00000  49.1%   4.9 1225s
 970608 845375 infeasible 1310       116.00000   59.00000  49.1%   4.9 1230s
 975195 849601 infeasible  376       116.00000   59.00000  49.1%   4.9 1235s
 979823 853945   87.00000  871  164  116.00000   59.00000  49.1%   4.9 1240s
 985322 858478 infeasible  619       116.00000   59.00000  49.1%   4.9 1245s
 990912 863482  101.00000  702  205  116.00000   59.00000  49.1%   4.9 1250s
 992842 865437 infeasible  697       116.00000   59.00000  49.1%   4.9 1255s
 997788 873376   87.00000  390  244  116.00000   59.00000  49.1%   4.9 1261s
 1004233 875503  109.00000  500  187  116.00000   59.00000  49.1%   4.9 1265s
 1009301 880720   59.00000   93  224  116.00000   59.00000  49.1%   4.9 1270s
 1015004 885130 infeasible  519       116.00000   59.00000  49.1%   4.9 1275s
 1019174 889612  112.00000  462  195  116.00000   59.00000  49.1%   4.9 1280s
 1023998 894004  115.00000 1172  104  116.00000   59.00000  49.1%   4.9 1285s
 1028787 897697   96.00000  386  237  116.00000   59.00000  49.1%   4.9 1290s
 1033124 901644 infeasible  601       116.00000   59.00000  49.1%   4.9 1295s
 1038788 907331  103.00000  419  210  116.00000   59.00000  49.1%   4.9 1300s
 1044990 912475  106.00000  967  185  116.00000   59.00000  49.1%   4.9 1305s
 1045992 913347  106.00000 1213  179  116.00000   59.00000  49.1%   4.9 1310s
 1046021 913372  106.00000 1220  179  116.00000   59.00000  49.1%   4.9 1315s
 1046050 913395  106.00000 1227  177  116.00000   59.00000  49.1%   4.9 1320s
 1046082 913427  106.00000 1235  177  116.00000   59.00000  49.1%   4.9 1325s
 1046110 913455  106.00000 1242  177  116.00000   59.00000  49.1%   4.9 1330s
 1046147 913490  106.00000 1251  169  116.00000   59.00000  49.1%   4.9 1335s
 1046175 913518  106.00000 1258  169  116.00000   59.00000  49.1%   4.9 1340s
 1046212 913545  106.00000 1266  169  116.00000   59.00000  49.1%   4.9 1345s
 1046238 913565  106.00000 1272  169  116.00000   59.00000  49.1%   4.9 1350s
 1046259 913576  106.00000 1276  169  116.00000   59.00000  49.1%   4.9 1355s
 1046291 913599  106.00000 1284  171  116.00000   59.00000  49.1%   4.9 1360s
 1046329 913626  106.00000 1291  171  116.00000   59.00000  49.1%   4.9 1365s
 1046353 913650  106.00000 1297  171  116.00000   59.00000  49.1%   4.9 1372s
 1046377 913674  106.00000 1303  172  116.00000   59.00000  49.1%   4.9 1375s
 1046393 913690  106.00000 1307  172  116.00000   59.00000  49.1%   4.9 1381s
 1046401 913698  106.00000 1309  172  116.00000   59.00000  49.1%   4.9 1388s
 1046409 913704  106.00000 1311  172  116.00000   59.00000  49.1%   4.9 1391s
 1046421 913716  106.00000 1314  172  116.00000   59.00000  49.1%   4.9 1395s
 1046429 913717 infeasible 1316       116.00000   59.00000  49.1%   4.9 1404s
 1046440 913721   84.00000  120  243  116.00000   59.00000  49.1%   4.9 1406s
 1046444 913725   87.00000  121  235  116.00000   59.00000  49.1%   4.9 1411s
 1046607 913915   88.00000  150  202  116.00000   59.00000  49.1%   4.9 1415s
 1046852 914149   89.00000  169  179  116.00000   59.00000  49.1%   4.9 1420s
 1047299 914596   88.00000  216  140  116.00000   59.00000  49.1%   4.9 1425s
 1048123 915468   88.00000  439  116  116.00000   59.00000  49.1%   4.9 1430s
 1048697 915962   90.00000  575  109  116.00000   59.00000  49.1%   4.9 1435s
 1049121 916348   92.00000  773   47  116.00000   59.00000  49.1%   4.9 1440s
 1049546 916614   91.00000  205  215  116.00000   59.00000  49.1%   4.9 1445s
 1049720 916778   87.00000  266  262  116.00000   59.00000  49.1%   4.9 1450s
 1050064 917399   87.00000  333  217  116.00000   59.00000  49.1%   4.9 1459s
 1050447 918075   87.00000  349  212  116.00000   59.00000  49.1%   4.9 1464s
 1051153 921758  115.00000  208  227  116.00000   59.00000  49.1%   4.9 1466s
 1055302 922785   87.00000  293  229  116.00000   59.00000  49.1%   4.9 1470s
 1060068 926101  110.00000  508  179  116.00000   59.00000  49.1%   4.9 1475s
 1060480 928655  110.00000  743  168  116.00000   59.00000  49.1%   4.9 1480s
 1065208 930277   91.00000  533  213  116.00000   59.00000  49.1%   4.9 1485s
 1067791 933230  114.00000  176  230  116.00000   59.00000  49.1%   4.9 1490s
 1071335 935607 infeasible  618       116.00000   59.00000  49.1%   4.9 1495s
 1073604 938252  115.00000   53  230  116.00000   59.00000  49.1%   4.9 1500s
 1077597 941841   82.00000  147  251  116.00000   59.00000  49.1%   4.9 1505s
 1080920 947641  105.00000  115  221  116.00000   59.00000  49.1%   4.9 1511s
 1087283 949934  114.00000  653  175  116.00000   59.00000  49.1%   4.9 1515s
 1091058 953210 infeasible  434       116.00000   59.00000  49.1%   4.9 1520s
 1097127 959096   88.00000  302  173  116.00000   59.00000  49.1%   4.9 1525s
 1101597 962851   90.00000  313  172  116.00000   59.00000  49.1%   4.9 1530s
 1107747 968103 infeasible  202       116.00000   59.00000  49.1%   4.9 1535s
 1109649 969520 infeasible  252       116.00000   59.00000  49.1%   4.9 1540s
 1114799 973983 infeasible  953       116.00000   59.00000  49.1%   4.9 1545s
 1120492 979002 infeasible  473       116.00000   59.00000  49.1%   4.9 1550s
 1125969 983808  115.00000  101  216  116.00000   59.00000  49.1%   4.9 1555s
 1129982 987388 infeasible  517       116.00000   59.00000  49.1%   4.9 1560s
 1137089 994088 infeasible 1063       116.00000   59.00000  49.1%   4.9 1565s
 1140869 997974   92.00000  157  238  116.00000   59.00000  49.1%   4.9 1570s
 1145458 1001405 infeasible  814       116.00000   59.00000  49.1%   4.9 1575s
 1150017 1005649  114.00000 1071  164  116.00000   59.00000  49.1%   4.9 1580s
 1154620 1009812 infeasible  374       116.00000   59.00000  49.1%   4.9 1585s
 1157986 1013737   90.00000  537  180  116.00000   59.00000  49.1%   5.0 1590s
 1164255 1018524 infeasible  411       116.00000   59.00000  49.1%   5.0 1595s
 1169282 1022795  108.00000  373  225  116.00000   59.00000  49.1%   5.0 1600s
 1173522 1027275   92.00000  666  203  116.00000   59.00000  49.1%   5.0 1605s
 1179906 1032619  113.00000 1685   93  116.00000   59.00000  49.1%   5.0 1610s
 1185322 1037694 infeasible  343       116.00000   59.00000  49.1%   5.0 1615s
 1190658 1042164  102.00000 1421  135  116.00000   59.00000  49.1%   5.0 1620s
 1195985 1048371   89.00000 1052  184  116.00000   59.00000  49.1%   5.0 1625s
 1200291 1050902   87.00000  373  212  116.00000   59.00000  49.1%   5.0 1630s
 1205930 1055917 infeasible  941       116.00000   59.00000  49.1%   5.0 1635s
 1211459 1060845 infeasible  460       116.00000   59.00000  49.1%   5.0 1640s
 1215426 1064823   88.00000  665  189  116.00000   59.00000  49.1%   5.0 1645s
 1221516 1070131   87.00000  234  204  116.00000   59.00000  49.1%   5.0 1650s
 1226721 1074814 infeasible  333       116.00000   59.00000  49.1%   5.0 1655s
 1232159 1079903   87.00000  337  223  116.00000   59.00000  49.1%   5.0 1660s
 1233457 1080743   89.00000  225  243  116.00000   59.00000  49.1%   5.0 1665s
 1233933 1081121   64.00000  248  237  116.00000   59.00000  49.1%   5.0 1670s
 1235601 1082583 infeasible  207       116.00000   59.00000  49.1%   5.0 1675s
 1238339 1084999   95.00000 1065  157  116.00000   59.00000  49.1%   5.0 1681s
 1238350 1088462   95.00000 1066  157  116.00000   59.00000  49.1%   5.0 1687s
 1242921 1088927 infeasible   47       116.00000   59.00000  49.1%   5.0 1690s
 1248249 1094376   80.00000  261  220  116.00000   59.00000  49.1%   5.0 1695s
 1253986 1098779 infeasible  498       116.00000   59.00000  49.1%   5.0 1700s
 1259854 1104767   87.00000  448  228  116.00000   59.00000  49.1%   5.0 1705s
 1266135 1109806   87.00000  903  199  116.00000   59.00000  49.1%   5.0 1710s
 1270716 1116553   90.00000  406  213  116.00000   59.00000  49.1%   5.0 1715s
 1277448 1120402   88.00000  350  203  116.00000   59.00000  49.1%   5.0 1720s
 1281151 1127039   89.00000  182  206  116.00000   59.00000  49.1%   5.0 1725s
 1289036 1130361 infeasible  453       116.00000   59.00000  49.1%   5.0 1730s
 1294860 1135842   87.00000  235  221  116.00000   59.00000  49.1%   5.0 1735s
 1301057 1140658 infeasible  415       116.00000   59.00000  49.1%   5.0 1740s
 1306618 1145766   99.00000  475  200  116.00000   59.00000  49.1%   5.0 1745s
 1312178 1150975 infeasible  286       116.00000   59.00000  49.1%   5.0 1750s
 1318490 1156307 infeasible  156       116.00000   59.00000  49.1%   5.0 1755s
 1322245 1159347   99.00000  260  212  116.00000   59.00000  49.1%   5.0 1760s
 1325408 1162428   80.00000  141  242  116.00000   59.00000  49.1%   5.0 1765s
 1328450 1164662   87.00000  269  222  116.00000   59.00000  49.1%   5.0 1770s
 1330897 1166925   91.00000  435  223  116.00000   59.00000  49.1%   5.0 1775s
 1333445 1172990   86.00000   46  238  116.00000   59.00000  49.1%   5.0 1782s
 1337489 1172970   87.00000  324  230  116.00000   59.00000  49.1%   5.0 1787s
 1337663 1173104 infeasible  388       116.00000   59.00000  49.1%   5.0 1790s
 1340364 1175650 infeasible  169       116.00000   59.00000  49.1%   5.0 1795s
 1343632 1178397   87.00000  358  246  116.00000   59.00000  49.1%   5.0 1800s

Cutting planes:
  Learned: 3
  Gomory: 6
  Cover: 41
  Implied bound: 53
  Clique: 14
  MIR: 87
  StrongCG: 115
  Flow cover: 183
  GUB cover: 22
  Inf proof: 2
  Zero half: 3
  Network: 7
  Relax-and-lift: 20

Explored 1343706 nodes (6783544 simplex iterations) in 1800.01 seconds (1989.07 work units)
Thread count was 8 (of 8 available processors)

Solution count 3: 116 117 118 

Time limit reached
Best objective 1.160000000000e+02, best bound 5.900000000000e+01, gap 49.1379%
! --------------------------------------------------------
! Status: FEASIBLE (time limit reached)
! Best span = 116
! Labeling: 30 116 110 31 3 1 87 116 30 13 65 1 89 81 60 45 65 23 1 81 116 23 81 65 89 88 1 81 52 88 30 94 59 1 60 1 1 90 52 59 116 32 76 116 23 1 95 73 30 1 78 81 1 33 1 52 23 81 100 110 81 1 30 1 60 58 81 116 1 30 30 73 52 59 30 76 30 1 110 110 2 31 59 94 52 47 19 65 52 28 1 1 1 94 2 52 77 103 106 32 51 28 59 30 59 68 23 30 65 58 30 34 32 32 116 1 32 116 
! --------------------------------------------------------
! All verification passed
