! Solving for graph /home/truongxuanhieu/Gurobi-for-MinSpanLabeling/benchmarks/cabp/W-685_bus.mtx.rnd
! Target value is set to 114
! Lower bound is set to 115
! Upper bound is set to 685
! Time limit is set to 1800
! Vertices mode is set to Has hole
! Target value mode is set to Cyclic Antibandwidth
Set parameter WLSAccessID
Set parameter WLSSecret
Set parameter LicenseID to value 2663665
Academic license 2663665 - for non-commercial use only - registered to tu___@vnu.edu.vn
Set parameter OutputFlag to value 1
Set parameter TimeLimit to value 1800
Gurobi Optimizer version 13.0.2 build v13.0.2rc1 (linux64 - "Debian GNU/Linux 12 (bookworm)")

CPU model: AMD EPYC 7B12, instruction set [SSE2|AVX|AVX2]
Thread count: 4 physical cores, 8 logical processors, using up to 8 threads

Non-default parameters:
TimeLimit  1800

Academic license 2663665 - for non-commercial use only - registered to tu___@vnu.edu.vn
Optimize a model with 5219 rows, 473160 columns and 948198 nonzeros (Min)
Model fingerprint: 0xe4efdc03
Model has 1 linear objective coefficients
Model has 2652 simple general constraints
  1282 ABS, 1370 INDICATOR
Variable types: 0 continuous, 473160 integer (469910 binary)
Coefficient statistics:
  Matrix range     [1e+00, 7e+02]
  Objective range  [1e+00, 1e+00]
  Bounds range     [1e+00, 7e+02]
  RHS range        [1e+00, 3e+02]
  GenCon rhs range [1e+00, 1e+00]
  GenCon coe range [1e+00, 1e+00]

Presolve added 2054 rows and 940 columns
Presolve time: 2.38s
Presolved: 7273 rows, 474100 columns, 956839 nonzeros
Presolved model has 1282 SOS constraint(s)
Variable types: 0 continuous, 474100 integer (469568 binary)
Deterministic concurrent LP optimizer: primal simplex, dual simplex, and barrier
Showing barrier log only...

Root barrier log...

Ordering time: 0.00s

Barrier statistics:
 Dense cols : 1
 AA' NZ     : 2.959e+04
 Factor NZ  : 9.612e+04 (roughly 200 MB of memory)
 Factor Ops : 1.510e+06 (less than 1 second per iteration)
 Threads    : 2

                  Objective                Residual
Iter       Primal          Dual         Primal    Dual     Compl     Time
   0   8.74009214e+03 -1.27448954e+05  7.15e+05 1.10e-03  8.51e+01     4s

Barrier performed 0 iterations in 3.82 seconds (5.71 work units)
Barrier solve interrupted - model solved by another algorithm

Concurrent spin time: 0.08s

Solved with dual simplex

Root relaxation: objective 2.280000e+02, 685 iterations, 0.92 seconds (0.56 work units)

    Nodes    |    Current Node    |     Objective Bounds      |     Work
 Expl Unexpl |  Obj  Depth IntInf | Incumbent    BestBd   Gap | It/Node Time

     0     0  228.00000    0 1284          -  228.00000      -     -    4s
     0     0  228.00000    0 1284          -  228.00000      -     -   16s
     0     0  228.00000    0 1285          -  228.00000      -     -   18s
     0     0  228.00000    0 1295          -  228.00000      -     -   18s
     0     0  228.00000    0 1283          -  228.00000      -     -   19s
     0     0  228.00000    0 1283          -  228.00000      -     -   20s
     0     2  228.00000    0 1283          -  228.00000      -     -   26s
   178   180  342.00000   24 1259          -  228.00000      -   3.7   30s
   490   499  342.00000   60 1262          -  228.00000      -   3.1   35s
   792   820  457.00000   97 1242          -  228.00000      -   3.9   40s
  1133  1169  457.00000  144 1208          -  228.00000      -   4.2   45s
  1314  1334  457.00000  166 1192          -  228.00000      -   4.6   50s
  1397  1456  685.00000  182 1180          -  228.00000      -   4.7   56s
  1540  1598  685.00000  206 1158          -  228.00000      -   4.7   62s
  1612  1683  685.00000  218 1155          -  228.00000      -   4.7   66s
  1783  1845  685.00000  247 1154          -  228.00000      -   4.6   73s
  1859  1948  685.00000  259 1146          -  228.00000      -   4.5   76s
  2260  2397  685.00000  313 1128          -  228.00000      -   4.5   80s
  2732  2845  685.00000  370 1084          -  228.00000      -   4.7   85s
  3239  3401  685.00000  430 1042          -  228.00000      -   4.7   90s
  3830  3999  685.00000  503 1021          -  228.00000      -   4.6   95s
  4418  4603  685.00000  557  978          -  228.00000      -   4.4  102s
  4872  4859  685.00000  614  966          -  228.00000      -   4.4  107s
  4900  4920  685.00000  617  967          -  228.00000      -   4.4  113s
  4961  4982  685.00000  617  966          -  228.00000      -   4.4  119s
  5023  5045  685.00000  618  964          -  228.00000      -   4.4  124s
  5086  5087  685.00000  618  969          -  228.00000      -   4.4  129s
H 5121  1814                     685.0000000  228.00000  66.7%   4.4  129s
  5138  1751  570.00000  171    2  685.00000  228.00000  66.7%   4.4  145s
  5140  1752  456.00000   38    2  685.00000  228.00000  66.7%   4.4  159s
  5141  1753  570.00000  160    7  685.00000  228.00000  66.7%   4.4  161s
  5144  1755  342.00000   48    0  685.00000  228.00000  66.7%   4.4  167s
  5146  1759  228.00000   14 1276  685.00000  228.00000  66.7%   4.5  194s
  5148  1760  228.00000   15 1275  685.00000  228.00000  66.7%   4.5  195s
  5287  1713  228.00000   56 1275  685.00000  228.00000  66.7%   4.5  200s
  5333  1698  228.00000   73 1275  685.00000  228.00000  66.7%   4.4  205s
  5381  1686  228.00000   80 1296  685.00000  228.00000  66.7%   4.5  211s
  5405  1683  228.00000   83 1299  685.00000  228.00000  66.7%   4.7  216s
  5425  1680  228.00000   85 1270  685.00000  228.00000  66.7%   4.9  221s
  5447  1676  228.00000   87 1267  685.00000  228.00000  66.7%   5.0  225s
  5466  1688  228.00000   89 1262  685.00000  228.00000  66.7%   5.1  230s
  5504  1700  228.00000   92 1261  685.00000  228.00000  66.7%   5.3  235s
  5538  1724  228.00000   94 1281  685.00000  228.00000  66.7%   5.4  240s
  5606  1763  230.00000   97 1265  685.00000  228.00000  66.7%   5.5  246s
  5723  1771  229.00000  120 1302  685.00000  228.00000  66.7%   5.5  250s
  5754  1777  341.00000  122 1281  685.00000  228.00000  66.7%   5.5  258s
  5768  1789  229.00000  123 1302  685.00000  228.00000  66.7%   5.6  261s
  5785  1798  340.00000  123 1285  685.00000  228.00000  66.7%   5.6  265s
  5806  1799  340.00000  124 1283  685.00000  228.00000  66.7%   5.6  271s
  5814  1837  339.00000  125 1283  685.00000  228.00000  66.7%   5.6  276s
  5910  1905  229.00000  135 1302  685.00000  228.00000  66.7%   5.6  286s
  5950  1943  331.00000  141 1283  685.00000  228.00000  66.7%   5.6  290s
  6101  2100  229.00000  161 1302  685.00000  228.00000  66.7%   5.6  298s
  6210  2168  229.00000  178 1302  685.00000  228.00000  66.7%   5.6  300s
  6379  2227  312.00000  180 1283  685.00000  228.00000  66.7%   5.7  306s
  6434  2267  229.00000  181 1302  685.00000  228.00000  66.7%   5.8  310s
  6558  2345  229.00000  184 1302  685.00000  228.00000  66.7%   5.9  316s
  6686  2481  229.00000  188 1302  685.00000  228.00000  66.7%   6.0  323s
  6794  2519  229.00000  190 1302  685.00000  228.00000  66.7%   6.1  327s
  6868  2578  229.00000  192 1302  685.00000  228.00000  66.7%   6.1  332s
  6953  2584  229.00000  194 1302  685.00000  228.00000  66.7%   6.2  336s
  6987  2635  229.00000  196 1302  685.00000  228.00000  66.7%   6.3  340s
  7107  2747  303.00000  198 1283  685.00000  228.00000  66.7%   6.4  349s
  7201  2807  229.00000  200 1302  685.00000  228.00000  66.7%   6.5  354s
  7295  2847  229.00000  202 1302  685.00000  228.00000  66.7%   6.6  359s
  7370  2832  229.00000  204 1302  685.00000  228.00000  66.7%   6.7  364s
  7384  2837  229.00000  206 1302  685.00000  228.00000  66.7%   6.9  369s
  7397  2863  229.00000  208 1302  685.00000  228.00000  66.7%   7.0  374s
  7430  2880  229.00000  210 1302  685.00000  228.00000  66.7%   7.2  379s
  7462  2877  229.00000  212 1302  685.00000  228.00000  66.7%   7.3  385s
  7519  2880  295.00000  214 1283  685.00000  228.00000  66.7%   7.4  390s
  7546  2882  229.00000  217 1302  685.00000  228.00000  66.7%   7.6  396s
  7575  2946  229.00000  220 1302  685.00000  228.00000  66.7%   7.8  401s
  7652  2937  229.00000  223 1302  685.00000  228.00000  66.7%   7.9  407s
  7670  2933  229.00000  225 1302  685.00000  228.00000  66.7%   8.0  412s
  7674  2939  290.00000  225 1283  685.00000  228.00000  66.7%   8.1  419s
  7684  2939  229.00000  226 1302  685.00000  228.00000  66.7%   8.1  428s
  7691  2940  289.00000  226 1283  685.00000  228.00000  66.7%   8.2  438s
  7698  2942  229.00000  227 1302  685.00000  228.00000  66.7%   8.3  447s
  7706  2960  289.00000  227 1283  685.00000  228.00000  66.7%   8.3  456s
  7730  2973  229.00000  228 1302  685.00000  228.00000  66.7%   8.4  467s
  7755  3039  229.00000  229 1302  685.00000  228.00000  66.7%   8.5  474s
  7835  3062  229.00000  232 1302  685.00000  228.00000  66.7%   8.7  480s
  7891  3153  338.00000  236 1283  685.00000  228.00000  66.7%   8.8  489s
  8005  3198  229.00000  264 1302  685.00000  228.00000  66.7%   8.9  497s
  8095  3184  229.00000  270 1302  685.00000  228.00000  66.7%   9.2  505s
  8118  3256  229.00000  273 1302  685.00000  228.00000  66.7%   9.4  513s
  8204  3270  229.00000  277 1302  685.00000  228.00000  66.7%   9.8  521s
  8254  3326  229.00000  282 1302  685.00000  228.00000  66.7%  10.1  530s
  8330  3322  229.00000  286 1302  685.00000  228.00000  66.7%  10.3  537s
  8361  3344  229.00000  289 1302  685.00000  228.00000  66.7%  10.6  545s
  8400  3390  229.00000  292 1302  685.00000  228.00000  66.7%  10.9  555s
  8465  3387  229.00000  295 1302  685.00000  228.00000  66.7%  11.1  565s
  8489  3438  229.00000  298 1302  685.00000  228.00000  66.7%  11.4  574s
  8551  3482  229.00000  301 1302  685.00000  228.00000  66.7%  11.6  583s
  8619  3516  229.00000  304 1302  685.00000  228.00000  66.7%  11.9  592s
  8678  3534  229.00000  307 1302  685.00000  228.00000  66.7%  12.2  602s
  8719  3631  229.00000  310 1302  685.00000  228.00000  66.7%  12.4  613s
  8861  3714  229.00000  329 1302  685.00000  228.00000  66.7%  12.5  624s
  8995  3805  229.00000  362 1302  685.00000  228.00000  66.7%  12.6  634s
  9177  3869  229.00000  395 1302  685.00000  228.00000  66.7%  12.6  645s
  9316  3961  229.00000  401 1302  685.00000  228.00000  66.7%  12.7  659s
  9521  3983  229.00000  427 1302  685.00000  228.00000  66.7%  12.6  670s
  9618  3994  229.00000  438 1302  685.00000  228.00000  66.7%  12.8  682s
  9669  4024  229.00000  445 1302  685.00000  228.00000  66.7%  13.0  694s
  9726  4096  229.00000  453 1302  685.00000  228.00000  66.7%  13.1  707s
  9823  4112  229.00000  462 1302  685.00000  228.00000  66.7%  13.3  721s
  9874  4255  229.00000  471 1302  685.00000  228.00000  66.7%  13.4  734s
 10040  4311  229.00000  483 1302  685.00000  228.00000  66.7%  13.5  748s
 10159  4455  229.00000  494 1302  685.00000  228.00000  66.7%  13.8  752s
 10423  4565  229.00000  527 1302  685.00000  228.00000  66.7%  13.6  775s
 10687  4803  229.00000  560 1302  685.00000  228.00000  66.7%  13.7  786s
 10951  4832  229.00000  593 1302  685.00000  228.00000  66.7%  13.5  794s
 10983  5030  229.00000  596 1302  685.00000  228.00000  66.7%  13.7  798s
 11247  5058  229.00000  629 1302  685.00000  228.00000  66.7%  13.6  804s
 11283  5219  229.00000  633 1302  685.00000  228.00000  66.7%  13.7  809s
 11547  5251  229.00000  666 1302  685.00000  228.00000  66.7%  13.6  814s
 11617  5336  229.00000  671 1302  685.00000  228.00000  66.7%  13.6  821s
 11844  5388  229.00000  692 1302  685.00000  228.00000  66.7%  13.5  827s
 11968  5390  277.00000  707 1297  685.00000  228.00000  66.7%  13.5  833s
 11972  5393  229.00000  708 1302  685.00000  228.00000  66.7%  13.5  839s
 11976  5394  276.00000  708 1291  685.00000  228.00000  66.7%  13.6  845s
 11980  5398  229.00000  709 1302  685.00000  228.00000  66.7%  13.6  854s
 11984  5399  275.00000  709 1291  685.00000  228.00000  66.7%  13.6  862s
 11988  5402  229.00000  710 1302  685.00000  228.00000  66.7%  13.6  870s
 11992  5457  274.00000  710 1293  685.00000  228.00000  66.7%  13.7  880s
 12049  5468  229.00000  711 1302  685.00000  228.00000  66.7%  13.7  888s
 12069  5476  229.00000  714 1302  685.00000  228.00000  66.7%  13.7  895s
 12088  5491  229.00000  716 1302  685.00000  228.00000  66.7%  13.8  903s
 12116  5496  229.00000  719 1302  685.00000  228.00000  66.7%  13.9  912s
 12127  5511  229.00000  720 1302  685.00000  228.00000  66.7%  14.0  919s
 12158  5528  229.00000  722 1302  685.00000  228.00000  66.7%  14.1  929s
 12193  5538  229.00000  725 1302  685.00000  228.00000  66.7%  14.3  938s
 12212  5591  229.00000  727 1302  685.00000  228.00000  66.7%  14.4  946s
 12283  5620  229.00000  730 1302  685.00000  228.00000  66.7%  14.6  956s
 12335  5646  229.00000  733 1302  685.00000  228.00000  66.7%  14.8  966s
 12382  5796  229.00000  736 1302  685.00000  228.00000  66.7%  15.0  979s
 12634  5865  229.00000  769 1302  685.00000  228.00000  66.7%  14.9  989s
 12724  6026  229.00000  775 1302  685.00000  228.00000  66.7%  15.1  999s
 12988  6049  229.00000  808 1302  685.00000  228.00000  66.7%  15.0 1008s
 13015  6108  229.00000  810 1302  685.00000  228.00000  66.7%  15.1 1017s
 13084  6141  229.00000  821 1302  685.00000  228.00000  66.7%  15.3 1029s
 13125  6225  229.00000  832 1302  685.00000  228.00000  66.7%  15.5 1039s
 13261  6276  229.00000  865 1302  685.00000  228.00000  66.7%  15.6 1051s
 13324  6414  229.00000  870 1302  685.00000  228.00000  66.7%  15.9 1060s
 13588  6551  229.00000  903 1302  685.00000  228.00000  66.7%  15.9 1070s
 13773  6690  229.00000  936 1302  685.00000  228.00000  66.7%  16.0 1077s
 14037  6716  229.00000  969 1302  685.00000  228.00000  66.7%  15.9 1088s
 14076  6756  229.00000  986 1302  685.00000  228.00000  66.7%  16.0 1098s
 14123  6802  229.00000  995 1302  685.00000  228.00000  66.7%  16.2 1108s
 14190  6942  229.00000 1011 1302  685.00000  228.00000  66.7%  16.3 1113s
 14454  7020  229.00000 1044 1302  685.00000  228.00000  66.7%  16.2 1123s
 14581  7177  229.00000 1051 1302  685.00000  228.00000  66.7%  16.2 1130s
 14740  7298  229.00000 1060 1302  685.00000  228.00000  66.7%  16.2 1140s
 14908  7415  229.00000 1093 1302  685.00000  228.00000  66.7%  16.2 1149s
 15028  7593  229.00000 1104 1302  685.00000  228.00000  66.7%  16.3 1154s
 15292  7791  229.00000 1137 1302  685.00000  228.00000  66.7%  16.3 1163s
 15555  7967  229.00000 1170 1302  685.00000  228.00000  66.7%  16.3 1168s
 15819  8029  229.00000 1203 1302  685.00000  228.00000  66.7%  16.3 1177s
 16080  8122  229.00000 1236 1302  685.00000  228.00000  66.7%  16.2 1182s
 16344  8129  229.00000 1269 1300  685.00000  228.00000  66.7%  16.1 1192s
 16356  8144  229.00000 1270 1300  685.00000  228.00000  66.7%  16.1 1199s
 16430  8248  229.00000 1275 1300  685.00000  228.00000  66.7%  16.1 1204s
 16694  8371  229.00000 1308 1300  685.00000  228.00000  66.7%  16.1 1212s
 16897  8481  320.00000 1329 1288  685.00000  228.00000  66.7%  16.1 1218s
 17161  8494  335.00000 1362 1292  685.00000  228.00000  66.7%  16.1 1225s
 17181  8579  229.00000 1365 1300  685.00000  228.00000  66.7%  16.2 1234s
 17390  8591  229.00000 1389 1300  685.00000  228.00000  66.7%  16.2 1241s
 17410  8625  229.00000 1392 1300  685.00000  228.00000  66.7%  16.3 1249s
 17460  8668  229.00000 1397 1300  685.00000  228.00000  66.7%  16.4 1256s
 17550  8672  244.00000 1430 1306  685.00000  228.00000  66.7%  16.4 1268s
 17556  8677  229.00000 1432 1300  685.00000  228.00000  66.7%  16.4 1277s
 17561  8681  242.00000 1432 1306  685.00000  228.00000  66.7%  16.4 1294s
 17567  8689  229.00000 1433 1300  685.00000  228.00000  66.7%  16.5 1303s
 17581  8708  229.00000 1434 1300  685.00000  228.00000  66.7%  16.6 1312s
 17608  8727  229.00000 1436 1300  685.00000  228.00000  66.7%  16.7 1321s
 17634  8754  229.00000 1439 1300  685.00000  228.00000  66.7%  16.8 1332s
 17667  8789  229.00000 1444 1300  685.00000  228.00000  66.7%  16.9 1340s
 17706  8932  229.00000 1451 1300  685.00000  228.00000  66.7%  17.0 1346s
 17970  8946  229.00000 1484 1300  685.00000  228.00000  66.7%  16.9 1355s
 17985  9006  229.00000 1488 1300  685.00000  228.00000  66.7%  17.0 1363s
 18051  9023  229.00000 1492 1300  685.00000  228.00000  66.7%  17.1 1372s
 18069  9114  229.00000 1494 1300  685.00000  228.00000  66.7%  17.1 1380s
 18164  9252  229.00000 1499 1295  685.00000  228.00000  66.7%  17.2 1388s
 18387  9395  229.00000 1524 1295  685.00000  228.00000  66.7%  17.3 1393s
 18651  9461  229.00000 1557 1295  685.00000  228.00000  66.7%  17.2 1402s
 18745  9653  229.00000 1565 1295  685.00000  228.00000  66.7%  17.2 1406s
 19009  9777  229.00000 1598 1295  685.00000  228.00000  66.7%  17.1 1413s
 19134  9959  229.00000 1607 1295  685.00000  228.00000  66.7%  17.2 1423s
 19382 10015  670.00000 1640 1288  685.00000  228.00000  66.7%  17.1 1430s
 19440 10180  229.00000 1643 1295  685.00000  228.00000  66.7%  17.1 1435s
 19704 10343  229.00000 1676 1295  685.00000  228.00000  66.7%  17.0 1440s
 19968 10456  229.00000 1709 1295  685.00000  228.00000  66.7%  16.9 1447s
 20173 10519  229.00000 1730 1295  685.00000  228.00000  66.7%  16.9 1455s
 20310 10547  425.00000 1741 1288  685.00000  228.00000  66.7%  16.8 1462s
 20348 10616  229.00000 1753 1295  685.00000  228.00000  66.7%  16.9 1469s
 20519 10716  229.00000 1776 1295  685.00000  228.00000  66.7%  16.9 1474s
 20783 10833  229.00000 1809 1295  685.00000  228.00000  66.7%  16.7 1509s
 21047 10935  229.00000 1842 1295  685.00000  228.00000  66.7%  16.7 1519s
 21311 10968  229.00000 1875 1295  685.00000  228.00000  66.7%  16.6 1528s
 21356 11052  229.00000 1887 1295  685.00000  228.00000  66.7%  16.7 1533s
 21620 11113  229.00000 1920 1291  685.00000  228.00000  66.7%  16.6 1539s
 21808 11153  229.00000 1953 1283  685.00000  228.00000  66.7%  16.6 1545s
 22072 11174  229.00000 2011 1277  685.00000  228.00000  66.7%  16.4 1552s
 22098 11180  242.50000 2013 1295  685.00000  228.00000  66.7%  16.5 1558s
 22229 11186 infeasible 2046       685.00000  228.00000  66.7%  16.4 1567s
 22247 11201  229.00000 2050 1267  685.00000  228.00000  66.7%  16.4 1575s
 22539 11247  229.00000 2117 1270  685.00000  228.00000  66.7%  16.4 1585s
 22819 11396  229.00000 2153 1268  685.00000  228.00000  66.7%  16.4 1596s
 23083 11422  229.00000 2186 1268  685.00000  228.00000  66.7%  16.3 1601s
 23180 11424  229.00000 2196 1268  685.00000  228.00000  66.7%  16.3 1606s
 23249 11430  327.00000 2196 1262  685.00000  228.00000  66.7%  16.3 1614s
 23259 11434  229.00000 2198 1268  685.00000  228.00000  66.7%  16.3 1620s
 23271 11441  229.00000 2200 1268  685.00000  228.00000  66.7%  16.4 1626s
 23285 11540  229.00000 2203 1268  685.00000  228.00000  66.7%  16.4 1630s
 23549 11577  229.00000 2236 1268  685.00000  228.00000  66.7%  16.3 1636s
 23643 11662  229.00000 2251 1268  685.00000  228.00000  66.7%  16.3 1640s
 23907 11694  229.00000 2284 1268  685.00000  228.00000  66.7%  16.2 1645s
 24013 11760  250.00000 2298 1283  685.00000  228.00000  66.7%  16.2 1650s
 24277 11767  238.00000 2331 1279  685.00000  228.00000  66.7%  16.2 1656s
 24291 11850  229.00000 2332 1268  685.00000  228.00000  66.7%  16.2 1660s
 24555 11934  323.00000 2365 1273  685.00000  228.00000  66.7%  16.1 1666s
 24809 12018  229.00000 2413 1267  685.00000  228.00000  66.7%  16.0 1671s
 24966 12021  229.00000 2431 1267  685.00000  228.00000  66.7%  16.0 1676s
 24970 12042  286.00000 2431 1262  685.00000  228.00000  66.7%  16.0 1684s
 24993 12093  229.00000 2432 1267  685.00000  228.00000  66.7%  16.0 1689s
 25046 12169  229.00000 2435 1267  685.00000  228.00000  66.7%  16.0 1695s
 25124 12247  229.00000 2439 1267  685.00000  228.00000  66.7%  16.1 1701s
 25204 12401  229.00000 2440 1267  685.00000  228.00000  66.7%  16.1 1706s
 25468 12447  229.00000 2473 1267  685.00000  228.00000  66.7%  16.1 1711s
 25527 12588  456.00000 2484 1284  685.00000  228.00000  66.7%  16.1 1715s
 25791 12620  229.00000 2544 1262  685.00000  228.00000  66.7%  16.0 1721s
 25829 12677  229.00000 2546 1261  685.00000  228.00000  66.7%  16.1 1725s
 26093 12680  229.00000 2609 1256  685.00000  228.00000  66.7%  15.9 1731s
 26097 12684  229.00000 2610 1255  685.00000  228.00000  66.7%  15.9 1736s
 26101 12686  229.00000 2610 1253  685.00000  228.00000  66.7%  15.9 1744s
 26106 12688  229.00000 2611 1253  685.00000  228.00000  66.7%  16.0 1751s
 26110 12690 infeasible 2611       685.00000  228.00000  66.7%  16.0 1758s
 26115 12691  229.00000 2612 1260  685.00000  228.00000  66.7%  16.0 1766s
 26119 12694  229.00000 2613 1253  685.00000  228.00000  66.7%  16.0 1774s
 26123 12698  342.00000 2613 1251  685.00000  228.00000  66.7%  16.0 1781s
 26127 12702  229.00000 2614 1253  685.00000  228.00000  66.7%  16.0 1790s
 26131 12706  342.00000 2614 1261  685.00000  228.00000  66.7%  16.1 1799s
 26135 12709  229.00000 2615 1253  685.00000  228.00000  66.7%  16.1 1800s

Cutting planes:
  Cover: 1367
  Implied bound: 4
  MIR: 1
  StrongCG: 2
  Flow cover: 1
  GUB cover: 3
  Mod-K: 1
  Relax-and-lift: 2

Explored 26140 nodes (420529 simplex iterations) in 1800.18 seconds (3397.88 work units)
Thread count was 8 (of 8 available processors)

Solution count 1: 685 

Time limit reached
Best objective 6.850000000000e+02, best bound 2.280000000000e+02, gap 66.7153%
! --------------------------------------------------------
! Status: FEASIBLE (time limit reached)
! Best span = 685
! Labeling: 457 115 115 1 1 115 343 229 115 115 229 1 115 1 1 343 1 1 115 115 457 115 229 1 1 229 1 115 115 115 115 229 229 229 343 1 457 115 1 115 229 229 115 343 1 115 1 229 115 115 343 115 1 1 229 229 1 115 457 229 115 115 1 1 1 569 229 343 1 455 229 1 1 229 229 343 456 1 115 115 1 343 1 343 1 1 229 1 1 343 115 1 115 115 1 1 229 1 115 229 229 229 229 1 115 229 115 115 343 1 1 457 1 1 115 1 1 115 1 115 343 1 1 229 227 1 1 229 115 229 229 229 1 1 115 115 1 229 227 115 115 1 115 227 229 115 115 1 343 1 1 229 115 457 1 229 115 1 343 343 1 115 457 229 1 684 1 229 1 1 115 229 1 343 115 1 1 229 115 1 343 343 343 343 343 1 229 1 1 1 229 343 115 115 229 1 1 115 1 229 1 343 115 229 229 115 342 115 227 1 227 115 229 1 343 1 1 343 115 115 229 1 1 229 343 229 115 115 115 1 115 115 343 229 229 684 343 115 1 115 1 229 229 343 229 229 457 342 457 1 1 1 343 341 115 343 115 115 341 229 1 571 1 229 1 229 115 343 115 1 343 115 1 229 1 1 1 1 115 1 1 1 343 1 1 115 115 343 1 1 457 1 115 229 1 457 115 1 229 229 229 115 343 115 1 1 229 1 229 115 343 1 115 1 115 115 115 1 1 1 115 343 1 115 115 1 115 115 1 1 1 229 229 229 343 115 227 1 115 1 115 343 229 229 1 1 115 115 229 115 115 115 1 1 1 343 229 115 229 228 115 115 229 229 115 115 115 1 343 229 229 1 1 229 115 343 229 1 229 457 343 229 227 343 115 1 115 457 1 457 115 685 341 229 115 1 229 229 229 341 229 115 115 343 343 115 113 343 229 1 1 343 115 1 115 115 229 343 229 115 115 229 115 1 1 115 229 229 1 1 1 1 115 1 115 1 115 115 115 1 343 343 115 115 229 229 1 1 1 343 115 1 1 115 115 342 115 115 1 115 455 115 115 227 229 115 115 229 115 115 113 229 1 569 115 1 1 1 1 229 1 1 229 229 115 115 229 115 1 1 1 457 115 229 1 229 229 229 229 115 229 115 227 115 341 1 115 115 1 115 229 229 115 115 115 115 569 1 1 1 455 115 115 115 1 115 229 570 343 571 229 1 229 115 1 1 1 115 115 1 115 229 1 229 229 1 115 342 115 115 229 115 1 1 229 1 115 115 115 115 115 1 1 115 115 1 343 115 1 115 115 115 1 115 229 457 115 1 1 115 115 229 229 229 115 115 1 571 343 1 1 115 343 1 343 1 115 115 1 115 115 1 115 343 1 229 1 457 343 1 115 1 115 1 1 115 115 1 115 1 229 229 343 229 229 115 115 343 115 229 115 115 685 115 1 1 1 115 343 115 457 1 1 115 115 115 1 1 229 1 115 229 115 229 115 229 115 115 343 1 1 229 1 343 115 115 1 115 115 343 343 115 229 343 1 229 343 113 229 115 1 229 513 343 1 
! --------------------------------------------------------
! All verification passed
