! Solving for graph /home/truongxuanhieu/Gurobi-for-MinSpanLabeling/benchmarks/cabp/H-impcol_b.mtx.rnd
! Target value is set to 5
! Lower bound is set to 6
! Upper bound is set to 44
! Time limit is set to 1800
! Vertices mode is set to Has hole
! Target value mode is set to Cyclic Antibandwidth
Set parameter WLSAccessID
Set parameter WLSSecret
Set parameter LicenseID to value 2663665
Academic license 2663665 - for non-commercial use only - registered to tu___@vnu.edu.vn
Set parameter OutputFlag to value 1
Set parameter TimeLimit to value 1800
Gurobi Optimizer version 13.0.2 build v13.0.2rc1 (linux64 - "Debian GNU/Linux 12 (bookworm)")

CPU model: Intel(R) Xeon(R) CPU @ 2.20GHz, instruction set [SSE2|AVX|AVX2]
Thread count: 4 physical cores, 8 logical processors, using up to 8 threads

Non-default parameters:
TimeLimit  1800

Academic license 2663665 - for non-commercial use only - registered to tu___@vnu.edu.vn
Optimize a model with 964 rows, 3277 columns and 7056 nonzeros (Min)
Model fingerprint: 0x34a15501
Model has 1 linear objective coefficients
Model has 399 simple general constraints
  281 ABS, 118 INDICATOR
Variable types: 0 continuous, 3277 integer (2655 binary)
Coefficient statistics:
  Matrix range     [1e+00, 4e+01]
  Objective range  [1e+00, 1e+00]
  Bounds range     [1e+00, 4e+01]
  RHS range        [1e+00, 2e+01]
  GenCon rhs range [1e+00, 1e+00]
  GenCon coe range [1e+00, 1e+00]

Presolve added 738 rows and 540 columns
Presolve time: 0.05s
Presolved: 1702 rows, 3817 columns, 9450 nonzeros
Variable types: 0 continuous, 3817 integer (2914 binary)

Root relaxation: objective 1.000000e+01, 741 iterations, 0.01 seconds (0.00 work units)

    Nodes    |    Current Node    |     Objective Bounds      |     Work
 Expl Unexpl |  Obj  Depth IntInf | Incumbent    BestBd   Gap | It/Node Time

     0     0   10.00000    0  109          -   10.00000      -     -    0s
H    0     0                      44.0000000   10.00000  77.3%     -    0s
     0     0   10.00000    0  309   44.00000   10.00000  77.3%     -    0s
     0     0   10.00000    0  265   44.00000   10.00000  77.3%     -    0s
     0     0   10.00000    0  263   44.00000   10.00000  77.3%     -    0s
     0     0   10.00000    0  321   44.00000   10.00000  77.3%     -    0s
     0     0   10.00000    0  662   44.00000   10.00000  77.3%     -    0s
     0     0   10.00000    0  662   44.00000   10.00000  77.3%     -    0s
     0     0   10.00000    0  286   44.00000   10.00000  77.3%     -    0s
     0     0   10.00000    0  286   44.00000   10.00000  77.3%     -    0s
     0     0   10.00000    0  141   44.00000   10.00000  77.3%     -    1s
     0     0   10.00000    0  626   44.00000   10.00000  77.3%     -    1s
     0     0   10.00000    0  577   44.00000   10.00000  77.3%     -    1s
     0     0   10.00000    0  956   44.00000   10.00000  77.3%     -    1s
     0     0   10.00000    0  337   44.00000   10.00000  77.3%     -    1s
     0     0   10.00000    0  359   44.00000   10.00000  77.3%     -    1s
     0     0   10.00000    0  899   44.00000   10.00000  77.3%     -    2s
     0     0   10.00000    0  239   44.00000   10.00000  77.3%     -    2s
     0     0   10.00000    0  239   44.00000   10.00000  77.3%     -    2s
     0     0   10.00000    0  218   44.00000   10.00000  77.3%     -    2s
     0     2   10.00000    0  200   44.00000   10.00000  77.3%     -    2s
H    7    12                      43.0000000   10.00000  76.7%   565    2s
H   61    71                      42.0000000   10.00000  76.2%   167    2s
H  138   122                      40.0000000   10.00000  75.0%  91.2    2s
  2519  2148   24.00000  115  159   40.00000   10.00000  75.0%  16.5    5s
  3169  2496   20.00000   81  210   40.00000   10.00000  75.0%  32.9   10s
  3669  2710   25.00000  128  149   40.00000   10.00000  75.0%  35.4   15s
  6308  4045   26.00000  139  178   40.00000   10.00000  75.0%  31.0   20s
 14326  9860   32.00000   43  145   40.00000   10.00000  75.0%  21.1   25s
 14463 12220   32.00000   52  114   40.00000   10.00000  75.0%  21.2   37s
 18475 15893   30.00000  474   73   40.00000   10.00000  75.0%  19.9   40s
 30789 24467   22.00000  135  286   40.00000   10.00000  75.0%  14.9   46s
 30796 24472   34.00000  436  648   40.00000   11.00000  72.5%  14.9   50s
 30801 24475   31.00000  191  676   40.00000   11.00000  72.5%  14.9   57s
 30803 24476   25.00000   53  753   40.00000   11.00000  72.5%  14.9   63s
 30811 24483   21.00000   80  397   40.00000   11.00000  72.5%  16.1   66s
 30814 24485   27.00000  232  528   40.00000   12.00000  70.0%  16.1   70s
 30818 24488   28.00000   77  363   40.00000   12.00000  70.0%  16.1   75s
 30821 24490   35.00000   36  930   40.00000   12.00000  70.0%  16.1   82s
 30822 24491   24.00000  211  821   40.00000   12.00000  70.0%  16.1   86s
 30831 24498   21.00000  135  780   40.00000   12.00000  70.0%  17.4   90s
 30834 24500   26.00000  226  833   40.00000   12.00000  70.0%  17.4   98s
 30835 24501   31.00000  144  813   40.00000   12.00000  70.0%  17.4  100s
 31285 24804   12.00000   85  390   40.00000   12.00000  70.0%  19.0  105s
 32490 25507   25.00000  138  164   40.00000   12.00000  70.0%  19.8  110s
 33671 25943   15.00000   78  285   40.00000   13.00000  67.5%  20.4  115s
 37162 28213   34.00000  217  128   40.00000   13.00000  67.5%  20.9  120s
 46435 31999 infeasible  278        40.00000   15.00000  62.5%  19.8  125s
 57319 38312   26.00000   81  193   40.00000   16.00000  60.0%  18.8  130s
 69808 44431   30.00000  108  176   40.00000   16.00000  60.0%  17.4  135s
 84153 51041   26.00000  149  208   40.00000   16.00000  60.0%  16.0  140s
 97735 59844   35.00000  157  165   40.00000   17.00000  57.5%  15.3  145s
 110428 66723   25.00000  105  205   40.00000   17.00000  57.5%  14.8  150s
 120536 75607   26.00000  122  193   40.00000   18.00000  55.0%  14.5  155s
 131184 85848   25.00000  100  199   40.00000   19.00000  52.5%  14.4  160s
 144437 95800   32.00000  101  216   40.00000   20.00000  50.0%  13.9  165s
 151067 107803   30.50000  100  356   40.00000   20.00000  50.0%  14.0  170s
 165980 113547   35.00000  159  158   40.00000   20.00000  50.0%  13.7  175s
 177854 122459 infeasible  347        40.00000   20.00000  50.0%  13.7  180s
 188376 130987   32.00000  113  197   40.00000   20.00000  50.0%  13.6  185s
 195447 143269   25.00000  104  207   40.00000   20.00000  50.0%  13.7  191s
 207914 147226   30.00000  123  203   40.00000   20.00000  50.0%  13.6  195s
 219203 156354   25.00000  100  310   40.00000   20.00000  50.0%  13.5  200s
 233249 167341 infeasible  213        40.00000   20.00000  50.0%  13.4  205s
 237592 171062   21.00000  119  328   40.00000   20.00000  50.0%  13.6  210s
 248160 178734 infeasible  330        40.00000   20.00000  50.0%  13.6  215s
 262145 190819   25.00000  117  192   40.00000   20.00000  50.0%  13.5  220s
 269156 195865   31.00000  107  193   40.00000   20.00000  50.0%  13.7  225s
 279019 203022 infeasible  129        40.00000   20.00000  50.0%  13.6  230s
 285035 214273   30.00000  102  323   40.00000   20.00000  50.0%  13.7  236s
 294161 214877   26.00000  107  193   40.00000   20.00000  50.0%  13.7  240s
 295616 215715   21.00000  150  223   40.00000   20.00000  50.0%  13.7  245s
 298307 217593   20.00000   75  375   40.00000   20.00000  50.0%  13.8  250s
 301337 219829 infeasible  107        40.00000   20.00000  50.0%  13.9  255s
 305925 223205   27.00000  102  182   40.00000   20.00000  50.0%  13.9  260s
 312026 227749 infeasible  109        40.00000   20.00000  50.0%  14.0  265s
 323608 236665   26.00000  100  178   40.00000   20.00000  50.0%  13.9  270s
 329414 241117   38.00000  109  166   40.00000   20.00000  50.0%  14.1  275s
 338307 247596 infeasible   87        40.00000   20.00000  50.0%  14.0  280s
 341716 250186   31.00000   86  169   40.00000   20.00000  50.0%  14.1  285s
 344754 257889   35.00000   87  305   40.00000   20.00000  50.0%  14.2  294s
 352610 257883 infeasible  107        40.00000   20.00000  50.0%  14.2  295s
 359410 269852   35.00000   93  232   40.00000   20.00000  50.0%  14.3  301s
 371526 272894 infeasible  228        40.00000   20.00000  50.0%  14.2  305s
 380931 279982   25.00000   82  207   40.00000   20.00000  50.0%  14.3  310s
 388976 285782 infeasible  100        40.00000   20.00000  50.0%  14.3  315s
 398634 293822   25.00000   80  273   40.00000   20.00000  50.0%  14.3  320s
 412385 303927 infeasible  113        40.00000   20.00000  50.0%  14.3  325s
 419180 308326 infeasible   83        40.00000   20.00000  50.0%  14.4  330s
 428838 316463   30.00000   88  265   40.00000   20.00000  50.0%  14.3  335s
 436025 320856 infeasible  152        40.00000   20.00000  50.0%  14.5  340s
 445463 327380 infeasible   94        40.00000   21.00000  47.5%  14.6  345s
 457510 336567 infeasible  100        40.00000   21.00000  47.5%  14.5  350s
 463527 340239 infeasible  254        40.00000   21.00000  47.5%  14.6  355s
 463580 342309 infeasible  167        40.00000   21.00000  47.5%  14.6  361s
 478914 349706 infeasible  170        40.00000   21.00000  47.5%  14.7  365s
 487178 355932   26.00000  106  184   40.00000   21.00000  47.5%  14.7  370s
 494925 360066 infeasible  127        40.00000   21.00000  47.5%  14.8  375s
 503241 365018     cutoff  136        40.00000   21.00000  47.5%  14.9  380s
 508269 373166   26.00000   83  207   40.00000   21.00000  47.5%  15.0  386s
 518686 374817   30.00000  111  174   40.00000   21.00000  47.5%  15.1  390s
 522815 382547   31.00000  105  189   40.00000   21.00000  47.5%  15.2  396s
 532539 383476 infeasible  157        40.00000   21.00000  47.5%  15.2  400s
 537856 391993   37.00000  100  301   40.00000   21.00000  47.5%  15.3  406s
 547278 392666 infeasible  107        40.00000   21.00000  47.5%  15.3  410s
 552589 401347   30.00000  100  175   40.00000   21.00000  47.5%  15.4  417s
 560731 401366   30.00000  107  149   40.00000   21.00000  47.5%  15.5  420s
 563813 403243 infeasible  301        40.00000   21.00000  47.5%  15.5  425s
 567234 410933   31.00000  106  180   40.00000   21.00000  47.5%  15.6  430s
 578491 413011 infeasible  324        40.00000   21.00000  47.5%  15.6  435s
 582032 420830   21.00000  113  245   40.00000   21.00000  47.5%  15.6  440s
 593584 422468   35.00000   89  240   40.00000   21.00000  47.5%  15.7  445s
 605244 429697 infeasible  111        40.00000   22.00000  45.0%  15.7  450s
 608449 431359   31.00000  101  169   40.00000   22.00000  45.0%  15.8  455s
 612148 438564   28.00000  107  273   40.00000   22.00000  45.0%  15.8  461s
 622984 440218 infeasible  281        40.00000   22.00000  45.0%  15.9  465s
 626704 448597   25.00000   99  177   40.00000   22.00000  45.0%  15.9  470s
 636853 449617 infeasible  106        40.00000   22.00000  45.0%  15.9  475s
 641374 457836 infeasible  103        40.00000   22.00000  45.0%  16.0  480s
 654330 460645 infeasible  147        40.00000   22.00000  45.0%  16.0  485s
 656131 466618   32.00000  100  183   40.00000   22.00000  45.0%  16.0  490s
 668905 470063   22.00000  100  225   40.00000   22.00000  45.0%  16.1  495s
 671121 475768   35.00000  110  151   40.00000   22.00000  45.0%  16.1  500s
 682826 477572 infeasible  108        40.00000   22.00000  45.0%  16.2  505s
 686845 483561   25.00000  101  183   40.00000   22.00000  45.0%  16.3  512s
 698170 486748 infeasible  433        40.00000   23.00000  42.5%  16.4  515s
 702109 494536   32.00000  102  190   40.00000   23.00000  42.5%  16.4  522s
 710284 494562   30.00000  105  157   40.00000   23.00000  42.5%  16.4  525s
 716326 498834   30.00000  104  167   40.00000   23.00000  42.5%  16.5  530s
 726300 505260   30.00000  101  169   40.00000   23.00000  42.5%  16.5  535s
 734086 509007 infeasible  112        40.00000   23.00000  42.5%  16.5  540s
 742208 513970   26.00000   98  205   40.00000   23.00000  42.5%  16.6  545s
 744991 515650 infeasible   93        40.00000   24.00000  40.0%  16.6  550s
 747420 522911   25.00000   91  170   40.00000   24.00000  40.0%  16.7  555s
 757978 524811   25.00000   93  156   40.00000   24.00000  40.0%  16.7  560s
 761989 531646   30.00000  100  254   40.00000   24.00000  40.0%  16.7  566s
 772285 533745   29.00000   95  175   40.00000   24.00000  40.0%  16.8  570s
 784444 541282 infeasible  564        40.00000   24.00000  40.0%  16.8  575s
 788688 543509 infeasible  129        40.00000   24.00000  40.0%  16.8  580s
 799390 550383 infeasible  146        40.00000   24.00000  40.0%  16.8  585s
 802965 551673 infeasible   95        40.00000   24.00000  40.0%  16.9  590s
 806002 555482   35.00000   90  193   40.00000   24.00000  40.0%  17.0  597s
 814120 555511   26.00000   87  216   40.00000   24.00000  40.0%  17.1  600s
 820239 557770   34.00000  119  176   40.00000   25.00000  37.5%  17.2  605s
 821672 558936   35.00000  107  149   40.00000   25.00000  37.5%  17.2  610s
 831954 559845   32.00000  100  159   40.00000   25.00000  37.5%  17.4  615s
 837120 561691   30.00000  122  188   40.00000   25.00000  37.5%  17.4  624s
 844186 561671 infeasible   94        40.00000   25.00000  37.5%  17.5  625s
 850487 563107 infeasible   94        40.00000   25.00000  37.5%  17.6  630s
 852325 564535   30.00000   98  147   40.00000   25.00000  37.5%  17.7  637s
 862807 565437 infeasible   93        40.00000   25.00000  37.5%  17.8  641s
 867139 566516 infeasible  114        40.00000   25.00000  37.5%  17.9  645s
 867197 568377   30.00000  103  228   40.00000   25.00000  37.5%  17.9  650s
 878548 569649   35.00000   91  181   40.00000   25.00000  37.5%  18.0  655s
 881857 571709   30.00000   85  170   40.00000   25.00000  37.5%  18.1  662s
 890592 572307   30.00000  101  193   40.00000   25.00000  37.5%  18.2  665s
 897219 574981   25.00000  102  201   40.00000   25.00000  37.5%  18.3  675s
 906742 575946   30.00000  104  194   40.00000   25.00000  37.5%  18.4  680s
 913208 579024   31.00000  106  201   40.00000   25.00000  37.5%  18.5  688s
 921291 578998 infeasible  102        40.00000   25.00000  37.5%  18.5  690s
 922215 579227 infeasible  102        40.00000   25.00000  37.5%  18.6  695s
 925571 579986 infeasible  101        40.00000   25.00000  37.5%  18.6  700s
 928206 581973   32.00000  100  184   40.00000   25.00000  37.5%  18.7  711s
 937040 583151   27.00000  103  170   40.00000   25.00000  37.5%  18.8  715s
 944106 584518   25.00000   92  207   40.00000   25.00000  37.5%  18.9  720s
 950359 585943   31.00000   82  199   40.00000   25.00000  37.5%  18.9  725s
 952122 586522   30.00000  100  171   40.00000   25.00000  37.5%  18.9  730s
 955780 587199 infeasible  104        40.00000   25.00000  37.5%  19.0  735s
 957458 589151 infeasible  110        40.00000   25.00000  37.5%  19.0  743s
 967359 589889 infeasible  113        40.00000   25.00000  37.5%  19.1  745s
 973437 591717 infeasible   85        40.00000   25.00000  37.5%  19.2  750s
 981506 593860 infeasible  113        40.00000   25.00000  37.5%  19.2  755s
 984894 595198   26.00000   86  206   40.00000   25.00000  37.5%  19.3  760s
 989279 597898   26.00000  104  185   40.00000   25.00000  37.5%  19.3  768s
 997342 597888 infeasible  145        40.00000   25.00000  37.5%  19.4  770s
 1003156 599402 infeasible  156        40.00000   25.00000  37.5%  19.5  775s
 1004819 601232   30.00000  101  163   40.00000   25.00000  37.5%  19.5  781s
 1014995 602610   30.00000   83  250   40.00000   25.00000  37.5%  19.6  785s
 1020303 605360   30.00000  111  199   40.00000   25.00000  37.5%  19.6  792s
 1030120 605690 infeasible  163        40.00000   25.00000  37.5%  19.7  795s
 1035932 607096 infeasible  149        40.00000   25.00000  37.5%  19.8  800s
 1044103 608990   30.00000  131  188   40.00000   25.00000  37.5%  19.8  805s
 1048880 609970 infeasible   84        40.00000   25.00000  37.5%  19.9  810s
 1055140 611343   30.00000  105  187   40.00000   25.00000  37.5%  19.9  815s
 1060342 612949   31.00000  134  176   40.00000   25.00000  37.5%  20.0  820s
 1065786 616325   35.00000  110  174   40.00000   25.00000  37.5%  20.0  826s
 1074148 616569   26.00000  118  187   40.00000   25.00000  37.5%  20.1  830s
 1080514 619501   26.00000  105  180   40.00000   25.00000  37.5%  20.1  839s
 1088454 619467   34.00000   93  158   40.00000   25.00000  37.5%  20.2  840s
 1093161 620769   34.00000   94  175   40.00000   25.00000  37.5%  20.2  845s
 1095638 623172   30.00000  157  191   40.00000   25.00000  37.5%  20.2  850s
 1106697 624007 infeasible  103        40.00000   25.00000  37.5%  20.3  855s
 1111205 627304   35.00000   86  161   40.00000   25.00000  37.5%  20.3  863s
 1119340 627700   30.00000  122  173   40.00000   25.00000  37.5%  20.4  865s
 1126596 629330 infeasible   87        40.00000   25.00000  37.5%  20.4  870s
 1126663 631299   35.00000  101  209   40.00000   25.00000  37.5%  20.4  876s
 1137347 632356   30.00000  106  194   40.00000   25.00000  37.5%  20.5  880s
 1142385 635252   30.00000  103  219   40.00000   25.00000  37.5%  20.6  888s
 1150536 635215   26.00000  105  181   40.00000   25.00000  37.5%  20.6  890s
 1152651 636144   25.00000  102  205   40.00000   25.00000  37.5%  20.7  895s
 1157969 639333   35.00000   98  160   40.00000   25.00000  37.5%  20.7  902s
 1166163 639611   36.00000  105  157   40.00000   25.00000  37.5%  20.8  905s
 1171841 641267   30.00000  125  226   40.00000   25.00000  37.5%  20.8  910s
 1173523 643208   35.00000   89  248   40.00000   25.00000  37.5%  20.8  916s
 1184843 644535   31.00000   99  170   40.00000   25.00000  37.5%  20.9  920s
 1189153 647353   30.00000  113  250   40.00000   25.00000  37.5%  20.9  928s
 1197126 647319 infeasible   85        40.00000   25.00000  37.5%  21.0  930s
 1204102 649195 infeasible  104        40.00000   25.00000  37.5%  21.0  935s
 1204169 650826   31.00000  129  187   40.00000   25.00000  37.5%  21.0  940s
 1216796 652034 infeasible   91        40.00000   25.00000  37.5%  21.1  945s
 1219240 654406   30.00000   97  182   40.00000   25.00000  37.5%  21.1  954s
 1227240 654386 infeasible  106        40.00000   25.00000  37.5%  21.2  955s
 1232904 656266   31.00000   93  199   40.00000   25.00000  37.5%  21.2  960s
 1234728 657921   30.00000   88  225   40.00000   25.00000  37.5%  21.2  966s
 1244282 658250 infeasible   88        40.00000   25.00000  37.5%  21.3  970s
 1249277 661935     cutoff   86        40.00000   25.00000  37.5%  21.4  977s
 1257514 661902   25.00000   82  271   40.00000   25.00000  37.5%  21.4  980s
 1261964 663023 infeasible  110        40.00000   25.00000  37.5%  21.4  985s
 1264513 665871 infeasible   98        40.00000   25.00000  37.5%  21.4  990s
 1274958 666669   25.00000   96  223   40.00000   25.00000  37.5%  21.5  995s
 1279890 669643   30.00000  110  160   40.00000   25.00000  37.5%  21.5 1002s
 1288746 669787 infeasible  105        40.00000   25.00000  37.5%  21.6 1005s
 1292827 671449   35.00000  102  178   40.00000   25.00000  37.5%  21.6 1010s
 1300043 673168   30.00000   92  161   40.00000   25.00000  37.5%  21.6 1015s
 1305511 674401 infeasible  106        40.00000   25.00000  37.5%  21.6 1020s
 1309573 675294 infeasible  107        40.00000   25.00000  37.5%  21.7 1025s
 1317631 677341 infeasible  126        40.00000   25.00000  37.5%  21.7 1030s
 1320250 678105   31.00000  131  283   40.00000   25.00000  37.5%  21.7 1035s
 1325239 681321   30.00000  111  253   40.00000   25.00000  37.5%  21.7 1043s
 1333291 681312 infeasible  114        40.00000   25.00000  37.5%  21.8 1045s
 1338614 682656 infeasible  103        40.00000   25.00000  37.5%  21.8 1050s
 1339785 684541   31.00000   99  188   40.00000   25.00000  37.5%  21.8 1059s
 1347529 685087   30.00000  106  200   40.00000   25.00000  37.5%  21.9 1060s
 1354781 688317   26.00000   83  191   40.00000   25.00000  37.5%  21.9 1070s
 1362885 688305   31.00000  161  159   40.00000   25.00000  37.5%  21.9 1075s
 1363065 688300 infeasible  162        40.00000   25.00000  37.5%  21.9 1080s
 1363289 688275   31.00000  164  176   40.00000   25.00000  37.5%  22.0 1085s
 1363596 688266   30.00000   85  231   40.00000   25.00000  37.5%  22.0 1090s
 1363938 688225 infeasible  106        40.00000   25.00000  37.5%  22.0 1095s
 1364254 688506   35.00000   89  168   40.00000   25.00000  37.5%  22.0 1100s
 1367834 689964   30.00000  122  215   40.00000   25.00000  37.5%  22.1 1105s
 1370623 691100   30.00000  110  200   40.00000   25.00000  37.5%  22.1 1111s
 1382097 693376 infeasible   85        40.00000   25.00000  37.5%  22.1 1115s
 1385140 696914   35.00000   84  170   40.00000   25.00000  37.5%  22.2 1123s
 1393171 696913   30.00000   79  172   40.00000   25.00000  37.5%  22.2 1125s
 1396569 698141   31.00000   85  186   40.00000   25.00000  37.5%  22.2 1130s
 1400454 701639   35.00000   82  235   40.00000   25.00000  37.5%  22.3 1138s
 1408528 701630   30.00000   90  171   40.00000   25.00000  37.5%  22.3 1140s
 1413904 703706   25.00000  105  305   40.00000   25.00000  37.5%  22.3 1145s
 1415283 705953   30.00000   83  162   40.00000   25.00000  37.5%  22.3 1151s
 1425779 706559   26.00000   87  185   40.00000   25.00000  37.5%  22.4 1155s
 1431222 707840 infeasible  109        40.00000   25.00000  37.5%  22.4 1160s
 1439468 710064 infeasible   88        40.00000   25.00000  37.5%  22.4 1165s
 1444756 711583 infeasible  111        40.00000   25.00000  37.5%  22.4 1170s
 1446120 714357   30.00000   82  202   40.00000   25.00000  37.5%  22.5 1175s
 1456888 714927 infeasible  102        40.00000   25.00000  37.5%  22.5 1180s
 1460547 717803   30.00000  103  185   40.00000   25.00000  37.5%  22.5 1189s
 1468547 717790   32.00000  103  145   40.00000   25.00000  37.5%  22.5 1190s
 1472667 719214   35.00000   84  170   40.00000   25.00000  37.5%  22.6 1195s
 1475385 721502   35.00000  110  148   40.00000   25.00000  37.5%  22.6 1201s
 1484483 721729 infeasible   85        40.00000   25.00000  37.5%  22.6 1205s
 1490469 725014   35.00000  103  176   40.00000   25.00000  37.5%  22.6 1215s
 1499643 725588   30.00000  117  237   40.00000   25.00000  37.5%  22.7 1220s
 1505070 728894   31.00000   88  164   40.00000   25.00000  37.5%  22.7 1227s
 1513317 728859   31.00000  105  215   40.00000   25.00000  37.5%  22.8 1230s
 1518408 730509   30.00000  106  261   40.00000   25.00000  37.5%  22.8 1235s
 1519511 731829   31.00000  121  212   40.00000   25.00000  37.5%  22.8 1240s
 1528634 731750 infeasible  104        40.00000   26.00000  35.0%  22.8 1245s
 1534599 733921   35.00000  111  160   40.00000   26.00000  35.0%  22.8 1255s
 1545259 734650   26.00000  101  178   40.00000   26.00000  35.0%  22.9 1260s
 1549896 736838   26.00000  106  173   40.00000   26.00000  35.0%  22.9 1269s
 1556872 736823 infeasible  113        40.00000   26.00000  35.0%  22.9 1270s
 1557301 736767 infeasible   86        40.00000   26.00000  35.0%  23.0 1275s
 1563012 738080 infeasible  167        40.00000   26.00000  35.0%  23.0 1280s
 1565012 740101   31.00000  113  197   40.00000   26.00000  35.0%  23.0 1285s
 1576134 740919   30.00000  100  196   40.00000   26.00000  35.0%  23.0 1290s
 1579884 742455   30.00000  145  183   40.00000   26.00000  35.0%  23.0 1297s
 1588025 742793   28.00000  264  183   40.00000   26.00000  35.0%  23.1 1300s
 1594791 746001   35.00000  198  157   40.00000   26.00000  35.0%  23.1 1307s
 1603084 745929 infeasible  116        40.00000   26.00000  35.0%  23.1 1310s
 1608628 747244   30.00000   76  174   40.00000   26.00000  35.0%  23.1 1315s
 1617708 749368   31.00000   81  177   40.00000   26.00000  35.0%  23.1 1320s
 1620558 749869 infeasible  105        40.00000   26.00000  35.0%  23.1 1325s
 1624165 752688   30.00000   89  262   40.00000   26.00000  35.0%  23.1 1330s
 1633595 752953 infeasible  123        40.00000   26.00000  35.0%  23.2 1335s
 1639433 754305 infeasible  105        40.00000   26.00000  35.0%  23.2 1340s
 1647583 756487 infeasible   80        40.00000   26.00000  35.0%  23.2 1345s
 1652375 758028 infeasible   88        40.00000   26.00000  35.0%  23.2 1350s
 1654727 760996   31.00000  104  170   40.00000   26.00000  35.0%  23.2 1355s
 1664299 761292 infeasible   91        40.00000   26.00000  35.0%  23.2 1360s
 1669517 764849   30.00000   87  201   40.00000   26.00000  35.0%  23.2 1367s
 1677717 764820   30.00000   82  173   40.00000   26.00000  35.0%  23.3 1370s
 1680839 766104   31.00000   90  177   40.00000   26.00000  35.0%  23.3 1375s
 1684174 768529   36.00000   84  213   40.00000   26.00000  35.0%  23.3 1382s
 1692454 768696   34.00000  107  153   40.00000   26.00000  35.0%  23.3 1385s
 1699331 770119 infeasible  118        40.00000   26.00000  35.0%  23.3 1390s
 1707403 772063 infeasible   87        40.00000   26.00000  35.0%  23.3 1395s
 1711823 773036 infeasible  189        40.00000   26.00000  35.0%  23.4 1400s
 1713951 774807   35.00000  109  181   40.00000   26.00000  35.0%  23.4 1407s
 1723967 775497   26.00000  101  260   40.00000   26.00000  35.0%  23.4 1410s
 1728463 777408   31.00000  100  378   40.00000   26.00000  35.0%  23.4 1418s
 1735161 777440 infeasible  101        40.00000   26.00000  35.0%  23.4 1420s
 1741324 779256   35.00000   81  182   40.00000   26.00000  35.0%  23.5 1425s
 1742973 780371   30.00000   97  208   40.00000   26.00000  35.0%  23.5 1430s
 1749569 780378   30.00000   82  200   40.00000   26.00000  35.0%  23.5 1435s
 1749937 780745   36.00000  117  241   40.00000   26.00000  35.0%  23.5 1440s
 1757438 782055 infeasible  108        40.00000   26.00000  35.0%  23.5 1445s
 1757520 783454   30.00000   84  187   40.00000   26.00000  35.0%  23.5 1451s
 1767445 783793 infeasible   84        40.00000   26.00000  35.0%  23.6 1455s
 1772859 784715 infeasible  180        40.00000   27.00000  32.5%  23.6 1463s
 1778865 785190   35.00000  205  151   40.00000   27.00000  32.5%  23.6 1465s
 1785274 785806 infeasible  103        40.00000   27.00000  32.5%  23.6 1470s
 1785555 785740 infeasible  102        40.00000   27.00000  32.5%  23.6 1475s
 1789122 788237   35.00000  101  186   40.00000   27.00000  32.5%  23.6 1482s
 1797325 788194 infeasible  102        40.00000   27.00000  32.5%  23.6 1485s
 1802405 789140 infeasible  110        40.00000   27.00000  32.5%  23.7 1490s
 1811683 791164 infeasible  110        40.00000   27.00000  32.5%  23.7 1495s
 1813117 791588   27.00000  224  147   40.00000   27.00000  32.5%  23.7 1500s
 1818549 794063   30.00000   99  162   40.00000   27.00000  32.5%  23.7 1508s
 1826651 794089 infeasible   75        40.00000   27.00000  32.5%  23.7 1510s
 1831609 795629   35.00000   81  167   40.00000   27.00000  32.5%  23.7 1515s
 1833941 798425   35.00000   83  153   40.00000   27.00000  32.5%  23.7 1520s
 1844154 799048 infeasible   80        40.00000   27.00000  32.5%  23.7 1525s
 1849007 802854   36.00000   85  171   40.00000   27.00000  32.5%  23.7 1532s
 1857331 802823 infeasible  108        40.00000   27.00000  32.5%  23.7 1535s
 1863315 804227 infeasible   90        40.00000   27.00000  32.5%  23.7 1540s
 1867927 805760   27.00000   85  201   40.00000   27.00000  32.5%  23.8 1545s
 1874045 808020   30.00000  112  280   40.00000   27.00000  32.5%  23.8 1550s
 1878545 810281   30.00000   84  229   40.00000   27.00000  32.5%  23.8 1556s
 1886674 810519 infeasible   83        40.00000   27.00000  32.5%  23.8 1560s
 1893671 812305 infeasible  102        40.00000   27.00000  32.5%  23.8 1565s
 1893733 814183   30.00000  104  176   40.00000   27.00000  32.5%  23.8 1570s
 1904324 815156   30.00000  125  182   40.00000   27.00000  32.5%  23.8 1575s
 1908237 817364   28.00000   90  180   40.00000   27.00000  32.5%  23.9 1582s
 1916417 817340 infeasible   82        40.00000   27.00000  32.5%  23.9 1585s
 1922186 818345 infeasible  139        40.00000   28.00000  30.0%  23.9 1590s
 1923288 820221   31.00000   90  205   40.00000   28.00000  30.0%  23.9 1595s
 1934155 821308   28.00000   74  321   40.00000   28.00000  30.0%  23.9 1600s
 1937865 824706   35.36765   83  216   40.00000   28.00000  30.0%  23.9 1607s
 1946111 824695   28.00000   78  206   40.00000   28.00000  30.0%  23.9 1610s
 1952206 826272 infeasible   82        40.00000   28.00000  30.0%  24.0 1615s
 1952288 828370   30.00000   79  174   40.00000   28.00000  30.0%  24.0 1621s
 1960613 828656   30.00000   79  176   40.00000   28.00000  30.0%  24.0 1625s
 1964793 829828   30.00000   81  189   40.00000   28.00000  30.0%  24.0 1630s
 1967850 832034   30.00000   78  215   40.00000   28.00000  30.0%  24.0 1638s
 1975963 832115 infeasible   87        40.00000   28.00000  30.0%  24.0 1640s
 1982667 833680   33.00000   82  161   40.00000   28.00000  30.0%  24.0 1645s
 1990730 835689   33.00000   75  194   40.00000   28.00000  30.0%  24.0 1650s
 1993545 836332 infeasible  109        40.00000   28.00000  30.0%  24.0 1655s
 1997624 838991   35.00000   80  180   40.00000   28.00000  30.0%  24.0 1663s
 2005703 838969   31.00000   84  162   40.00000   28.00000  30.0%  24.1 1665s
 2009892 839916 infeasible   85        40.00000   28.00000  30.0%  24.1 1670s
 2012112 841945   30.00000   77  179   40.00000   28.00000  30.0%  24.1 1677s
 2021427 842194 infeasible   92        40.00000   28.00000  30.0%  24.1 1680s
 2026830 844759   33.00000  134  450   40.00000   29.00000  27.5%  24.1 1689s
 2034830 844721   34.00000  115  164   40.00000   29.00000  27.5%  24.1 1690s
 2040240 845668 infeasible  128        40.00000   29.00000  27.5%  24.1 1695s
 2041895 846779   38.00000   72  181   40.00000   29.00000  27.5%  24.1 1707s
 2051994 847810   30.00000  117  187   40.00000   29.00000  27.5%  24.2 1710s
 2064384 849728   34.00000   80  191   40.00000   29.00000  27.5%  24.2 1715s
 2071433 851284   30.00000   76  347   40.00000   29.00000  27.5%  24.2 1720s
 2072463 853171   35.00000   84  200   40.00000   29.00000  27.5%  24.2 1725s
 2083859 854178   30.00000   81  186   40.00000   29.00000  27.5%  24.2 1730s
 2088193 856429   29.00000   77  245   40.00000   29.00000  27.5%  24.2 1737s
 2096421 856515   31.00000  135  221   40.00000   29.00000  27.5%  24.2 1741s
 2101310 857787   30.00000   79  213   40.00000   29.00000  27.5%  24.2 1745s
 2102738 859425   35.00000   78  158   40.00000   29.00000  27.5%  24.2 1750s
 2114691 860249 infeasible   83        40.00000   29.00000  27.5%  24.2 1755s
 2116609 860666 infeasible   85        40.00000   29.00000  27.5%  24.2 1760s
 2117930 862577   29.00000   80  218   40.00000   29.00000  27.5%  24.2 1767s
 2125751 862816   29.00000  113  214   40.00000   29.00000  27.5%  24.2 1770s
 2131647 863966 infeasible   80        40.00000   29.00000  27.5%  24.3 1775s
 2133035 865737   38.00000   77  164   40.00000   29.00000  27.5%  24.3 1782s
 2141003 866065   36.00000   78  233   40.00000   29.00000  27.5%  24.3 1785s
 2147302 867278   29.00000  111  169   40.00000   29.00000  27.5%  24.3 1790s
 2148393 868562 infeasible  113        40.00000   29.00000  27.5%  24.3 1796s
 2157532 868737 infeasible  120        40.00000   29.00000  27.5%  24.3 1800s

Cutting planes:
  Learned: 6
  Gomory: 8
  Cover: 77
  Implied bound: 233
  Projected implied bound: 3
  Clique: 6
  MIR: 70
  StrongCG: 41
  Flow cover: 164
  GUB cover: 115
  Inf proof: 119
  Zero half: 4
  Relax-and-lift: 7

Explored 2157571 nodes (52547160 simplex iterations) in 1800.01 seconds (1194.48 work units)
Thread count was 8 (of 8 available processors)

Solution count 4: 40 42 43 44 

Time limit reached
Best objective 4.000000000000e+01, best bound 2.900000000000e+01, gap 27.5000%
! --------------------------------------------------------
! Status: FEASIBLE (time limit reached)
! Best span = 40
! Labeling: 1 1 1 6 1 1 1 1 6 1 11 16 1 6 1 1 6 11 11 16 21 16 16 6 11 6 11 1 11 1 21 26 6 11 1 1 11 6 16 11 11 21 21 6 26 6 11 26 6 6 1 16 6 26 31 11 26 36 40 
! --------------------------------------------------------
! All verification passed
