! Solving for graph /home/truongxuanhieu/Gurobi-for-MinSpanLabeling/benchmarks/cabp/H-impcol_b.mtx.rnd
! Target value is set to 5
! Lower bound is set to 6
! Upper bound is set to 44
! Time limit is set to 1800
! Vertices mode is set to No hole
! Target value mode is set to Cyclic Antibandwidth
Set parameter WLSAccessID
Set parameter WLSSecret
Set parameter LicenseID to value 2663665
Academic license 2663665 - for non-commercial use only - registered to tu___@vnu.edu.vn
Set parameter OutputFlag to value 1
Set parameter TimeLimit to value 1800
Gurobi Optimizer version 13.0.2 build v13.0.2rc1 (linux64 - "Debian GNU/Linux 12 (bookworm)")

CPU model: Intel(R) Xeon(R) CPU @ 2.20GHz, instruction set [SSE2|AVX|AVX2]
Thread count: 4 physical cores, 8 logical processors, using up to 8 threads

Non-default parameters:
TimeLimit  1800

Academic license 2663665 - for non-commercial use only - registered to tu___@vnu.edu.vn
Optimize a model with 1008 rows, 3277 columns and 9696 nonzeros (Min)
Model fingerprint: 0xfa518a2f
Model has 1 linear objective coefficients
Model has 399 simple general constraints
  281 ABS, 118 INDICATOR
Variable types: 0 continuous, 3277 integer (2655 binary)
Coefficient statistics:
  Matrix range     [1e+00, 4e+01]
  Objective range  [1e+00, 1e+00]
  Bounds range     [1e+00, 4e+01]
  RHS range        [1e+00, 4e+01]
  GenCon rhs range [1e+00, 1e+00]
  GenCon coe range [1e+00, 1e+00]

Presolve added 737 rows and 540 columns
Presolve time: 0.06s
Presolved: 1745 rows, 3817 columns, 11999 nonzeros
Variable types: 0 continuous, 3817 integer (2914 binary)

Root relaxation: objective 1.000000e+01, 761 iterations, 0.01 seconds (0.00 work units)

    Nodes    |    Current Node    |     Objective Bounds      |     Work
 Expl Unexpl |  Obj  Depth IntInf | Incumbent    BestBd   Gap | It/Node Time

     0     0   10.00000    0  120          -   10.00000      -     -    0s
     0     0   10.00000    0  251          -   10.00000      -     -    0s
     0     0   10.00000    0  243          -   10.00000      -     -    0s
     0     0   10.00000    0  828          -   10.00000      -     -    0s
     0     0   10.00000    0  371          -   10.00000      -     -    1s
     0     0   10.00000    0  528          -   10.00000      -     -    1s
     0     0   10.00000    0  842          -   10.00000      -     -    1s
     0     0   10.00000    0  396          -   10.00000      -     -    1s
     0     0   10.00000    0  393          -   10.00000      -     -    1s
     0     0   10.00000    0  393          -   10.00000      -     -    2s
     0     2   10.00000    0  393          -   10.00000      -     -    2s
   807   678 infeasible   94               -   10.00000      -  61.8    5s
  1210   969   21.00000   47  901          -   10.00000      -  64.9   10s
  1217   973   30.00000   94  385          -   11.00000      -  64.5   15s
  1222   977   38.00000  105  945          -   11.00000      -  64.2   20s
  1233   986   20.00000   32  399          -   11.00000      -   106   25s
  1601  1238   11.00000   44  343          -   11.00000      -   121   30s
  2263  1565   11.00000   69  283          -   11.00000      -   107   35s
  3158  2120   12.00000   93  309          -   11.00000      -  92.0   40s
  3987  2461   15.00000  117  287          -   11.00000      -  82.8   45s
  4178  2583   44.00000  122  510          -   11.00000      -  82.2   50s
  4397  2807   15.00000  128  287          -   11.00000      -  81.9   55s
H 4999  1776                      42.0000000   11.00000  73.8%  78.6   58s
  5823  2277   20.00000  182  191   42.00000   11.00000  73.8%  72.2   60s
  9460  5170   15.00000   56  266   42.00000   11.00000  73.8%  56.4   65s
 11989  8882   33.00000  149  186   42.00000   11.00000  73.8%  48.6   70s
*13661  8315             823      41.0000000   11.00000  73.2%  44.7   71s
 15299  9302   27.00000   98  579   41.00000   11.00000  73.2%  43.3   75s
 15327  9341   11.00000   36  375   41.00000   11.00000  73.2%  45.4   80s
H15524  8989                      40.0000000   11.00000  72.5%  46.9   82s
 15915  9205   20.00000   71  249   40.00000   11.00000  72.5%  48.0   85s
 16574  9544   27.00000  129  201   40.00000   11.00000  72.5%  49.1   90s
 17512  9875 infeasible  116        40.00000   11.00000  72.5%  49.6   95s
 17821  9983   21.00000   41  235   40.00000   11.00000  72.5%  50.1  100s
 18835 10320   35.00000   47  402   40.00000   12.00000  70.0%  50.8  105s
 24314 12474   15.00000   43  393   40.00000   12.00000  70.0%  45.9  110s
 28412 13873   31.00000   87  186   40.00000   12.00000  70.0%  43.6  115s
 33617 17002   36.00000   73  258   40.00000   14.00000  65.0%  40.5  120s
 40771 19583 infeasible   59        40.00000   15.00000  62.5%  37.4  125s
 44910 21989 infeasible  134        40.00000   15.00000  62.5%  36.2  135s
 52001 28285   35.00000   54  475   40.00000   15.00000  62.5%  34.8  140s
 57826 31750   30.00000   50  432   40.00000   15.00000  62.5%  34.5  145s
 59679 39584   35.00000   50  451   40.00000   15.00000  62.5%  34.8  151s
 69087 40896   20.00000   48  288   40.00000   15.00000  62.5%  33.3  155s
 74349 44440 infeasible  144        40.00000   15.00000  62.5%  33.1  160s
 82476 50735 infeasible   61        40.00000   15.00000  62.5%  31.7  165s
 84346 51992 infeasible   71        40.00000   15.00000  62.5%  32.0  170s
 88201 55709   30.00000   49  345   40.00000   15.00000  62.5%  31.9  175s
 89286 61937   21.00000   47  631   40.00000   15.00000  62.5%  31.9  180s
 98449 62672   35.00000   90  413   40.00000   15.00000  62.5%  31.3  185s
 102582 66551   31.00000   46  467   40.00000   15.00000  62.5%  31.2  190s
 107804 70396   37.00000   55  490   40.00000   15.00000  62.5%  31.0  195s
 112847 73297 infeasible   53        40.00000   15.00000  62.5%  31.0  200s
 115400 75767   25.00000   49  349   40.00000   15.00000  62.5%  31.4  205s
 119307 81228   35.00000   52  322   40.00000   15.00000  62.5%  31.4  211s
 124518 82319   30.00000   54  329   40.00000   15.00000  62.5%  31.4  215s
 128647 84821   31.00000   59  213   40.00000   15.00000  62.5%  31.6  220s
 133387 87452 infeasible  112        40.00000   15.00000  62.5%  31.5  225s
 136529 90132   24.00000   53  367   40.00000   15.00000  62.5%  31.5  230s
 139861 91898   25.00000   49  311   40.00000   15.00000  62.5%  31.6  235s
 142691 94316   30.00000   50  284   40.00000   15.00000  62.5%  31.8  240s
 145332 95485 infeasible  380        40.00000   15.00000  62.5%  31.8  245s
 147354 97678   35.00000   52  341   40.00000   15.00000  62.5%  32.1  250s
 148736 102363   35.00000   52  480   40.00000   15.00000  62.5%  32.1  258s
 155747 102378   36.00000   53  478   40.00000   15.00000  62.5%  32.3  260s
 157731 104198   35.00000   61  428   40.00000   15.00000  62.5%  32.6  265s
 161431 106268   33.00000   52  233   40.00000   16.00000  60.0%  32.9  270s
 163848 110145   25.00000   48  373   40.00000   16.00000  60.0%  33.1  279s
 169945 110168   23.00000   56  269   40.00000   16.00000  60.0%  33.6  280s
 172652 113387   35.00000   55  451   40.00000   16.00000  60.0%  33.7  285s
 176725 115739   20.00000   44  412   40.00000   16.00000  60.0%  33.7  290s
 178462 120525   16.00000   44  284   40.00000   16.00000  60.0%  33.7  299s
 186007 120534   21.00000   48  291   40.00000   16.00000  60.0%  33.7  300s
 188066 121757 infeasible   78        40.00000   16.00000  60.0%  33.9  305s
 192825 124756   35.00000   56  468   40.00000   16.00000  60.0%  34.0  310s
 192947 127911   25.00000   51  324   40.00000   16.00000  60.0%  34.0  316s
 200247 128843 infeasible   59        40.00000   18.00000  55.0%  34.4  320s
 204635 131756   32.00000   53  407   40.00000   19.00000  52.5%  34.4  325s
 204976 131807 infeasible   54        40.00000   19.00000  52.5%  34.5  330s
 209521 135359   35.00000   55  427   40.00000   20.00000  50.0%  34.4  335s
 214264 137515 infeasible   64        40.00000   20.00000  50.0%  34.7  340s
 218020 140304   29.00000   51  369   40.00000   20.00000  50.0%  34.8  345s
 222654 142663   35.00000   87  503   40.00000   20.00000  50.0%  34.8  350s
 222762 148352   30.00000   48  415   40.00000   20.00000  50.0%  34.9  355s
 232283 149246   30.00000   51  446   40.00000   20.00000  50.0%  34.6  360s
 235566 151420   30.00000   51  360   40.00000   20.00000  50.0%  34.8  365s
 237777 157249   32.00000   54  412   40.00000   20.00000  50.0%  34.9  373s
 245737 157287 infeasible   56        40.00000   20.00000  50.0%  34.8  375s
 247917 158355   30.00000   56  433   40.00000   20.00000  50.0%  34.9  380s
 252132 161177   26.00000   52  268   40.00000   20.00000  50.0%  34.9  385s
 260126 166724 infeasible   54        40.00000   20.00000  50.0%  34.6  390s
 260563 166841 infeasible   56        40.00000   20.00000  50.0%  34.7  395s
 263976 169820   32.00000   56  298   40.00000   20.00000  50.0%  34.8  400s
 267283 176115   30.00000   52  213   40.00000   20.00000  50.0%  34.8  409s
 275152 176120 infeasible   67        40.00000   20.00000  50.0%  34.5  410s
 277071 177231 infeasible  250        40.00000   20.00000  50.0%  34.6  415s
 281541 180158 infeasible   89        40.00000   20.00000  50.0%  34.6  420s
 285219 182522   35.00000   50  355   40.00000   20.00000  50.0%  34.6  425s
 290600 185442 infeasible   65        40.00000   20.00000  50.0%  34.5  430s
 294488 187488   26.00000   51  271   40.00000   20.00000  50.0%  34.6  435s
 296735 193617   35.00000   54  458   40.00000   20.00000  50.0%  34.6  444s
 304650 193624 infeasible   54        40.00000   20.00000  50.0%  34.5  445s
 304890 193706   31.00000   60  301   40.00000   20.00000  50.0%  34.6  450s
 306879 195335   35.00000   50  349   40.00000   20.00000  50.0%  34.7  455s
 310147 196639   21.00000   49  450   40.00000   20.00000  50.0%  34.7  460s
 311741 202549   31.00000   52  215   40.00000   20.00000  50.0%  34.7  468s
 319456 202561   26.00000   58  304   40.00000   20.00000  50.0%  34.7  470s
 324084 205947 infeasible  456        40.00000   20.00000  50.0%  34.6  475s
 326388 211185   35.00000   50  451   40.00000   20.00000  50.0%  34.7  486s
 334439 211272   31.00000   59  441   40.00000   20.00000  50.0%  34.8  490s
 338779 213612 infeasible   54        40.00000   20.00000  50.0%  34.9  495s
 340871 220055   35.00000   56  281   40.00000   20.00000  50.0%  34.9  502s
 348814 220099   30.00000   52  366   40.00000   20.00000  50.0%  34.8  505s
 351412 221512 infeasible   72        40.00000   20.00000  50.0%  34.9  510s
 355319 223834 infeasible   84        40.00000   20.00000  50.0%  34.9  515s
 355423 228520   31.00000   56  276   40.00000   20.00000  50.0%  34.9  521s
 363410 228587   31.00000   51  327   40.00000   20.00000  50.0%  34.9  525s
 365731 230050   25.00000   61  232   40.00000   20.00000  50.0%  35.0  530s
 370116 232090 infeasible   56        40.00000   20.00000  50.0%  35.0  535s
 370236 236100   35.00000   60  456   40.00000   20.00000  50.0%  35.0  541s
 377143 236122   30.00000   51  340   40.00000   20.00000  50.0%  35.1  545s
 380172 237646   30.00000   58  222   40.00000   20.00000  50.0%  35.2  550s
 384603 240181   31.00000   53  346   40.00000   20.00000  50.0%  35.2  555s
 389190 242568 infeasible   58        40.00000   20.00000  50.0%  35.3  560s
 392666 244876   35.00000   55  368   40.00000   20.00000  50.0%  35.3  565s
 395297 245712   36.00000   50  413   40.00000   20.00000  50.0%  35.4  570s
 398941 247733   30.00000   60  271   40.00000   20.00000  50.0%  35.5  575s
 400087 251799   36.00000   63  523   40.00000   20.00000  50.0%  35.5  583s
 406695 251842   26.00000   50  353   40.00000   20.00000  50.0%  35.6  585s
 409860 253558   30.00000   54  438   40.00000   20.00000  50.0%  35.7  591s
 410258 254107   35.00000   55  331   40.00000   20.00000  50.0%  35.8  595s
 413002 255154 infeasible  253        40.00000   20.00000  50.0%  35.8  601s
 413250 255197 infeasible   67        40.00000   20.00000  50.0%  35.9  606s
 413550 255287   30.00000   50  343   40.00000   20.00000  50.0%  36.0  610s
 415897 257462 infeasible   50        40.00000   20.00000  50.0%  35.9  619s
 418358 257706   35.00000   54  361   40.00000   20.00000  50.0%  36.2  621s
 419996 258493   30.00000   53  338   40.00000   20.00000  50.0%  36.3  625s
 425520 261389 infeasible   56        40.00000   20.00000  50.0%  36.3  630s
 429063 263306 infeasible   54        40.00000   20.00000  50.0%  36.3  635s
 431086 267002   25.00000   51  399   40.00000   20.00000  50.0%  36.3  644s
 436560 267035   21.00000   49  298   40.00000   20.00000  50.0%  36.5  645s
 438826 268214   30.00000   59  352   40.00000   20.00000  50.0%  36.5  650s
 442358 270063 infeasible   50        40.00000   20.00000  50.0%  36.6  655s
 446371 275532   30.00000   53  350   40.00000   20.00000  50.0%  36.6  666s
 452608 276402   30.00000   58  316   40.00000   20.00000  50.0%  36.8  670s
 456413 278820   35.00000   53  459   40.00000   20.00000  50.0%  36.8  675s
 460729 280094   36.00000   62  486   40.00000   20.00000  50.0%  36.8  680s
 460845 282484   38.00000   62  600   40.00000   20.00000  50.0%  36.9  686s
 466432 282544 infeasible   54        40.00000   20.00000  50.0%  37.1  690s
 471192 285487 infeasible   53        40.00000   20.00000  50.0%  37.1  696s
 471285 285514 infeasible   57        40.00000   20.00000  50.0%  37.1  700s
 471453 285529   25.00000   51  339   40.00000   20.00000  50.0%  37.1  705s
 471843 285607 infeasible   57        40.00000   20.00000  50.0%  37.2  710s
 472429 285747   31.00000   50  308   40.00000   20.00000  50.0%  37.3  716s
 474253 286478 infeasible   53        40.00000   20.00000  50.0%  37.4  721s
 476316 288279   35.00000   55  406   40.00000   20.00000  50.0%  37.4  732s
 478672 292813   31.00000   56  368   40.00000   20.00000  50.0%  37.7  735s
 488237 294297 infeasible   55        40.00000   20.00000  50.0%  37.5  740s
 491033 299484   25.00000   58  334   40.00000   20.00000  50.0%  37.5  749s
 497559 299490 infeasible   59        40.00000   20.00000  50.0%  37.5  751s
 499486 300412   25.00000   54  255   40.00000   20.00000  50.0%  37.6  755s
 501978 302111   30.00000   49  493   40.00000   20.00000  50.0%  37.7  760s
 506737 303744   36.00000   53  420   40.00000   20.00000  50.0%  37.7  766s
 506873 308640   36.00000   57  369   40.00000   20.00000  50.0%  37.7  771s
 514775 308710   26.00000   53  382   40.00000   20.00000  50.0%  37.6  775s
 518177 310234 infeasible   51        40.00000   20.00000  50.0%  37.7  780s
 521373 315275   35.00000   54  312   40.00000   20.00000  50.0%  37.7  790s
 527495 315401 infeasible   55        40.00000   20.00000  50.0%  37.8  795s
 531895 317739   32.00000   60  287   40.00000   20.00000  50.0%  37.8  800s
 535317 319659 infeasible   52        40.00000   20.00000  50.0%  37.9  805s
 536795 324235   25.00000   76  273   40.00000   20.00000  50.0%  37.9  814s
 544306 324252 infeasible   56        40.00000   20.00000  50.0%  37.9  815s
 546270 325168   30.00000   51  486   40.00000   20.00000  50.0%  38.0  820s
 549614 327525   30.00000   49  489   40.00000   20.00000  50.0%  38.0  825s
 551574 333335   35.00000   54  381   40.00000   20.00000  50.0%  38.1  832s
 559786 333345 infeasible   51        40.00000   20.00000  50.0%  37.9  835s
 560236 333395   38.00000   51  410   40.00000   20.00000  50.0%  38.0  840s
 563364 335074   31.00000   54  428   40.00000   20.00000  50.0%  38.0  845s
 567064 336900 infeasible  103        40.00000   20.00000  50.0%  38.1  850s
 567178 339820   35.00000   51  439   40.00000   20.00000  50.0%  38.1  856s
 573311 340296   30.00000   49  421   40.00000   20.00000  50.0%  38.2  860s
 577255 341728   26.00000   55  302   40.00000   20.00000  50.0%  38.3  865s
 581057 344565   31.00000   51  400   40.00000   20.00000  50.0%  38.3  870s
 582396 345511   31.00000   52  403   40.00000   20.00000  50.0%  38.3  877s
 585730 348372   26.00000   54  318   40.00000   20.00000  50.0%  38.5  880s
 592139 350441   30.00000   50  288   40.00000   20.00000  50.0%  38.5  885s
 595316 351421   35.00000   57  409   40.00000   20.00000  50.0%  38.5  890s
 595628 352578   32.00000   52  363   40.00000   20.00000  50.0%  38.5  896s
 597342 353223   25.00000   50  523   40.00000   20.00000  50.0%  38.5  903s
 599684 355940   26.00000   51  348   40.00000   20.00000  50.0%  38.7  906s
 606734 357395   35.00000   48  525   40.00000   20.00000  50.0%  38.6  910s
 609408 360150   27.00000   51  304   40.00000   20.00000  50.0%  38.6  915s
 612716 363918   31.00000   50  373   40.00000   20.00000  50.0%  38.6  924s
 618727 363925 infeasible  159        40.00000   20.00000  50.0%  38.6  925s
 619182 365383   25.00000   51  197   40.00000   20.00000  50.0%  38.7  930s
 624236 366929 infeasible   59        40.00000   20.00000  50.0%  38.7  935s
 626907 368988   26.00000   55  459   40.00000   20.00000  50.0%  38.8  940s
 628529 372692   37.00000   56  431   40.00000   20.00000  50.0%  38.8  947s
 635718 372738   30.00000   52  268   40.00000   20.00000  50.0%  38.8  950s
 639239 374784 infeasible   55        40.00000   20.00000  50.0%  38.8  955s
 642439 376516   30.00000   87  501   40.00000   20.00000  50.0%  38.8  960s
 645529 377727 infeasible   62        40.00000   20.00000  50.0%  38.9  965s
 648544 379156 infeasible   97        40.00000   20.00000  50.0%  38.9  970s
 653204 382031 infeasible   57        40.00000   20.00000  50.0%  38.9  975s
 657262 384054   31.12500   55  509   40.00000   20.00000  50.0%  38.9  980s
 658540 388262   32.00000   49  204   40.00000   20.00000  50.0%  38.9  990s
 665861 389793   35.00000   52  501   40.00000   20.00000  50.0%  39.0  995s
 671740 391972 infeasible  277        40.00000   20.00000  50.0%  38.9 1000s
 673810 398265   26.00000   51  337   40.00000   21.00000  47.5%  38.9 1007s
 681942 398269   30.00000   65  173   40.00000   21.00000  47.5%  38.8 1010s
 684722 399628 infeasible   53        40.00000   21.00000  47.5%  38.8 1015s
 688227 401488   35.00000   49  306   40.00000   21.00000  47.5%  38.8 1020s
 696370 406926 infeasible  338        40.00000   21.00000  47.5%  38.6 1025s
 697002 407557   31.00000   53  243   40.00000   21.00000  47.5%  38.7 1030s
 701390 409364   21.00000   46  293   40.00000   21.00000  47.5%  38.7 1035s
 703436 415417   26.00000   54  215   40.00000   21.00000  47.5%  38.7 1042s
 711704 415454   35.00000   53  550   40.00000   21.00000  47.5%  38.6 1045s
 712698 416134   31.00000   57  220   40.00000   21.00000  47.5%  38.6 1050s
 716673 418088   30.00000   54  472   40.00000   21.00000  47.5%  38.6 1055s
 718462 421613   32.00000   54  399   40.00000   21.00000  47.5%  38.7 1062s
 724715 421647   31.00000   53  153   40.00000   21.00000  47.5%  38.7 1065s
 728270 423605 infeasible   51        40.00000   21.00000  47.5%  38.7 1070s
 731243 425082 infeasible   62        40.00000   21.00000  47.5%  38.7 1075s
 733867 428268 infeasible   55        40.00000   21.00000  47.5%  38.7 1084s
 738869 428282   31.00000   56  326   40.00000   21.00000  47.5%  38.8 1086s
 741662 429896 infeasible   64        40.00000   21.00000  47.5%  38.8 1090s
 744341 431605   35.00000   49  403   40.00000   21.00000  47.5%  38.8 1095s
 749555 433638   25.00000   51  375   40.00000   21.00000  47.5%  38.8 1100s
 749691 438271 infeasible   56        40.00000   21.00000  47.5%  38.8 1105s
 757592 438274 infeasible   54        40.00000   21.00000  47.5%  38.8 1110s
 761084 439892 infeasible  144        40.00000   21.00000  47.5%  38.8 1115s
 763870 441040   35.00000   52  509   40.00000   21.00000  47.5%  38.8 1120s
 764124 445967 infeasible   58        40.00000   21.00000  47.5%  38.9 1127s
 772173 445995 infeasible   58        40.00000   21.00000  47.5%  38.7 1130s
 772591 446048 infeasible   56        40.00000   21.00000  47.5%  38.8 1135s
 776915 448433 infeasible   59        40.00000   21.00000  47.5%  38.8 1140s
 779863 453459   31.00000   55  246   40.00000   21.00000  47.5%  38.8 1149s
 786372 453458 infeasible   52        40.00000   21.00000  47.5%  38.8 1150s
 788498 454479 infeasible   56        40.00000   21.00000  47.5%  38.8 1155s
 792193 457769   30.00000   52  436   40.00000   21.00000  47.5%  38.8 1160s
 797120 459248   35.00000   57  404   40.00000   21.00000  47.5%  38.8 1165s
 800906 461113   33.14286   54  495   40.00000   21.00000  47.5%  38.8 1170s
 805427 463756 infeasible   49        40.00000   21.00000  47.5%  38.8 1175s
 809341 465909   35.00000   56  538   40.00000   21.00000  47.5%  38.8 1180s
 809475 469788   31.00000   52  336   40.00000   21.00000  47.5%  38.8 1186s
 816925 469824   31.00000   50  233   40.00000   21.00000  47.5%  38.8 1190s
 820236 471536 infeasible   57        40.00000   21.00000  47.5%  38.8 1195s
 824222 473476 infeasible   68        40.00000   21.00000  47.5%  38.8 1201s
 824347 479127   30.00000   52  201   40.00000   21.00000  47.5%  38.8 1205s
 832728 479153   26.00000   53  392   40.00000   21.00000  47.5%  38.7 1210s
 834847 479856 infeasible   62        40.00000   21.00000  47.5%  38.8 1215s
 838672 481682 infeasible   55        40.00000   21.00000  47.5%  38.8 1221s
 838784 485915   26.00000   49  222   40.00000   21.00000  47.5%  38.8 1227s
 846857 485922 infeasible   53        40.00000   21.00000  47.5%  38.7 1230s
 849003 487006 infeasible   56        40.00000   21.00000  47.5%  38.8 1235s
 851321 488073 infeasible   59        40.00000   21.00000  47.5%  38.8 1240s
 853817 494213   32.00000   54  471   40.00000   21.00000  47.5%  38.8 1249s
 861909 494210   30.00000   51  513   40.00000   22.00000  45.0%  38.7 1250s
 862433 494292   31.00000   52  286   40.00000   22.00000  45.0%  38.8 1255s
 866515 496023     cutoff   55        40.00000   22.00000  45.0%  38.8 1260s
 869150 502027   35.00000   55  455   40.00000   22.00000  45.0%  38.8 1269s
 876548 502016   31.00000   54  275   40.00000   22.00000  45.0%  38.7 1270s
 878546 502879 infeasible   52        40.00000   22.00000  45.0%  38.7 1275s
 882821 505336   30.00000   61  351   40.00000   22.00000  45.0%  38.7 1280s
 886704 506909 infeasible  173        40.00000   23.00000  42.5%  38.7 1285s
 889753 508210 infeasible   66        40.00000   23.00000  42.5%  38.7 1290s
 893863 510290 infeasible  112        40.00000   23.00000  42.5%  38.7 1295s
 897581 511932   30.00000   52  401   40.00000   24.00000  40.0%  38.8 1300s
 899852 518231   31.00000   57  310   40.00000   24.00000  40.0%  38.7 1306s
 907619 518252 infeasible   54        40.00000   24.00000  40.0%  38.6 1310s
 908139 518288   30.00000   51  276   40.00000   24.00000  40.0%  38.7 1315s
 909237 518628 infeasible   60        40.00000   24.00000  40.0%  38.7 1320s
 909503 518665   25.00000   47  254   40.00000   24.00000  40.0%  38.7 1325s
 910801 519085   30.00000   83  298   40.00000   24.00000  40.0%  38.7 1330s
 913126 520847   30.00000   77  448   40.00000   24.00000  40.0%  38.7 1335s
 914538 521864   36.00000   68  249   40.00000   24.00000  40.0%  38.7 1342s
 918407 521887   31.00000   52  444   40.00000   25.00000  37.5%  38.8 1345s
 922263 525337   30.00000   48  259   40.00000   25.00000  37.5%  38.8 1350s
 927733 526729   36.00000   53  350   40.00000   25.00000  37.5%  38.8 1355s
 929407 532090   31.00000   59  213   40.00000   25.00000  37.5%  38.8 1363s
 937107 532098   30.00000   58  213   40.00000   25.00000  37.5%  38.7 1365s
 939465 534045   31.00000   54  496   40.00000   25.00000  37.5%  38.7 1370s
 942727 535436   30.00000   53  316   40.00000   25.00000  37.5%  38.7 1375s
 944047 535501   31.00000   55  374   40.00000   25.00000  37.5%  38.7 1390s
 955068 541559 infeasible   66        40.00000   25.00000  37.5%  38.7 1395s
 958822 542702 infeasible  129        40.00000   25.00000  37.5%  38.7 1400s
 958964 546977   35.00000   55  292   40.00000   25.00000  37.5%  38.7 1406s
 966941 546979   30.00000   50  271   40.00000   25.00000  37.5%  38.6 1410s
 969728 549740   31.00000   51  338   40.00000   25.00000  37.5%  38.6 1415s
 973622 555397   30.00000   51  275   40.00000   25.00000  37.5%  38.6 1423s
 981330 555369 infeasible   56        40.00000   25.00000  37.5%  38.5 1425s
 981880 556351   31.00000   55  220   40.00000   25.00000  37.5%  38.6 1430s
 985799 557591   31.00000   54  257   40.00000   25.00000  37.5%  38.6 1435s
 988480 562708 infeasible   60        40.00000   25.00000  37.5%  38.5 1442s
 995949 562703   35.00000   53  404   40.00000   25.00000  37.5%  38.5 1445s
 998418 563751   35.00000   54  435   40.00000   25.00000  37.5%  38.5 1450s
 1002378 566031 infeasible   57        40.00000   25.00000  37.5%  38.5 1455s
 1003420 569995   35.00000   57  490   40.00000   25.00000  37.5%  38.5 1464s
 1011244 569987 infeasible   94        40.00000   25.00000  37.5%  38.5 1465s
 1011922 570056   35.00000   53  447   40.00000   25.00000  37.5%  38.6 1470s
 1016030 572378 infeasible  421        40.00000   25.00000  37.5%  38.5 1475s
 1018583 577395   30.00000   51  301   40.00000   25.00000  37.5%  38.6 1484s
 1026028 577385 infeasible   86        40.00000   25.00000  37.5%  38.5 1485s
 1026569 577388   35.00000   54  445   40.00000   25.00000  37.5%  38.5 1490s
 1030173 579246   35.00000   53  333   40.00000   25.00000  37.5%  38.5 1495s
 1033807 580754 infeasible   62        40.00000   25.00000  37.5%  38.5 1500s
 1033988 585370   35.00000   53  535   40.00000   25.00000  37.5%  38.6 1505s
 1042344 585365   36.00000   54  478   40.00000   25.00000  37.5%  38.5 1510s
 1044234 586478   30.00000   55  269   40.00000   25.00000  37.5%  38.5 1515s
 1047920 587734 infeasible   55        40.00000   25.00000  37.5%  38.5 1520s
 1049325 593401   35.00000   62  473   40.00000   25.00000  37.5%  38.5 1526s
 1057577 593404   37.00000   55  405   40.00000   25.00000  37.5%  38.4 1530s
 1060612 594905 infeasible   63        40.00000   25.00000  37.5%  38.5 1535s
 1063033 596839   36.00000   56  370   40.00000   25.00000  37.5%  38.5 1540s
 1064438 601583   30.00000   55  354   40.00000   25.00000  37.5%  38.5 1546s
 1072708 601575 infeasible   56        40.00000   25.00000  37.5%  38.4 1550s
 1073192 601627   25.00000   54  241   40.00000   25.00000  37.5%  38.4 1555s
 1077259 603776   35.00000   54  423   40.00000   25.00000  37.5%  38.4 1560s
 1079840 608198   35.00000   58  319   40.00000   25.00000  37.5%  38.4 1570s
 1088433 609794   35.00000   53  346   40.00000   25.00000  37.5%  38.4 1575s
 1091482 611066   25.00000   51  437   40.00000   25.00000  37.5%  38.4 1580s
 1095115 612846 infeasible   57        40.00000   25.00000  37.5%  38.4 1585s
 1095273 616355   32.00000   53  465   40.00000   25.00000  37.5%  38.4 1590s
 1104168 617035 infeasible   75        40.00000   25.00000  37.5%  38.4 1595s
 1106964 619007   30.00000   48  374   40.00000   25.00000  37.5%  38.4 1600s
 1110027 622024   30.00000   52  507   40.00000   25.00000  37.5%  38.4 1608s
 1114644 622025 infeasible   55        40.00000   25.00000  37.5%  38.4 1610s
 1117916 623681   35.00000   55  465   40.00000   25.00000  37.5%  38.4 1615s
 1122238 625970   36.00000   56  334   40.00000   25.00000  37.5%  38.4 1620s
 1125949 629903   32.00000   60  470   40.00000   25.00000  37.5%  38.4 1629s
 1130180 629896 infeasible   54        40.00000   25.00000  37.5%  38.4 1631s
 1131198 630182   38.00000   54  491   40.00000   25.00000  37.5%  38.5 1635s
 1133868 632886   30.00000   62  271   40.00000   25.00000  37.5%  38.5 1640s
 1137997 633518 infeasible   56        40.00000   25.00000  37.5%  38.5 1645s
 1141815 637452 infeasible   51        40.00000   25.00000  37.5%  38.5 1653s
 1146456 637462   35.00000   48  434   40.00000   25.00000  37.5%  38.5 1655s
 1150607 639832   25.00000   53  248   40.00000   25.00000  37.5%  38.5 1660s
 1153605 640984   35.00000   64  335   40.00000   25.00000  37.5%  38.5 1665s
 1157741 647762   25.00000   56  249   40.00000   25.00000  37.5%  38.5 1675s
 1166066 647752   31.00000   52  498   40.00000   25.00000  37.5%  38.4 1680s
 1170391 650093   35.00000   59  390   40.00000   25.00000  37.5%  38.4 1685s
 1173122 651169 infeasible  104        40.00000   25.00000  37.5%  38.4 1690s
 1173270 654926   35.00000   67  378   40.00000   25.00000  37.5%  38.5 1695s
 1180942 655496 infeasible   57        40.00000   25.00000  37.5%  38.4 1700s
 1184156 657155   25.00000   51  286   40.00000   25.00000  37.5%  38.5 1705s
 1187560 659009   35.00000   55  347   40.00000   25.00000  37.5%  38.5 1710s
 1191631 660843   31.00000   51  262   40.00000   25.00000  37.5%  38.5 1715s
 1196242 662419 infeasible   55        40.00000   25.00000  37.5%  38.5 1720s
 1200627 664832   35.00000   60  459   40.00000   25.00000  37.5%  38.4 1725s
 1203039 665942 infeasible   85        40.00000   25.00000  37.5%  38.5 1731s
 1206193 667765   35.00000   54  397   40.00000   25.00000  37.5%  38.5 1735s
 1210150 670477   30.00000   59  323   40.00000   25.00000  37.5%  38.5 1740s
 1213990 671430   31.00000   47  378   40.00000   25.00000  37.5%  38.4 1745s
 1217634 673214 infeasible   87        40.00000   25.00000  37.5%  38.5 1750s
 1217811 677758   30.00000   55  384   40.00000   25.00000  37.5%  38.5 1755s
 1226312 677799   36.00000   66  443   40.00000   25.00000  37.5%  38.4 1760s
 1229667 679073 infeasible   86        40.00000   25.00000  37.5%  38.4 1765s
 1232342 684510   30.00000   55  338   40.00000   25.00000  37.5%  38.4 1773s
 1239998 684501 infeasible   53        40.00000   25.00000  37.5%  38.4 1775s
 1241144 684651   35.00000   55  478   40.00000   25.00000  37.5%  38.4 1780s
 1242742 685404 infeasible   60        40.00000   25.00000  37.5%  38.4 1785s
 1246070 687863   30.00000   50  383   40.00000   25.00000  37.5%  38.4 1790s
 1247528 692861   30.00000   62  299   40.00000   25.00000  37.5%  38.4 1796s
 1255402 692872 infeasible   53        40.00000   25.00000  37.5%  38.3 1800s

Cutting planes:
  Gomory: 13
  Cover: 42
  Implied bound: 256
  Projected implied bound: 2
  Clique: 4
  MIR: 82
  StrongCG: 44
  Flow cover: 198
  GUB cover: 136
  Inf proof: 5
  Zero half: 11
  Network: 1
  Relax-and-lift: 9

Explored 1255414 nodes (48139352 simplex iterations) in 1800.01 seconds (1307.45 work units)
Thread count was 8 (of 8 available processors)

Solution count 3: 40 41 42 

Time limit reached
Best objective 4.000000000000e+01, best bound 2.500000000000e+01, gap 37.5000%
! --------------------------------------------------------
! Status: FEASIBLE (time limit reached)
! Best span = 40
! Labeling: 29 34 19 35 4 38 22 25 6 5 11 13 1 9 6 23 2 28 19 21 26 14 12 24 32 39 18 39 32 18 37 17 40 17 22 21 36 12 10 33 16 16 15 39 30 8 11 31 23 3 20 1 6 31 7 18 17 27 7 
! --------------------------------------------------------
! All verification passed
