! Solving for graph /home/truongxuanhieu/Gurobi-for-MinSpanLabeling/benchmarks/cabp/U-662_bus.mtx.rnd
! Target value is set to 82
! Lower bound is set to 83
! Upper bound is set to 331
! Time limit is set to 1800
! Vertices mode is set to Has hole
! Target value mode is set to Cyclic Antibandwidth
Set parameter WLSAccessID
Set parameter WLSSecret
Set parameter LicenseID to value 2663665
Academic license 2663665 - for non-commercial use only - registered to tu___@vnu.edu.vn
Set parameter OutputFlag to value 1
Set parameter TimeLimit to value 1800
Gurobi Optimizer version 13.0.2 build v13.0.2rc1 (linux64 - "Debian GNU/Linux 12 (bookworm)")

CPU model: Intel(R) Xeon(R) CPU @ 2.20GHz, instruction set [SSE2|AVX|AVX2]
Thread count: 4 physical cores, 8 logical processors, using up to 8 threads

Non-default parameters:
TimeLimit  1800

Academic license 2663665 - for non-commercial use only - registered to tu___@vnu.edu.vn
Optimize a model with 4045 rows, 222259 columns and 445667 nonzeros (Min)
Model fingerprint: 0x580dd230
Model has 1 linear objective coefficients
Model has 2230 simple general constraints
  906 ABS, 1324 INDICATOR
Variable types: 0 continuous, 222259 integer (219784 binary)
Coefficient statistics:
  Matrix range     [1e+00, 3e+02]
  Objective range  [1e+00, 1e+00]
  Bounds range     [1e+00, 3e+02]
  RHS range        [1e+00, 2e+02]
  GenCon rhs range [1e+00, 1e+00]
  GenCon coe range [1e+00, 1e+00]

Presolve added 3797 rows and 1647 columns
Presolve time: 2.02s
Presolved: 7842 rows, 223906 columns, 456974 nonzeros
Variable types: 0 continuous, 223906 integer (220525 binary)
Deterministic concurrent LP optimizer: primal and dual simplex
Showing primal log only...

Concurrent spin time: 0.00s

Solved with dual simplex

Root relaxation: objective 1.640000e+02, 2696 iterations, 0.69 seconds (0.34 work units)

    Nodes    |    Current Node    |     Objective Bounds      |     Work
 Expl Unexpl |  Obj  Depth IntInf | Incumbent    BestBd   Gap | It/Node Time

     0     0  164.00000    0  954          -  164.00000      -     -    4s
     0     0  164.00000    0 1564          -  164.00000      -     -   12s
     0     0  164.00000    0 1539          -  164.00000      -     -   12s
     0     0  164.00000    0 1767          -  164.00000      -     -   15s
     0     0  164.00000    0 1276          -  164.00000      -     -   20s
     0     0  164.00000    0 1500          -  164.00000      -     -   29s
     0     0  164.00000    0 1763          -  164.00000      -     -   33s
     0     0  164.00000    0 1182          -  164.00000      -     -   35s
     0     0  164.00000    0 1182          -  164.00000      -     -   36s
     0     0  164.00000    0 1046          -  164.00000      -     -   38s
     0     2  164.00000    0  981          -  164.00000      -     -   47s
    61   160  164.00000   12 1525          -  164.00000      -   125   51s
   332   490  246.00000   57 1150          -  164.00000      -  64.4   56s
   647   792  328.00000  108 1080          -  164.00000      -  41.5   61s
   953  1024  328.00000  161 1066          -  164.00000      -  34.4   65s
  1271  1105  328.00000  238 1050          -  164.00000      -  29.3   70s
  1772  1215  328.00000  372 1041          -  164.00000      -  22.0   76s
  2118  1372  328.00000  418 1039          -  164.00000      -  19.3   80s
  2542  1508  328.00000  513 1039          -  164.00000      -  16.7   88s
  2720  1622  328.00000  537 1030          -  164.00000      -  16.1   92s
  2874  1670  328.00000  538 1064          -  164.00000      -  15.7   97s
  3044  1744  328.00000  538 1027          -  164.00000      -  15.1  102s
  3217  1804  328.00000  539 1022          -  164.00000      -  14.6  107s
  3326  1892  328.00000  539 1029          -  164.00000      -  14.3  111s
  3485  1936  328.00000  540 1124          -  164.00000      -  14.3  116s
  3652  1988  328.00000  541 1125          -  164.00000      -  14.1  120s
  3806  2100  328.00000  541 1130          -  164.00000      -  13.7  125s
  4095  2278  328.00000  542 1196          -  164.00000      -  14.4  132s
  4246  2388  328.00000  579 1177          -  164.00000      -  14.3  138s
  4473  2443  328.00000  635 1160          -  164.00000      -  14.1  143s
  4726  2512  328.00000  701 1128          -  164.00000      -  13.7  150s
  4996  2568  329.00000  770 1081          -  164.00000      -  13.3  155s
  5283  2569  248.00000  178 1046          -  164.00000      -  12.8  163s
  5285  2570  328.00000  141  951          -  164.00000      -  12.8  172s
  5286  2571  164.00000   27 1082          -  164.00000      -  12.8  188s
  5287  2572  329.00000  216 1627          -  164.00000      -  12.8  193s
  5288  2572  329.00000  453 1325          -  164.00000      -  12.8  197s
  5289  2573  247.00000   96 1625          -  164.00000      -  12.8  200s
  5291  2574  328.00000  602 1418          -  164.00000      -  12.8  208s
  5292  2575  246.00000   65 1020          -  164.00000      -  12.8  211s
  5294  2576  330.00000  789 1135          -  164.00000      -  12.8  218s
  5295  2577  248.00000  210 1344          -  164.00000      -  12.8  220s
  5297  2578  164.00000   11 1521          -  164.00000      -  12.8  227s
  5298  2579  328.00000  212 1123          -  164.00000      -  12.8  231s
  5299  2580  330.00000  755 1329          -  164.00000      -  12.8  235s
  5300  2580  330.00000  676 1286          -  164.00000      -  12.8  241s
  5301  2581  330.00000  751 1248          -  164.00000      -  12.8  253s
  5302  2582  331.00000   27 1248          -  164.00000      -  12.8  262s
  5303  2585  164.00000   13 1101          -  164.00000      -  24.7  269s
  5305  2589  164.00000   14 1097          -  164.00000      -  25.0  282s
  5313  2597  164.00000   16 1084          -  164.00000      -  25.0  289s
  5320  2599  246.00000   17 1041          -  164.00000      -  25.3  298s
  5348  2629  165.00000   21 1000          -  164.00000      -  26.5  300s
  5511  2727  329.00000   42  938          -  164.00000      -  27.1  305s
  5658  2841  329.00000   60  875          -  164.00000      -  27.0  310s
  5821  2938  329.00000   80  888          -  164.00000      -  26.8  315s
  5971  2999  329.00000   97  875          -  164.00000      -  26.5  320s
  6211  3012  329.00000  140  870          -  164.00000      -  25.9  325s
  6350  3018  329.00000  170  872          -  164.00000      -  25.6  330s
  6544  3005  329.00000  210  881          -  164.00000      -  25.1  336s
  6716  3029  329.00000  244  874          -  164.00000      -  24.8  341s
  6720  3051  329.00000  245  875          -  164.00000      -  24.9  345s
  6749  3045  329.00000  248  870          -  164.00000      -  24.8  352s
  6807  3057  329.00000  260  871          -  164.00000      -  24.9  356s
  6823  3054  329.00000  264  876          -  164.00000      -  24.9  366s
  6831  3069  329.00000  265  871          -  164.00000      -  25.1  371s
H 6909  2387                     330.0000000  164.00000  50.3%  24.8  373s
  6921  2466  329.00000  296  834  330.00000  164.00000  50.3%  25.2  375s
  7017  2439  329.00000  308  799  330.00000  164.00000  50.3%  26.0  386s
  7022  2441  329.00000  309  789  330.00000  164.00000  50.3%  26.1  400s
  7026  2453  329.00000  309  794  330.00000  164.00000  50.3%  26.4  406s
H 7027  2003                     329.0000000  164.00000  50.2%  26.4  406s
  7043  1961     cutoff  310       329.00000  164.00000  50.2%  26.4  412s
  7073  1953  165.00000   17 1061  329.00000  164.00000  50.2%  26.7  415s
  7082  1956  246.00000   18 1042  329.00000  164.00000  50.2%  27.1  432s
  7086  1959  246.00000   18 1037  329.00000  164.00000  50.2%  27.4  444s
  7090  1960 infeasible   19       329.00000  164.00000  50.2%  27.5  458s
  7096  1962  328.00000   19 1002  329.00000  164.00000  50.2%  27.7  463s
  7100  1963  328.00000   20 1008  329.00000  164.00000  50.2%  27.9  475s
  7105  1964  328.00000   20 1009  329.00000  164.00000  50.2%  27.9  489s
  7109  1962  328.00000   21 1007  329.00000  164.00000  50.2%  28.0  502s
  7115  1964  328.00000   21 1014  329.00000  164.00000  50.2%  28.1  517s
  7119  1965  328.00000   22  991  329.00000  164.00000  50.2%  28.2  528s
  7123  1966  328.00000   22 1018  329.00000  164.00000  50.2%  28.2  543s
  7127  1966  328.00000   23  989  329.00000  164.00000  50.2%  28.3  556s
  7131  1965  328.00000   23  987  329.00000  164.00000  50.2%  28.3  569s
  7135  1964  328.00000   24  989  329.00000  164.00000  50.2%  28.4  582s
  7139  1964  328.00000   24  969  329.00000  164.00000  50.2%  28.5  590s
  7144  1963  328.00000   25  972  329.00000  164.00000  50.2%  28.5  603s
  7148  1959  328.00000   25  969  329.00000  164.00000  50.2%  28.6  616s
  7152  1961  328.00000   26  969  329.00000  164.00000  50.2%  28.6  626s
  7156  1960  328.00000   26  967  329.00000  164.00000  50.2%  28.6  638s
  7162  1967  328.00000   27  967  329.00000  164.00000  50.2%  28.6  646s
  7171  1957  328.00000   27  963  329.00000  164.00000  50.2%  28.7  658s
  7176  2010  328.00000   28  963  329.00000  164.00000  50.2%  28.8  661s
  7412  1951  328.00000   39  929  329.00000  164.00000  50.2%  28.1  666s
  7417  2075 infeasible   40       329.00000  164.00000  50.2%  28.2  670s
  7597  2184  328.00000   63  896  329.00000  164.00000  50.2%  28.1  675s
  7825  2162  328.00000   90  850  329.00000  164.00000  50.2%  27.6  682s
  7881  2147  328.00000   97  825  329.00000  164.00000  50.2%  27.7  694s
  7885  2194  328.00000   98  825  329.00000  164.00000  50.2%  27.8  697s
  7937  2181  328.00000   98  822  329.00000  164.00000  50.2%  27.7  704s
  7942  2241  328.00000   99  822  329.00000  164.00000  50.2%  27.8  708s
  8010  2250  328.00000  110  824  329.00000  164.00000  50.2%  27.7  711s
  8089  2229  328.00000  152  820  329.00000  164.00000  50.2%  27.5  718s
  8096  2353  328.00000  153  820  329.00000  164.00000  50.2%  27.6  723s
H 8153  1624                     328.0000000  164.00000  50.0%  27.5  723s
  8250  1229     cutoff  181       328.00000  164.00000  50.0%  27.4  725s

Cutting planes:
  Gomory: 16
  Cover: 254
  Implied bound: 117
  Projected implied bound: 4
  Clique: 12
  MIR: 77
  StrongCG: 63
  Flow cover: 238
  GUB cover: 105
  Inf proof: 2
  Zero half: 24
  Network: 15
  RLT: 27
  Relax-and-lift: 235
  PSD: 3

Explored 8512 nodes (259672 simplex iterations) in 725.21 seconds (758.36 work units)
Thread count was 8 (of 8 available processors)

Solution count 3: 328 329 330 

Optimal solution found (tolerance 1.00e-04)
Best objective 3.280000000000e+02, best bound 3.280000000000e+02, gap 0.0000%
! --------------------------------------------------------
! Status: OPTIMAL
! Best span = 328
! Labeling: 83 1 83 247 247 83 247 165 1 257 247 84 137 1 1 83 1 165 1 83 165 83 83 247 175 165 83 165 165 313 83 1 1 83 165 328 205 247 202 202 1 165 165 165 247 1 83 114 83 1 83 165 247 83 156 1 247 1 287 83 247 245 205 149 83 175 96 1 165 247 247 165 165 38 1 165 1 1 1 93 165 1 83 245 165 165 83 247 247 11 83 165 165 175 1 1 328 1 211 1 175 1 83 83 247 120 247 328 83 247 83 247 165 165 327 1 175 291 1 83 83 166 83 165 1 165 247 83 1 165 1 165 1 1 83 165 165 83 247 1 247 247 247 245 1 83 165 83 83 1 156 1 165 83 165 1 1 120 247 83 1 247 165 83 1 1 83 165 165 1 83 1 83 83 284 165 257 1 83 83 83 84 165 165 1 83 83 165 83 165 165 83 328 83 67 1 1 83 123 83 83 83 1 1 83 83 328 327 313 1 83 165 1 327 83 165 171 165 165 165 1 1 165 83 83 83 83 32 165 245 165 1 1 1 1 328 1 327 83 83 247 1 165 247 83 83 83 165 114 83 1 247 247 247 114 257 1 83 165 247 247 165 1 165 247 1 83 1 1 1 1 1 83 156 1 83 1 83 83 1 83 83 83 1 1 93 1 83 1 83 1 149 1 1 83 247 247 1 165 165 209 1 2 1 83 293 83 165 246 165 247 247 327 165 165 165 83 247 83 1 1 1 83 1 165 83 83 1 231 165 165 1 1 327 1 83 126 165 83 165 83 247 1 247 114 165 83 83 93 165 83 83 328 1 83 93 1 1 83 83 1 83 165 257 1 1 231 165 83 165 245 1 327 1 1 93 245 327 247 83 11 247 1 1 83 83 89 165 1 83 83 165 1 165 1 83 1 1 165 83 83 1 165 327 165 165 165 83 165 1 83 165 83 165 83 83 83 123 247 247 247 83 196 165 247 83 1 165 1 196 11 1 165 247 82 247 83 165 83 165 165 165 165 83 247 83 165 1 1 1 165 1 83 165 247 165 83 1 165 1 257 83 83 1 1 165 83 1 83 1 257 83 83 247 247 11 1 1 247 1 1 165 83 247 83 83 1 165 325 127 83 327 83 247 1 1 74 1 165 247 247 327 83 1 311 328 83 165 246 209 83 165 83 165 1 1 114 83 83 120 1 328 165 83 1 83 165 1 165 247 247 83 247 165 165 247 165 165 326 1 1 326 1 165 165 165 1 1 83 1 1 165 247 83 247 165 32 1 83 205 247 83 1 257 165 83 165 83 83 175 165 165 83 247 83 165 247 1 165 1 83 83 247 83 1 83 83 164 1 83 83 165 83 83 248 165 247 83 165 83 1 83 165 1 1 165 247 245 83 165 83 165 165 165 165 165 165 83 247 1 83 1 284 83 83 149 165 83 165 287 247 1 1 321 1 247 1 1 1 83 83 83 247 247 1 165 83 83 247 83 1 1 246 1 1 1 1 83 165 165 83 165 
! --------------------------------------------------------
! All verification passed
