! Solving for graph /home/truongxuanhieu/Gurobi-for-MinSpanLabeling/benchmarks/cabp/W-685_bus.mtx.rnd
! Target value is set to 57
! Lower bound is set to 58
! Upper bound is set to 342
! Time limit is set to 1800
! Vertices mode is set to Has hole
! Target value mode is set to Cyclic Antibandwidth
Set parameter WLSAccessID
Set parameter WLSSecret
Set parameter LicenseID to value 2663665
Academic license 2663665 - for non-commercial use only - registered to tu___@vnu.edu.vn
Set parameter OutputFlag to value 1
Set parameter TimeLimit to value 1800
Gurobi Optimizer version 13.0.2 build v13.0.2rc1 (linux64 - "Debian GNU/Linux 12 (bookworm)")

CPU model: Intel(R) Xeon(R) CPU @ 2.20GHz, instruction set [SSE2|AVX|AVX2]
Thread count: 4 physical cores, 8 logical processors, using up to 8 threads

Non-default parameters:
TimeLimit  1800

Academic license 2663665 - for non-commercial use only - registered to tu___@vnu.edu.vn
Optimize a model with 5219 rows, 238205 columns and 478288 nonzeros (Min)
Model fingerprint: 0x0ee69292
Model has 1 linear objective coefficients
Model has 2652 simple general constraints
  1282 ABS, 1370 INDICATOR
Variable types: 0 continuous, 238205 integer (234955 binary)
Coefficient statistics:
  Matrix range     [1e+00, 3e+02]
  Objective range  [1e+00, 1e+00]
  Bounds range     [1e+00, 3e+02]
  RHS range        [1e+00, 2e+02]
  GenCon rhs range [1e+00, 1e+00]
  GenCon coe range [1e+00, 1e+00]

Presolve added 4618 rows and 2393 columns
Presolve time: 2.16s
Presolved: 9837 rows, 240598 columns, 492399 nonzeros
Variable types: 0 continuous, 240598 integer (236066 binary)
Deterministic concurrent LP optimizer: primal and dual simplex
Showing primal log only...

Concurrent spin time: 0.00s

Solved with dual simplex

Root relaxation: objective 1.140000e+02, 2892 iterations, 0.71 seconds (0.36 work units)

    Nodes    |    Current Node    |     Objective Bounds      |     Work
 Expl Unexpl |  Obj  Depth IntInf | Incumbent    BestBd   Gap | It/Node Time

     0     0  114.00000    0 1077          -  114.00000      -     -    4s
H    0     0                     342.0000000  114.00000  66.7%     -   11s
     0     0  114.00000    0 2122  342.00000  114.00000  66.7%     -   14s
     0     0  114.00000    0 2122  342.00000  114.00000  66.7%     -   14s
     0     0  114.00000    0 2486  342.00000  114.00000  66.7%     -   17s
     0     0  114.00000    0 2480  342.00000  114.00000  66.7%     -   17s
     0     0  114.00000    0 2155  342.00000  114.00000  66.7%     -   21s
     0     0  114.00000    0 2155  342.00000  114.00000  66.7%     -   21s
     0     0  114.00000    0 2155  342.00000  114.00000  66.7%     -   22s
     0     0  114.00000    0 2307  342.00000  114.00000  66.7%     -   25s
     0     0  114.00000    0 2474  342.00000  114.00000  66.7%     -   28s
     0     0  114.00000    0 1663  342.00000  114.00000  66.7%     -   31s
     0     0  114.00000    0 2183  342.00000  114.00000  66.7%     -   40s
     0     0  114.00000    0 2174  342.00000  114.00000  66.7%     -   40s
     0     0  114.00000    0 2098  342.00000  114.00000  66.7%     -   45s
     0     0  114.00000    0 2098  342.00000  114.00000  66.7%     -   45s
     0     0  114.00000    0 1485  342.00000  114.00000  66.7%     -   47s
     0     0  114.00000    0 1485  342.00000  114.00000  66.7%     -   49s
     0     0  114.00000    0 1485  342.00000  114.00000  66.7%     -   49s
     0     2  114.00000    0 1485  342.00000  114.00000  66.7%     -   53s
     3     5  114.00000    2 1485  342.00000  114.00000  66.7%   482   55s
   142   117  114.00000   34 1497  342.00000  114.00000  66.7%  39.9   60s
   282   264  114.00000   69 1484  342.00000  114.00000  66.7%  23.5   65s
   484   485  114.00000  133 1508  342.00000  114.00000  66.7%  29.0   70s
   714   760  114.00000  202 1509  342.00000  114.00000  66.7%  24.2   75s
  1021  1116  114.00000  278 1503  342.00000  114.00000  66.7%  22.4   81s
  1538  1565  114.00000  398 1501  342.00000  114.00000  66.7%  19.8   88s
  1766  1657  114.00000  458 1501  342.00000  114.00000  66.7%  18.2   91s
  2076  2120  114.00000  544 1501  342.00000  114.00000  66.7%  22.4   97s
  2382  2159  114.00000  618 1501  342.00000  114.00000  66.7%  21.4  100s
  2421  2307  114.00000  654 1501  342.00000  114.00000  66.7%  21.1  106s
  2582  2473  114.00000  730 1498  342.00000  114.00000  66.7%  20.4  110s
  2866  2755  114.00000  865 1498  342.00000  114.00000  66.7%  18.6  116s
  3041  2971  114.00000  949 1498  342.00000  114.00000  66.7%  17.8  120s
  3577  3575  114.00000 1120 1498  342.00000  114.00000  66.7%  16.2  127s
  3909  3873  114.00000 1202 1498  342.00000  114.00000  66.7%  15.9  132s
  4245  4182  114.00000 1284 1498  342.00000  114.00000  66.7%  15.2  135s
  4791  4671  114.00000 1414 1498  342.00000  114.00000  66.7%  14.6  141s
  5118  4672  341.00000  858 1485  342.00000  114.00000  66.7%  14.2  150s
  5120  4673  257.00000  313 1062  342.00000  114.00000  66.7%  14.2  166s
  5121  4674  257.00000  234 1515  342.00000  114.00000  66.7%  14.2  174s
  5122  4675  257.00000  439 1733  342.00000  114.00000  66.7%  14.2  182s
  5123  4675  256.00000  137 1821  342.00000  114.00000  66.7%  14.2  187s
  5124  4676  341.00000 1380 2345  342.00000  114.00000  66.7%  14.2  192s
  5125  4677  341.00000   36 1891  342.00000  114.00000  66.7%  14.2  197s
  5126  4677  341.00000  852 2052  342.00000  114.00000  66.7%  14.2  206s
  5127  4678  341.00000    9 1582  342.00000  114.00000  66.7%  14.2  212s
  5128  4679  341.00000  402 2068  342.00000  114.00000  66.7%  14.2  217s
  5129  4679  114.00000  150 1536  342.00000  114.00000  66.7%  14.2  223s
  5130  4680  257.00000   12 2132  342.00000  114.00000  66.7%  14.2  228s
  5131  4681  341.00000  599 1727  342.00000  114.00000  66.7%  14.2  235s
  5132  4681  341.00000  922 2028  342.00000  114.00000  66.7%  14.2  240s
  5133  4682  257.00000  395 1761  342.00000  114.00000  66.7%  14.2  245s
  5135  4683  114.00000  496 1685  342.00000  114.00000  66.7%  14.2  255s
  5136  4684  341.00000  497 1470  342.00000  114.00000  66.7%  14.2  270s
  5138  4688  114.00000   10 1482  342.00000  114.00000  66.7%  31.6  276s
  5140  4692  114.00000   11 1482  342.00000  114.00000  66.7%  32.0  281s
  5148  4705  114.00000   13 1482  342.00000  114.00000  66.7%  32.6  288s
  5160  4711  114.00000   15 1482  342.00000  114.00000  66.7%  33.0  293s
  5170  4724  114.00000   16 1482  342.00000  114.00000  66.7%  33.4  299s
  5186  4729  341.00000   18 1367  342.00000  114.00000  66.7%  34.6  305s
  5197  4737  114.00000   19 1480  342.00000  114.00000  66.7%  34.7  311s
  5356  4832  257.00000   34 1373  342.00000  114.00000  66.7%  39.4  316s
  5411  4865  114.00000   38 1453  342.00000  114.00000  66.7%  40.2  320s
  5515  4929  114.00000   47 1448  342.00000  114.00000  66.7%  42.8  325s
  5571  4957  114.00000   54 1478  342.00000  114.00000  66.7%  43.6  331s
  5588  4969  341.00000   56 1318  342.00000  114.00000  66.7%  44.7  335s
  5594  4972  114.00000   58 1474  342.00000  114.00000  66.7%  45.0  340s
  5652  5014  114.00000   66 1474  342.00000  114.00000  66.7%  47.5  345s
  5668  5053  255.00000   71 1458  342.00000  114.00000  66.7%  49.3  351s
  5712  5048  253.00000   77 1478  342.00000  114.00000  66.7%  50.8  355s
  5731  5057  250.00000   83 1461  342.00000  114.00000  66.7%  52.3  364s
  5735  5071  114.00000   83 1474  342.00000  114.00000  66.7%  52.4  365s
  5775  5098  251.00000   99 1448  342.00000  114.00000  66.7%  56.3  370s
  5797  5127  134.00000  107 1510  342.00000  114.00000  66.7%  58.2  375s
  5905  5190  114.00000  122 1474  342.00000  114.00000  66.7%  61.5  380s
  6039  5256  257.00000  135 1436  342.00000  114.00000  66.7%  63.8  386s
  6161  5434  114.00000  147 1474  342.00000  114.00000  66.7%  65.1  390s
  6417  5474  114.00000  167 1473  342.00000  114.00000  66.7%  67.0  396s
  6556  5559  114.00000  180 1473  342.00000  114.00000  66.7%  67.7  400s
  6566  5566  114.00000  181 1472  342.00000  114.00000  66.7%  68.2  410s
  6653  5674  114.00000  195 1472  342.00000  114.00000  66.7%  70.0  416s
  6768  5640  114.00000  209 1472  342.00000  114.00000  66.7%  71.1  420s
  6855  5751  114.00000  220 1474  342.00000  114.00000  66.7%  72.7  426s
  6989  5710  114.00000  231 1462  342.00000  114.00000  66.7%  73.4  433s
  6993  5831  114.00000  232 1467  342.00000  114.00000  66.7%  73.8  437s
  7186  5775  114.00000  246 1467  342.00000  114.00000  66.7%  74.0  440s
  7287  5842  237.00000  253 1485  342.00000  114.00000  66.7%  74.9  446s
  7354  5948  115.00000  259 1407  342.00000  114.00000  66.7%  75.1  454s
  7490  5906  246.00000  271 1445  342.00000  114.00000  66.7%  76.6  465s
  7494  5909  171.00000  271 1471  342.00000  114.00000  66.7%  77.3  470s
  7507  5918  258.00000  272 1416  342.00000  114.00000  66.7%  77.3  480s
  7511  5956  171.00000  273 1471  342.00000  114.00000  66.7%  77.5  485s
  7750  5992  227.00000  283 1513  342.00000  114.00000  66.7%  75.5  493s
  7756  6141  227.00000  284 1513  342.00000  114.00000  66.7%  75.6  508s
  7991  6066  227.00000  286 1513  342.00000  114.00000  66.7%  73.5  517s
  7995  6068  227.00000  286 1513  342.00000  114.00000  66.7%  74.0  524s
  8000  6070  227.00000  287 1513  342.00000  114.00000  66.7%  74.0  535s
  8004  6073  258.00000  287 1421  342.00000  114.00000  66.7%  74.2  540s
  8008  6077  227.00000  288 1513  342.00000  114.00000  66.7%  74.4  549s
  8013  6086  227.00000  289 1513  342.00000  114.00000  66.7%  74.5  554s
  8024  6102  258.00000  289 1430  342.00000  114.00000  66.7%  74.5  566s
  8044  6199  227.00000  290 1513  342.00000  114.00000  66.7%  74.4  571s
  8215  6145  258.00000  290 1437  342.00000  114.00000  66.7%  72.9  578s
  8220  6194  227.00000  291 1513  342.00000  114.00000  66.7%  73.1  583s
  8283  6190  227.00000  307 1511  342.00000  114.00000  66.7%  72.9  591s
  8300  6361  227.00000  308 1511  342.00000  114.00000  66.7%  72.9  596s
  8681  6246  258.00000  333 1445  342.00000  114.00000  66.7%  70.5  602s
  8699  6452  227.00000  334 1511  342.00000  114.00000  66.7%  70.5  607s
  9133  6329  227.00000  362 1506  342.00000  114.00000  66.7%  68.1  612s
  9156  6466  227.00000  367 1500  342.00000  114.00000  66.7%  68.4  617s
  9567  6348  250.00000  399 1470  342.00000  114.00000  66.7%  66.5  624s
  9586  6446  227.00000  400 1491  342.00000  114.00000  66.7%  66.5  630s
  9758  6390  227.00000  422 1489  342.00000  114.00000  66.7%  66.2  635s
  9764  6428  341.00000  422 1326  342.00000  114.00000  66.7%  66.3  641s
  9808  6439  227.00000  440 1479  342.00000  114.00000  66.7%  66.5  648s
  9833  6552  227.00000  440 1485  342.00000  114.00000  66.7%  66.4  654s
 10337  6538 infeasible  503       342.00000  114.00000  66.7%  63.4  674s
 10660  6590  296.00000  533 1368  342.00000  114.00000  66.7%  61.9  684s
 11164  6448  296.00000  594 1252  342.00000  114.00000  66.7%  59.6  694s
 11191  6497  296.00000  594 1269  342.00000  114.00000  66.7%  59.6  700s
 11305  6474  296.00000  644 1197  342.00000  114.00000  66.7%  59.3  709s
 11320  6559 infeasible  645       342.00000  114.00000  66.7%  59.2  716s
 11485  6588 infeasible  663       342.00000  114.00000  66.7%  58.6  723s
 11583  6579  296.00000  692 1092  342.00000  114.00000  66.7%  58.9  740s
 11611  6609  296.00000  692 1165  342.00000  114.00000  66.7%  59.0  751s
 11654  6685  296.00000  693 1076  342.00000  114.00000  66.7%  58.8  760s
 11816  6664 infeasible  727       342.00000  114.00000  66.7%  58.2  772s
 11905  6795  296.00000  753  998  342.00000  114.00000  66.7%  57.9  782s
 12357  6720  296.00000  807  943  342.00000  114.00000  66.7%  59.6  792s
 12439  6767  296.00000  808  950  342.00000  114.00000  66.7%  59.3  802s
 12668  6696  296.00000  872  906  342.00000  114.00000  66.7%  58.6  814s
 12674  6738  296.00000  873  886  342.00000  114.00000  66.7%  58.9  835s
 12766  6909  296.00000  892  876  342.00000  114.00000  66.7%  59.7  845s
 13191  6792  296.00000  949  836  342.00000  114.00000  66.7%  62.3  856s
 13218  7022  296.00000  950  836  342.00000  114.00000  66.7%  62.4  867s
 13472  6963  296.00000  950  826  342.00000  114.00000  66.7%  63.6  881s
 13498  7240 infeasible  951       342.00000  114.00000  66.7%  63.7  891s
 14002  7088  296.00000 1018  791  342.00000  114.00000  66.7%  62.9  904s
 14024  7321  296.00000 1021  785  342.00000  114.00000  66.7%  63.0  912s
 14528  7324  296.00000 1079  766  342.00000  114.00000  66.7%  61.4  923s
 14842  7434 infeasible 1128       342.00000  114.00000  66.7%  61.4  934s
 15201  7411  114.00000  258 1437  342.00000  114.00000  66.7%  61.9  947s
 15347  7376  114.00000  275 1445  342.00000  114.00000  66.7%  63.3  962s
 15361  7637  114.00000  276 1441  342.00000  114.00000  66.7%  63.7  975s
 15726  7520  341.00000  332 1323  342.00000  114.00000  66.7%  66.9  986s
 15731  7766  228.00000  333 1426  342.00000  114.00000  66.7%  67.0  999s
 16148  7633  337.00000  395 1326  342.00000  114.00000  66.7%  65.9 1017s
 16156  7912  258.00000  396 1381  342.00000  114.00000  66.7%  66.2 1029s
 16502  7908  258.00000  459 1359  342.00000  114.00000  66.7%  65.1 1041s
 16629  7883  258.00000  481 1347  342.00000  114.00000  66.7%  64.8 1057s
 16648  8047  258.00000  484 1347  342.00000  114.00000  66.7%  64.8 1070s
 16902  7967  340.00000  559 1222  342.00000  114.00000  66.7%  64.0 1086s
 16907  8145  340.00000  560 1220  342.00000  114.00000  66.7%  64.2 1099s
 17123  8474 infeasible  598       342.00000  114.00000  66.7%  63.6 1108s
 17627  8311 infeasible  656       342.00000  114.00000  66.7%  62.0 1124s
 17636  8587  340.00000  657 1041  342.00000  114.00000  66.7%  62.4 1134s
 18140  8428  340.00000  746  937  342.00000  114.00000  66.7%  60.9 1146s
 18158  8619  340.00000  748  937  342.00000  114.00000  66.7%  61.0 1157s
 18589  8608  340.00000  807  875  342.00000  114.00000  66.7%  59.7 1162s
 19093  8442 infeasible  866       342.00000  114.00000  66.7%  58.3 1174s
 19103  8599  340.00000  868  835  342.00000  114.00000  66.7%  58.5 1185s
 19533  8800  340.00000  926  756  342.00000  114.00000  66.7%  57.4 1197s
 19806  9043  340.00000  966  709  342.00000  114.00000  66.7%  57.0 1217s
 20121  9333  340.00000 1016  697  342.00000  114.00000  66.7%  56.6 1226s
 20626  9334  337.00000  418 1485  342.00000  114.00000  66.7%  55.4 1439s
 20628  9335  341.00000   16 1062  342.00000  114.00000  66.7%  55.4 1455s
 20629  9336  341.00000  318 1494  342.00000  114.00000  66.7%  55.4 1461s
 20630  9337  339.00000 1401 2090  342.00000  114.00000  66.7%  55.4 1469s
 20631  9337  341.00000  819 1805  342.00000  114.00000  66.7%  55.4 1489s
 20632  9338  341.00000  662 3071  342.00000  114.01858  66.7%  55.4 1513s
 20633  9339  341.00000  361 1792  342.00000  115.00000  66.4%  55.4 1538s
 20634  9339  341.00000  681 2034  342.00000  115.00000  66.4%  55.4 1562s
 20635  9340  296.00000  620 1575  342.00000  115.00000  66.4%  55.4 1584s
 20636  9341  341.00000  183 1865  342.00000  115.00000  66.4%  55.4 1601s
 20637  9341  258.00000  458 1356  342.00000  115.00000  66.4%  55.4 1623s
 20638  9342  341.00000  332 1673  342.00000  115.00000  66.4%  55.4 1645s
 20639  9343  341.00000  329 1471  342.00000  115.00000  66.4%  55.4 1665s
 20640  9343  340.00000  801 1865  342.00000  115.00000  66.4%  55.4 1694s
 20641  9344  341.00000  260 1592  342.00000  115.00000  66.4%  55.4 1715s
 20642  9345  339.00000  652 2615  342.00000  115.00000  66.4%  55.4 1735s
 20643  9345  341.00000   45 2084  342.00000  115.00000  66.4%  55.4 1759s
 20644  9346  246.00000  101 2284  342.00000  115.00000  66.4%  55.4 1781s

Cutting planes:
  Learned: 18
  Gomory: 23
  Cover: 909
  Implied bound: 840
  Projected implied bound: 4
  Clique: 47
  MIR: 209
  StrongCG: 214
  Flow cover: 1489
  GUB cover: 462
  Zero half: 61
  Network: 70
  RLT: 26
  Relax-and-lift: 671

Explored 20644 nodes (1273861 simplex iterations) in 1800.12 seconds (1720.98 work units)
Thread count was 8 (of 8 available processors)

Solution count 1: 342 

Time limit reached
Best objective 3.420000000000e+02, best bound 1.150000000000e+02, gap 66.3743%
! --------------------------------------------------------
! Status: FEASIBLE (time limit reached)
! Best span = 342
! Labeling: 32 32 83 1 27 1 1 1 1 1 1 1 84 125 1 1 1 1 1 58 1 32 32 1 1 1 1 229 58 84 1 32 1 27 32 58 1 1 58 1 1 32 1 32 1 1 1 32 62 27 58 45 1 1 1 58 58 1 27 1 89 68 1 58 58 1 58 1 64 58 1 89 58 32 1 32 1 27 32 1 32 1 1 58 89 1 1 32 58 58 58 1 83 89 146 1 58 342 89 32 58 27 32 112 1 32 27 1 58 1 1 286 58 58 58 58 31 32 1 58 1 32 44 175 1 27 58 32 342 89 58 1 89 89 1 160 27 1 1 89 208 1 89 32 260 1 58 1 1 1 1 32 89 342 58 1 1 1 60 58 89 1 1 286 89 1 1 1 83 177 189 58 58 58 58 342 58 229 89 1 342 1 27 32 1 1 1 27 229 58 58 1 228 32 1 89 1 286 115 1 1 58 58 58 1 1 58 89 58 32 58 286 58 58 57 146 1 286 286 77 32 89 58 1 1 147 1 1 89 1 89 286 1 27 58 286 1 58 1 1 286 146 58 58 125 229 58 58 1 1 1 1 32 58 286 89 58 58 1 285 286 172 1 1 286 78 84 285 1 182 27 32 1 32 1 58 74 89 1 84 58 146 203 115 58 58 58 89 285 84 125 140 1 84 229 1 1 58 58 1 1 58 1 342 58 1 32 1 32 89 58 1 203 146 75 229 1 27 342 1 58 286 115 229 89 172 141 146 58 78 172 312 58 58 89 1 115 1 342 115 58 1 1 141 1 1 89 286 1 131 1 58 1 58 146 140 317 317 1 115 32 186 58 129 1 146 27 286 58 89 58 32 342 286 1 58 1 140 1 58 58 83 229 1 1 146 1 234 68 1 172 32 286 89 1 206 1 58 115 115 1 89 58 89 229 342 172 58 203 1 1 59 115 58 84 84 58 286 83 286 286 58 146 146 172 115 84 286 58 342 1 89 1 286 286 84 146 58 89 1 58 286 260 203 286 58 1 115 83 312 286 63 89 27 58 27 286 58 89 172 286 286 1 58 286 1 58 58 317 83 172 115 1 229 286 27 1 58 58 146 1 1 58 286 58 84 286 120 286 146 146 58 115 58 58 146 342 1 175 89 342 286 58 115 317 314 115 58 229 172 197 1 146 58 89 203 260 1 260 1 133 286 317 1 1 58 260 229 198 146 115 1 286 84 89 58 1 115 1 116 1 286 285 286 228 250 286 286 229 255 114 286 116 303 255 286 286 229 286 1 286 286 286 286 1 58 340 257 260 203 286 146 204 257 286 229 285 260 203 312 118 309 145 203 341 312 286 177 286 115 286 286 342 1 228 172 229 272 115 286 172 182 257 277 285 257 114 1 1 286 286 286 286 146 260 229 286 229 260 317 286 203 285 286 286 286 257 286 1 286 312 286 229 286 1 229 1 286 286 255 286 229 286 88 286 286 286 250 286 203 140 1 342 197 286 260 146 177 342 317 342 255 286 229 229 229 341 173 193 229 210 173 286 286 285 285 286 194 257 201 203 285 342 203 286 
! --------------------------------------------------------
! All verification passed
