! Solving for graph /home/truongxuanhieu/Gurobi-for-MinSpanLabeling/benchmarks/abp/M-bcsstk06.mtx.rnd
! Target value is set to 42
! Lower bound is set to 43
! Upper bound is set to 525
! Time limit is set to 1800
! Vertices mode is set to Has hole
! Target value mode is set to Antibandwidth
Set parameter WLSAccessID
Set parameter WLSSecret
Set parameter LicenseID to value 2663665
Academic license 2663665 - for non-commercial use only - registered to tu___@vnu.edu.vn
Set parameter OutputFlag to value 1
Set parameter TimeLimit to value 1800
Gurobi Optimizer version 13.0.2 build v13.0.2rc1 (linux64 - "Debian GNU/Linux 12 (bookworm)")

CPU model: AMD EPYC 7B12, instruction set [SSE2|AVX|AVX2]
Thread count: 4 physical cores, 8 logical processors, using up to 8 threads

Non-default parameters:
TimeLimit  1800

Academic license 2663665 - for non-commercial use only - registered to tu___@vnu.edu.vn
Optimize a model with 7443 rows, 228781 columns and 15721 nonzeros (Min)
Model fingerprint: 0x2232efd7
Model has 1 linear objective coefficients
Model has 4560 simple general constraints
  3720 ABS, 840 INDICATOR
Variable types: 0 continuous, 228781 integer (220920 binary)
Coefficient statistics:
  Matrix range     [1e+00, 1e+00]
  Objective range  [1e+00, 1e+00]
  Bounds range     [1e+00, 5e+02]
  RHS range        [1e+00, 3e+02]
  GenCon rhs range [1e+00, 1e+00]
  GenCon coe range [1e+00, 1e+00]

Presolve added 7078 rows and 0 columns
Presolve removed 0 rows and 210960 columns
Presolve time: 0.06s
Presolved: 14521 rows, 17821 columns, 41460 nonzeros
Presolved model has 3720 SOS constraint(s)
Variable types: 0 continuous, 17821 integer (1680 binary)
Performing another presolve...
Presolve removed 5820 rows and 5820 columns
Presolve time: 0.06s

Root relaxation: objective 4.300000e+01, 8569 iterations, 0.07 seconds (0.06 work units)

    Nodes    |    Current Node    |     Objective Bounds      |     Work
 Expl Unexpl |  Obj  Depth IntInf | Incumbent    BestBd   Gap | It/Node Time

     0     0   43.00000    0 2491          -   43.00000      -     -    0s
     0     0   43.00000    0 2491          -   43.00000      -     -    0s
     0     2   43.00000    0 2491          -   43.00000      -     -    1s
  3586  3452  505.00000  234 1343          -   43.00000      -  14.4    5s
  5651  4507  505.00000  193 1531          -   43.00000      -  21.5   10s
  8730  6280  505.00000  165 1468          -   85.00000      -  21.8   15s
 12868  8733   85.00000   35 2014          -   85.00000      -  21.0   20s
 16889 11762  463.00000  260 1645          -   85.00000      -  19.1   25s
 21147 15765  505.00000  248 1226          -   85.00000      -  18.2   30s
 24961 18823  505.00000  251 1379          -   85.00000      -  18.3   35s
 28610 22373  505.00000  256 1267          -   85.00000      -  18.7   40s
H33356 10131                     505.0000000   85.00000  83.2%  18.5   44s
 33462 10189  127.00000   37 1927  505.00000   85.00000  83.2%  18.5   45s
 41136 15826  337.00000  112 2073  505.00000   85.00000  83.2%  17.0   50s
 46960 20854  337.00000  168 1776  505.00000   85.00000  83.2%  16.2   55s
 53507 26489  337.00000  188 1722  505.00000   85.00000  83.2%  15.6   60s
 60283 32026  212.00000   57 2195  505.00000   85.00000  83.2%  14.9   65s
*64717 24660             602     463.0000000   85.00000  81.6%  14.7   68s
 67097 26262  127.00000   55 2162  463.00000   85.00000  81.6%  14.6   70s
 75017 32188  380.00000   51 2119  463.00000   85.00000  81.6%  14.2   75s
 83431 38583 infeasible  271       463.00000   85.00000  81.6%  13.8   80s
 89180 43420  169.00000   60 1858  463.00000   85.00000  81.6%  13.6   85s
 94026 47655  253.00000   43 1948  463.00000   85.00000  81.6%  13.5   90s
 98710 51455  422.00000  129 1654  463.00000   85.00000  81.6%  13.4   95s
 105532 57303  337.00000  261 1742  463.00000   85.00000  81.6%  13.2  100s
 112769 63760  127.00000   34 2101  463.00000   85.00000  81.6%  13.0  105s
 119559 69629  169.00000   57 1908  463.00000   85.00000  81.6%  12.9  110s
 126465 75773 infeasible   75       463.00000   85.00000  81.6%  12.8  115s
 134466 81720  211.00000   64 1925  463.00000   85.00000  81.6%  12.7  120s
 141739 87607  337.00000  123 1821  463.00000   85.00000  81.6%  12.6  125s
 148927 93450  379.00000  230 1630  463.00000   85.00000  81.6%  12.6  130s
 155655 98998  127.00000   35 1988  463.00000   85.00000  81.6%  12.5  135s
 161684 103916  337.00000  176 1716  463.00000   85.00000  81.6%  12.4  141s
 166475 108084  337.00000  181 1866  463.00000   85.00000  81.6%  12.4  145s
 173639 113435   85.00000   42 2079  463.00000   85.00000  81.6%  12.3  150s
 180617 119624  380.00000  197 1689  463.00000   85.00000  81.6%  12.3  155s
 186929 124843  379.00000  267 1578  463.00000   85.00000  81.6%  12.3  160s
 194107 130636  379.00000  181 1726  463.00000   85.00000  81.6%  12.2  165s
 200788 136084  169.00000   49 1929  463.00000   85.00000  81.6%  12.3  170s
 207733 141861  337.00000  235 1755  463.00000   85.00000  81.6%  12.3  175s
 214500 147308  421.00000  102 1838  463.00000   85.00000  81.6%  12.2  180s
 221133 152776  337.00000  224 1652  463.00000   85.00000  81.6%  12.2  185s
 227767 158447  337.00000  150 1750  463.00000   85.00000  81.6%  12.1  190s
 233994 163627  379.00000  181 1720  463.00000   85.00000  81.6%  12.1  195s
 240814 169405  337.00000  168 1805  463.00000   85.00000  81.6%  12.1  200s
 247090 174563  421.00000   72 1757  463.00000   85.00000  81.6%  12.0  205s
 253353 180181  337.00000  209 1777  463.00000   85.00000  81.6%  12.0  210s
 259650 185665  253.00000   66 2199  463.00000   85.00000  81.6%  11.9  215s
 266041 190521   85.00000   41 2075  463.00000   85.00000  81.6%  11.9  220s
 272706 195709  253.00000   58 1904  463.00000   85.00000  81.6%  11.9  225s
 279239 201263  127.00000   35 1981  463.00000   85.00000  81.6%  11.9  230s
 285694 206849  337.00000  186 1716  463.00000   85.00000  81.6%  11.9  235s
 292212 212551  337.00000  167 1741  463.00000   85.00000  81.6%  11.9  240s
 298217 217512  379.00000  240 1597  463.00000   85.00000  81.6%  11.9  245s
 304741 222900  295.00000   59 2187  463.00000   85.00000  81.6%  11.9  250s
 311503 228507  295.00000   89 1880  463.00000   85.00000  81.6%  11.9  255s
 317446 233591   85.00000   36 2096  463.00000   85.00000  81.6%  11.8  260s
 323734 238844  422.00000   64 1876  463.00000   85.00000  81.6%  11.9  265s
 329787 243643 infeasible  262       463.00000   85.00000  81.6%  11.8  270s
 335714 248755  337.00000  219 1837  463.00000   85.00000  81.6%  11.8  275s
 342798 253844  422.00000   98 1792  463.00000   85.00000  81.6%  11.8  280s
 348986 259206  379.00000  259 1514  463.00000   85.00000  81.6%  11.8  285s
 355181 264494  379.00000   99 1852  463.00000   85.00000  81.6%  11.8  290s
 361389 269879   85.00000   35 2122  463.00000   85.00000  81.6%  11.8  295s
 367229 274822 infeasible  274       463.00000   85.00000  81.6%  11.8  300s
 373839 280336  379.00000  101 1805  463.00000   85.00000  81.6%  11.7  305s
 379130 284876 infeasible  133       463.00000   85.00000  81.6%  11.7  310s
 385894 290077  127.00000   37 1976  463.00000   85.00000  81.6%  11.7  315s
 391895 294865  337.00000   69 2053  463.00000   85.00000  81.6%  11.7  320s
 397993 300078  337.00000  188 1718  463.00000   85.00000  81.6%  11.7  325s
 404197 304980  253.00000   57 1981  463.00000   85.00000  81.6%  11.7  330s
 410856 310303  295.00000   66 2065  463.00000   85.00000  81.6%  11.6  335s
 417027 315711  337.00000  215 1712  463.00000   85.00000  81.6%  11.6  340s
 423732 320810  337.00000  198 1667  463.00000   85.00000  81.6%  11.6  345s
 429442 325738  337.00000  169 1751  463.00000   85.00000  81.6%  11.6  350s
 436427 331168  171.00000   55 1827  463.00000   85.00000  81.6%  11.6  355s
 443002 336394  379.00000  256 1795  463.00000   85.00000  81.6%  11.6  360s
 448762 341094 infeasible  293       463.00000   85.00000  81.6%  11.6  365s
 454805 346386  379.00000  159 1713  463.00000   85.00000  81.6%  11.6  370s
 461413 351500  253.00000   59 1966  463.00000   85.00000  81.6%  11.6  375s
 467723 356790  337.00000   94 1853  463.00000   85.00000  81.6%  11.6  380s
 474191 362140  338.00000  237 1598  463.00000   85.00000  81.6%  11.6  385s
 480502 366970  337.00000  104 1782  463.00000   85.00000  81.6%  11.6  390s
 485698 371505  337.00000  227 1668  463.00000   85.00000  81.6%  11.6  395s
 488996 374393   85.00000   39 2084  463.00000   85.00000  81.6%  11.6  400s
 495211 379883  337.00000  210 1618  463.00000   85.00000  81.6%  11.6  405s
 502023 385311 infeasible   57       463.00000   85.00000  81.6%  11.6  410s
 509140 390848  379.00000  263 1593  463.00000   85.00000  81.6%  11.6  415s
 515773 396350  337.00000  179 1805  463.00000   85.00000  81.6%  11.6  420s
 522203 401685  337.00000  216 1642  463.00000   85.00000  81.6%  11.6  425s
 529694 407564  211.00000   52 1884  463.00000   85.00000  81.6%  11.6  430s
 535861 412988  379.00000   91 1875  463.00000   85.00000  81.6%  11.6  435s
 542784 418416  422.00000   51 1958  463.00000   85.00000  81.6%  11.6  440s
 549324 423674  295.00000   98 1800  463.00000   85.00000  81.6%  11.6  445s
 555787 428649  379.00000  291 1736  463.00000   85.00000  81.6%  11.6  450s
 562826 434541  337.00000  266 1615  463.00000   85.00000  81.6%  11.5  455s
 569674 439617  169.00000   40 1969  463.00000   85.00000  81.6%  11.5  460s
 575803 444937  295.00000   66 1984  463.00000   85.00000  81.6%  11.5  465s
 582225 450227  254.00000   58 2171  463.00000   85.00000  81.6%  11.5  470s
 588430 455494  379.00000  145 1686  463.00000   85.00000  81.6%  11.5  475s
 594363 460517  337.00000  234 1658  463.00000   85.00000  81.6%  11.5  480s
 600468 466028  379.00000  101 1873  463.00000   85.00000  81.6%  11.5  485s
 606642 471146 infeasible  264       463.00000   85.00000  81.6%  11.5  490s
 613589 476562 infeasible  259       463.00000   85.00000  81.6%  11.5  495s
 619309 481634  379.00000   92 1839  463.00000   85.00000  81.6%  11.5  500s
 626056 487015 infeasible  256       463.00000   85.00000  81.6%  11.5  505s
 631722 492330  421.00000  195 1800  463.00000   85.00000  81.6%  11.5  510s
 638570 497705  171.00000   36 2051  463.00000   85.00000  81.6%  11.5  515s
 645200 503179  337.00000  221 1686  463.00000   85.00000  81.6%  11.5  520s
 651058 508212  337.00000  229 1637  463.00000   85.00000  81.6%  11.5  525s
 657197 513375  379.00000   96 1880  463.00000   85.00000  81.6%  11.5  530s
 662990 518444  337.00000  124 1788  463.00000   85.00000  81.6%  11.5  535s
 668282 523480  337.00000   96 1830  463.00000   85.00000  81.6%  11.5  540s
 670684 525049  337.00000   98 1822  463.00000   85.00000  81.6%  11.5  546s
 673872 527896  422.00000   72 1695  463.00000   85.00000  81.6%  11.5  550s
 681278 532928 infeasible   58       463.00000   85.00000  81.6%  11.5  555s
 687825 538257  337.00000  227 1687  463.00000   85.00000  81.6%  11.5  560s
 693756 543254  337.00000  246 1619  463.00000   85.00000  81.6%  11.5  565s
 699455 547909  253.00000   85 1912  463.00000   85.00000  81.6%  11.5  570s
 705877 553798  337.00000  219 1671  463.00000   85.00000  81.6%  11.5  575s
 711288 558148  337.00000  224 1641  463.00000   85.00000  81.6%  11.4  580s
 716822 562813  169.00000   28 2008  463.00000   85.00000  81.6%  11.4  585s
 722529 567739 infeasible   49       463.00000   85.00000  81.6%  11.4  590s
 728988 572965  253.00000   51 1913  463.00000   85.00000  81.6%  11.4  595s
 731522 574929  337.00000  239 1614  463.00000   85.00000  81.6%  11.4  601s
 733484 576742  253.00000   72 1956  463.00000   85.00000  81.6%  11.4  605s
 738583 580883  211.00000   46 1948  463.00000   85.00000  81.6%  11.4  610s
 744829 585940  337.00000  122 1790  463.00000   85.00000  81.6%  11.4  615s
 751078 591047  421.00000   80 1648  463.00000   85.00000  81.6%  11.4  620s
 756776 595567  379.00000  125 1788  463.00000   85.00000  81.6%  11.4  625s
 762160 600230  171.00000   49 1967  463.00000   85.00000  81.6%  11.4  630s
 768767 605551  337.00000  226 1680  463.00000   85.00000  81.6%  11.4  635s
 774387 610090  127.00000   47 1926  463.00000   85.00000  81.6%  11.4  640s
 780977 615519  295.00000  104 1869  463.00000   85.00000  81.6%  11.4  645s
 786511 620242  253.00000   69 1906  463.00000   85.00000  81.6%  11.4  650s
 792496 624990  421.00000  103 1686  463.00000   85.00000  81.6%  11.4  655s
 798546 629979  170.00000   54 2222  463.00000   85.00000  81.6%  11.4  660s
 803652 634500  421.00000   78 1653  463.00000   85.00000  81.6%  11.4  665s
 809519 639290  295.00000   56 1931  463.00000   85.00000  81.6%  11.4  670s
 815395 643895  379.00000  237 1626  463.00000   85.00000  81.6%  11.4  675s
 821626 648959  337.00000  102 1833  463.00000   85.00000  81.6%  11.4  680s
 826269 653097  295.00000   89 1873  463.00000   85.00000  81.6%  11.4  685s
 831085 656777  254.00000   46 1940  463.00000   85.00000  81.6%  11.4  690s
 835678 660215 infeasible   50       463.00000   85.00000  81.6%  11.4  695s
 841761 664902  421.00000   93 1585  463.00000   85.00000  81.6%  11.4  700s
 847682 669683  169.00000   40 1980  463.00000   85.00000  81.6%  11.4  705s
 853596 674483  338.00000   55 1968  463.00000   85.00000  81.6%  11.4  710s
 859135 679110  379.00000  173 1907  463.00000   85.00000  81.6%  11.4  715s
 864913 683929  379.00000  134 1811  463.00000   85.00000  81.6%  11.4  720s
 870621 688660  422.00000  102 1699  463.00000   85.00000  81.6%  11.4  725s
 876613 693650  337.00000  254 1644  463.00000   85.00000  81.6%  11.4  730s
 882464 698123  337.00000  176 1739  463.00000   85.00000  81.6%  11.4  735s
 888204 702858  253.00000   62 1956  463.00000   85.00000  81.6%  11.4  740s
 894612 707930  421.00000  204 1609  463.00000   85.00000  81.6%  11.4  745s
 900568 712968  253.00000   44 1925  463.00000   85.00000  81.6%  11.4  750s
 906414 717905  211.00000   60 1955  463.00000   85.00000  81.6%  11.4  755s
 912204 722681  337.00000  184 1732  463.00000   85.00000  81.6%  11.4  760s
 918027 727640  170.00000   58 2134  463.00000   85.00000  81.6%  11.4  765s
 924586 733095  337.00000  143 1831  463.00000   85.00000  81.6%  11.4  770s
 930461 738214  337.00000  173 1729  463.00000   85.00000  81.6%  11.3  775s
 936501 743407  213.00000   39 1954  463.00000   85.00000  81.6%  11.4  780s
 943476 748359  253.00000   74 1893  463.00000   85.00000  81.6%  11.4  785s
 949994 753852  127.00000   44 1956  463.00000   85.00000  81.6%  11.4  790s
 956405 759136  379.00000  195 1698  463.00000   85.00000  81.6%  11.4  795s
 962868 764371  379.00000  253 1593  463.00000   85.00000  81.6%  11.4  800s
 969177 770039  337.00000  222 1686  463.00000   85.00000  81.6%  11.3  805s
 975474 774786  128.00000   27 2045  463.00000   85.00000  81.6%  11.3  810s
 981337 779781  421.00000   92 1644  463.00000   85.00000  81.6%  11.3  815s
 987832 785167  127.00000   44 1982  463.00000   85.00000  81.6%  11.3  820s
 993572 790160  169.00000   41 1900  463.00000   85.00000  81.6%  11.3  825s
 1000227 795556  338.00000   70 1875  463.00000   85.00000  81.6%  11.3  830s
 1006446 800965  212.00000   35 2023  463.00000   85.00000  81.6%  11.3  835s
 1012293 805883 infeasible  111       463.00000   85.00000  81.6%  11.3  840s
 1017834 810489  379.00000   67 1945  463.00000   85.00000  81.6%  11.3  845s
 1024479 815578  295.00000   86 1926  463.00000   85.00000  81.6%  11.3  850s
 1030819 821226  379.00000  124 1775  463.00000   85.00000  81.6%  11.3  855s
 1036862 825936  421.00000   67 1903  463.00000   85.00000  81.6%  11.3  860s
 1043277 831563  337.00000   66 1921  463.00000   85.00000  81.6%  11.3  865s
 1049918 836470  169.00000   38 1967  463.00000   85.00000  81.6%  11.3  870s
 1055799 841165  337.00000  245 1640  463.00000   85.00000  81.6%  11.3  875s
 1062882 847074  337.00000  139 1790  463.00000   85.00000  81.6%  11.3  880s
 1068990 851986  422.00000   83 1726  463.00000   85.00000  81.6%  11.3  885s
 1075319 857081  337.00000  107 1860  463.00000   85.00000  81.6%  11.3  890s
 1082114 862444  171.00000   31 2032  463.00000   85.00000  81.6%  11.3  895s
 1089167 867540  421.00000   88 1585  463.00000   85.00000  81.6%  11.3  900s
 1095701 873003  337.00000   86 1820  463.00000   85.00000  81.6%  11.3  905s
 1101650 878093  211.00000   63 1919  463.00000   85.00000  81.6%  11.3  910s
 1107546 883371  337.00000  180 1721  463.00000   85.00000  81.6%  11.3  915s
 1114264 888767  379.00000   76 2025  463.00000   85.00000  81.6%  11.3  920s
 1119847 893531  422.00000  136 1689  463.00000   85.00000  81.6%  11.3  925s
 1126324 899038  213.00000  100 2026  463.00000   85.00000  81.6%  11.3  930s
 1132497 903983  422.00000   71 1870  463.00000   85.00000  81.6%  11.3  935s
 1138440 909063  337.00000  167 1758  463.00000   85.00000  81.6%  11.3  940s
 1145104 914699  337.00000  123 1944  463.00000   85.00000  81.6%  11.3  945s
 1151248 919711 infeasible  243       463.00000   85.00000  81.6%  11.3  950s
 1158446 925304  253.00000   91 1889  463.00000   85.00000  81.6%  11.3  955s
 1164050 930413  337.00000  146 1783  463.00000   85.00000  81.6%  11.3  960s
 1169922 935114  379.00000  233 1669  463.00000   85.00000  81.6%  11.3  965s
 1176789 940862  170.00000   38 1931  463.00000   85.00000  81.6%  11.3  970s
 1182627 945758  295.00000   66 1962  463.00000   85.00000  81.6%  11.3  975s
 1188760 951131  337.00000  163 1734  463.00000   85.00000  81.6%  11.3  980s
 1195221 955783  211.00000   33 2028  463.00000   85.00000  81.6%  11.3  985s
 1202569 961181  337.00000  265 1605  463.00000   85.00000  81.6%  11.3  990s
 1208478 966104  337.00000  209 1701  463.00000   85.00000  81.6%  11.3  995s
 1214764 971567   85.00000   29 2122  463.00000   85.00000  81.6%  11.3 1000s
 1221190 977138  379.00000  211 1650  463.00000   85.00000  81.6%  11.3 1005s
 1227194 982166 infeasible  138       463.00000   85.00000  81.6%  11.3 1010s
 1233162 987267  337.00000  186 1673  463.00000   85.00000  81.6%  11.3 1015s
 1239706 992663  379.00000   95 1921  463.00000   85.00000  81.6%  11.3 1020s
 1245742 997527  129.00000   31 2021  463.00000   85.00000  81.6%  11.3 1025s
 1252150 1002895  295.00000   56 1998  463.00000   85.00000  81.6%  11.3 1030s
 1258262 1007607  295.00000  217 1807  463.00000   85.00000  81.6%  11.2 1035s
 1264709 1012318  337.00000  231 1634  463.00000   85.00000  81.6%  11.2 1040s
 1271009 1017932 infeasible   74       463.00000   85.00000  81.6%  11.2 1045s
 1276822 1022656  169.00000   50 1956  463.00000   85.00000  81.6%  11.2 1050s
 1283433 1027562  295.00000   39 1984  463.00000   85.00000  81.6%  11.2 1055s
 1291298 1033290 infeasible  112       463.00000   85.00000  81.6%  11.2 1060s
 1297082 1038089  211.00000   43 2036  463.00000   85.00000  81.6%  11.2 1065s
 1303939 1043884  379.00000  276 1685  463.00000   85.00000  81.6%  11.2 1070s
 1310365 1048869  253.00000   56 1890  463.00000   85.00000  81.6%  11.2 1075s
 1316032 1053868  421.00000   69 1766  463.00000   85.00000  81.6%  11.2 1080s
 1323350 1059154  170.00000   42 1995  463.00000   85.00000  81.6%  11.2 1085s
 1329110 1064363  337.00000  259 1615  463.00000   85.00000  81.6%  11.2 1090s
 1335543 1069500  129.00000   38 1976  463.00000   85.00000  81.6%  11.2 1095s
 1341623 1074533  295.00000   92 2108  463.00000   85.00000  81.6%  11.2 1100s
 1347856 1079624  337.00000   89 1852  463.00000   85.00000  81.6%  11.2 1105s
 1354407 1085456  337.00000  148 1925  463.00000   85.00000  81.6%  11.2 1110s
 1358400 1087711  169.00000   33 2015  463.00000   85.00000  81.6%  11.2 1115s
 1358744 1088083  169.00000   36 2025  463.00000   85.00000  81.6%  11.2 1120s
 1359259 1088406  169.00000   40 2042  463.00000   85.00000  81.6%  11.2 1126s
 1359832 1088901  253.00000   43 1995  463.00000   85.00000  81.6%  11.2 1131s
 1360861 1090521  127.00000   42 1964  463.00000   85.00000  81.6%  11.2 1135s
 1367021 1095213  337.00000  225 1609  463.00000   85.00000  81.6%  11.2 1140s
 1371597 1099130  379.00000  211 1660  463.00000   85.00000  81.6%  11.2 1145s
 1377131 1104119 infeasible  286       463.00000   85.00000  81.6%  11.2 1150s
 1383972 1109093  422.00000   65 1790  463.00000   85.00000  81.6%  11.2 1155s
 1390261 1113811  421.00000   76 1835  463.00000   85.00000  81.6%  11.2 1160s
 1396425 1119002  421.00000   73 1817  463.00000   85.00000  81.6%  11.2 1165s
 1402418 1123963  129.00000   37 2113  463.00000   85.00000  81.6%  11.2 1170s
 1408482 1128917 infeasible  116       463.00000   85.00000  81.6%  11.2 1175s
 1414826 1134129  337.00000  160 1698  463.00000   85.00000  81.6%  11.2 1180s
 1421099 1138889  421.00000  133 1881  463.00000   85.00000  81.6%  11.2 1185s
 1427151 1144242  255.00000   52 1933  463.00000   85.00000  81.6%  11.2 1190s
 1432882 1149502  337.00000  209 1629  463.00000   85.00000  81.6%  11.2 1195s
 1439297 1154627  337.00000  125 2027  463.00000   85.00000  81.6%  11.2 1200s
 1445189 1159867  337.00000  208 1696  463.00000   85.00000  81.6%  11.2 1205s
 1450714 1164775  344.00000   53 2114  463.00000   85.00000  81.6%  11.2 1210s
 1457461 1169996  295.00000   83 2082  463.00000   85.00000  81.6%  11.2 1215s
 1463575 1175045  384.00000   64 1971  463.00000   85.00000  81.6%  11.2 1220s
 1470319 1180204 infeasible  141       463.00000   85.00000  81.6%  11.2 1225s
 1476648 1185209  337.00000  185 1763  463.00000   85.00000  81.6%  11.2 1230s
 1482820 1190100  337.00000   75 1885  463.00000   85.00000  81.6%  11.2 1235s
 1489436 1195504  337.00000  139 1766  463.00000   85.00000  81.6%  11.2 1240s
 1496104 1200911  296.00000  140 1761  463.00000   85.00000  81.6%  11.2 1245s
 1501924 1205973  337.00000  229 1793  463.00000   85.00000  81.6%  11.2 1250s
 1508752 1211835  337.00000  260 1616  463.00000   85.00000  81.6%  11.2 1255s
 1514508 1216470  379.00000  265 1595  463.00000   85.00000  81.6%  11.2 1260s
 1521697 1221913  337.00000  239 1613  463.00000   85.00000  81.6%  11.2 1265s
 1527532 1227093  422.00000  121 1854  463.00000   85.00000  81.6%  11.2 1270s
 1533163 1231761  422.00000   56 1852  463.00000   85.00000  81.6%  11.2 1275s
 1540260 1237529  337.00000  188 1732  463.00000   85.00000  81.6%  11.2 1280s
 1544994 1241521  379.00000  260 1772  463.00000   85.00000  81.6%  11.2 1285s
 1549539 1245617  295.00000   63 1931  463.00000   85.00000  81.6%  11.2 1290s
 1553971 1249225  337.00000  274 1600  463.00000   85.00000  81.6%  11.2 1295s
 1560486 1254413  337.00000  172 1681  463.00000   85.00000  81.6%  11.2 1300s
 1563837 1256925  256.00000   48 1944  463.00000   85.00000  81.6%  11.2 1305s
 1564257 1257261  256.00000   53 1962  463.00000   85.00000  81.6%  11.2 1311s
 1564300 1259028  298.00000   54 1950  463.00000   85.00000  81.6%  11.2 1320s
 1570806 1263223  337.00000  203 1689  463.00000   85.00000  81.6%  11.2 1325s
 1576703 1268067  337.00000  233 1620  463.00000   85.00000  81.6%  11.2 1330s
 1583132 1273190  337.00000  142 1834  463.00000   85.00000  81.6%  11.2 1335s
 1589844 1278220  379.00000   59 2099  463.00000   85.00000  81.6%  11.2 1340s
 1596183 1283313  337.00000  198 1682  463.00000   85.00000  81.6%  11.2 1345s
 1603082 1288691  212.00000   53 1883  463.00000   85.00000  81.6%  11.2 1350s
 1609159 1294026  379.00000  143 1838  463.00000   85.00000  81.6%  11.2 1355s
 1615415 1299353  211.00000   71 2154  463.00000   85.00000  81.6%  11.2 1360s
 1621865 1304838  337.00000  212 1642  463.00000   85.00000  81.6%  11.2 1365s
 1627384 1309651  337.00000  202 1711  463.00000   85.00000  81.6%  11.2 1370s
 1633889 1314786  128.00000   32 2028  463.00000   85.00000  81.6%  11.2 1375s
 1640606 1319915  421.00000  215 1795  463.00000   85.00000  81.6%  11.2 1380s
 1647441 1325180  129.00000   50 2249  463.00000   85.00000  81.6%  11.2 1385s
 1654290 1329947  127.00000   40 2005  463.00000   85.00000  81.6%  11.2 1390s
 1661001 1335738  337.00000  100 1997  463.00000   85.00000  81.6%  11.2 1395s
 1666964 1340888  379.00000  246 1576  463.00000   85.00000  81.6%  11.2 1400s
 1673411 1346066  337.00000  180 1661  463.00000   85.00000  81.6%  11.2 1405s
 1679821 1351429  379.00000  111 1859  463.00000   85.00000  81.6%  11.2 1410s
 1685547 1356447  337.00000  165 1711  463.00000   85.00000  81.6%  11.2 1415s
 1692130 1361590  337.00000  205 1688  463.00000   85.00000  81.6%  11.2 1420s
 1699080 1366732  421.00000   63 1808  463.00000   85.00000  81.6%  11.2 1425s
 1705458 1371851  337.00000   98 1839  463.00000   85.00000  81.6%  11.2 1430s
 1711529 1377175  421.00000   68 2070  463.00000   85.00000  81.6%  11.2 1435s
 1718203 1382421 infeasible  262       463.00000   85.00000  81.6%  11.2 1440s
 1723573 1387236  337.00000  131 1812  463.00000   85.00000  81.6%  11.2 1445s
 1730642 1392691  337.00000  135 1780  463.00000   85.00000  81.6%  11.2 1450s
 1736628 1397625  171.00000   31 2136  463.00000   85.00000  81.6%  11.1 1455s
 1742591 1402936  127.00000   34 2173  463.00000   85.00000  81.6%  11.1 1460s
 1749854 1408598  337.00000  132 1804  463.00000   85.00000  81.6%  11.1 1465s
 1755967 1413535  379.00000  142 1740  463.00000   85.00000  81.6%  11.1 1470s
 1762821 1418709  337.00000  248 1652  463.00000   85.00000  81.6%  11.1 1475s
 1768552 1423612   85.00000   36 2081  463.00000   85.00000  81.6%  11.1 1480s
 1774832 1428697  127.00000   39 2005  463.00000   85.00000  81.6%  11.1 1485s
 1781329 1434075  295.00000   43 1980  463.00000   85.00000  81.6%  11.1 1490s
 1786907 1439051  379.00000  111 1871  463.00000   85.00000  81.6%  11.1 1495s
 1792928 1444260  421.00000   93 1691  463.00000   85.00000  81.6%  11.1 1500s
 1798964 1449134  380.00000  119 1992  463.00000   85.00000  81.6%  11.1 1505s
 1805058 1454189 infeasible   90       463.00000   85.00000  81.6%  11.1 1510s
 1812283 1459463  211.00000   69 2119  463.00000   85.00000  81.6%  11.1 1515s
 1818887 1464775  295.00000   83 1912  463.00000   85.00000  81.6%  11.1 1520s
 1825020 1470042  379.00000  254 1763  463.00000   85.00000  81.6%  11.1 1525s
 1831139 1475112  337.00000  132 1800  463.00000   85.00000  81.6%  11.1 1530s
 1836973 1479914  422.00000   88 1809  463.00000   85.00000  81.6%  11.1 1535s
 1843662 1485429  337.00000  129 1756  463.00000   85.00000  81.6%  11.1 1540s
 1849716 1490419  337.00000  240 1614  463.00000   85.00000  81.6%  11.1 1545s
 1855938 1495637  295.00000   77 1813  463.00000   85.00000  81.6%  11.1 1550s
 1861536 1500411  379.00000  258 1659  463.00000   85.00000  81.6%  11.1 1555s
 1867404 1505658  421.00000   61 1864  463.00000   85.00000  81.6%  11.1 1560s
 1873902 1510653  379.00000  244 1640  463.00000   85.00000  81.6%  11.1 1565s
 1880222 1515883  337.00000  260 1626  463.00000   85.00000  81.6%  11.1 1570s
 1886862 1521455  337.00000  210 1839  463.00000   85.00000  81.6%  11.1 1575s
 1893330 1526668  379.00000  261 1614  463.00000   85.00000  81.6%  11.1 1580s
 1899258 1531361  379.00000  195 1640  463.00000   85.00000  81.6%  11.1 1585s
 1905855 1536810  379.00000  228 1630  463.00000   85.00000  81.6%  11.1 1590s
 1911972 1541705  295.00000   89 1869  463.00000   85.00000  81.6%  11.1 1595s
 1918040 1546853  379.00000  217 1645  463.00000   85.00000  81.6%  11.1 1600s
 1924052 1552035  253.00000   71 1964  463.00000   85.00000  81.6%  11.1 1605s
 1930325 1557232  295.00000   79 2143  463.00000   85.00000  81.6%  11.1 1610s
 1936816 1562408  422.00000   67 1800  463.00000   85.00000  81.6%  11.1 1615s
 1943475 1567239  337.00000  143 1931  463.00000   85.00000  81.6%  11.1 1620s
 1950029 1572324  379.00000  113 2033  463.00000   85.00000  81.6%  11.1 1625s
 1956361 1577465  379.00000   71 1903  463.00000   85.00000  81.6%  11.1 1630s
 1962801 1582817  337.00000   86 1964  463.00000   85.00000  81.6%  11.1 1635s
 1969200 1588266  254.00000  121 1788  463.00000   85.00000  81.6%  11.1 1640s
 1975708 1593484  379.00000  128 1802  463.00000   85.00000  81.6%  11.1 1645s
 1981923 1598780  295.00000   40 2059  463.00000   85.00000  81.6%  11.1 1650s
 1987977 1603759  337.00000   72 1930  463.00000   85.00000  81.6%  11.1 1655s
 1994150 1608712  337.00000  164 1934  463.00000   85.00000  81.6%  11.1 1660s
 2000955 1614148  338.00000   77 1851  463.00000   85.00000  81.6%  11.1 1665s
 2007161 1619485  337.00000  228 1616  463.00000   85.00000  81.6%  11.1 1670s
 2012997 1624407  169.00000   58 1891  463.00000   85.00000  81.6%  11.1 1675s
 2019005 1629573  421.00000  128 1709  463.00000   85.00000  81.6%  11.1 1680s
 2025323 1634603  337.00000  102 2020  463.00000   85.00000  81.6%  11.1 1685s
 2032254 1640471  379.00000   95 1846  463.00000   85.00000  81.6%  11.1 1690s
 2038184 1645422  337.00000   94 1976  463.00000   85.00000  81.6%  11.1 1695s
 2043920 1650248  253.00000   67 2067  463.00000   85.00000  81.6%  11.1 1700s
 2050173 1655626  295.00000   65 2059  463.00000   85.00000  81.6%  11.1 1705s
 2055760 1660263  379.00000  221 1752  463.00000   85.00000  81.6%  11.1 1710s
 2062421 1665587  211.00000   50 1900  463.00000   85.00000  81.6%  11.1 1715s
 2068748 1671128  379.00000  240 1612  463.00000   85.00000  81.6%  11.1 1720s
 2074420 1675712  127.00000   37 2091  463.00000   85.00000  81.6%  11.1 1725s
 2080084 1680467  337.00000  177 1891  463.00000   85.00000  81.6%  11.1 1730s
 2086031 1685498  211.00000   51 1945  463.00000   85.00000  81.6%  11.1 1735s
 2091541 1690181  421.00000   91 1675  463.00000   85.00000  81.6%  11.1 1740s
 2097860 1694967  295.00000   81 1876  463.00000   85.00000  81.6%  11.1 1745s
 2104795 1700421  422.00000   80 1735  463.00000   85.00000  81.6%  11.1 1750s
 2110615 1705449  337.00000  202 1783  463.00000   85.00000  81.6%  11.1 1755s
 2117536 1710677  337.00000  130 1800  463.00000   85.00000  81.6%  11.1 1760s
 2123129 1715675  337.00000  243 1701  463.00000   85.00000  81.6%  11.1 1765s
 2129042 1720620  379.00000  170 1840  463.00000   85.00000  81.6%  11.1 1770s
 2135542 1725775  211.00000   53 1942  463.00000   85.00000  81.6%  11.1 1775s
 2141660 1730727  337.00000  119 1804  463.00000   85.00000  81.6%  11.1 1780s
 2148382 1736108  379.00000  212 1679  463.00000   85.00000  81.6%  11.1 1785s
 2154612 1740743  253.00000   73 1897  463.00000   85.00000  81.6%  11.1 1790s
 2160342 1745300 infeasible  240       463.00000   85.00000  81.6%  11.1 1795s
 2166350 1749973 infeasible   84       463.00000   85.00000  81.6%  11.1 1800s

Explored 2166856 nodes (23965719 simplex iterations) in 1800.01 seconds (2400.23 work units)
Thread count was 8 (of 8 available processors)

Solution count 2: 463 505 

Time limit reached
Best objective 4.630000000000e+02, best bound 8.500000000000e+01, gap 81.6415%
! --------------------------------------------------------
! Status: FEASIBLE (time limit reached)
! Best span = 463
! Labeling: 253 295 379 337 421 43 463 85 169 127 379 169 85 169 43 43 211 169 337 43 211 295 295 337 421 337 85 127 463 253 211 169 211 379 1 463 85 85 421 379 169 379 253 295 85 253 379 463 421 379 463 421 379 211 127 1 421 463 253 253 127 463 211 295 1 379 127 85 253 379 379 127 253 1 43 295 127 253 127 337 1 1 1 1 379 169 295 337 127 253 379 169 379 253 169 295 337 295 463 85 211 463 211 85 85 169 169 85 127 421 337 211 43 43 1 421 211 211 295 43 295 295 337 337 421 421 337 421 85 43 421 253 463 295 169 463 253 463 379 43 211 1 85 127 379 253 295 421 85 127 463 1 253 127 1 337 43 1 85 169 253 379 85 253 85 421 379 169 379 169 379 337 295 421 463 253 1 211 127 337 1 463 295 169 253 463 1 43 43 295 211 169 169 337 295 421 127 1 1 337 211 295 43 1 1 169 127 169 463 295 43 379 43 463 85 85 295 211 43 379 421 421 169 337 337 421 295 169 379 43 43 43 463 253 211 211 379 1 1 337 463 43 1 43 1 379 337 85 253 85 379 337 1 463 253 463 253 295 1 169 169 127 463 379 295 337 1 169 337 1 85 463 463 1 85 43 1 463 421 463 127 463 295 1 463 337 211 1 43 85 85 253 337 379 1 421 337 295 169 127 379 337 1 127 1 169 43 43 1 127 211 127 337 295 85 463 463 43 85 211 337 295 211 295 421 253 253 337 337 211 1 127 211 43 127 379 295 379 421 85 43 169 127 421 253 85 127 253 211 379 85 43 421 1 169 1 211 1 85 337 1 253 337 421 43 1 1 1 337 211 43 85 463 169 421 295 169 253 421 1 43 421 43 43 43 127 1 211 1 1 295 1 463 379 85 421 169 253 463 43 127 1 295 85 85 127 253 211 1 421 43 253 337 127 43 421 253 211 295 1 
! --------------------------------------------------------
! All verification passed
