! Solving for graph /home/truongxuanhieu/Gurobi-for-MinSpanLabeling/benchmarks/abp/N-bcsstk07.mtx.rnd
! Target value is set to 42
! Lower bound is set to 43
! Upper bound is set to 525
! Time limit is set to 1800
! Vertices mode is set to Has hole
! Target value mode is set to Antibandwidth
Set parameter WLSAccessID
Set parameter WLSSecret
Set parameter LicenseID to value 2663665
Academic license 2663665 - for non-commercial use only - registered to tu___@vnu.edu.vn
Set parameter OutputFlag to value 1
Set parameter TimeLimit to value 1800
Gurobi Optimizer version 13.0.2 build v13.0.2rc1 (linux64 - "Debian GNU/Linux 12 (bookworm)")

CPU model: AMD EPYC 7B12, instruction set [SSE2|AVX|AVX2]
Thread count: 4 physical cores, 8 logical processors, using up to 8 threads

Non-default parameters:
TimeLimit  1800

Academic license 2663665 - for non-commercial use only - registered to tu___@vnu.edu.vn
Optimize a model with 7443 rows, 228781 columns and 15721 nonzeros (Min)
Model fingerprint: 0x2232efd7
Model has 1 linear objective coefficients
Model has 4560 simple general constraints
  3720 ABS, 840 INDICATOR
Variable types: 0 continuous, 228781 integer (220920 binary)
Coefficient statistics:
  Matrix range     [1e+00, 1e+00]
  Objective range  [1e+00, 1e+00]
  Bounds range     [1e+00, 5e+02]
  RHS range        [1e+00, 3e+02]
  GenCon rhs range [1e+00, 1e+00]
  GenCon coe range [1e+00, 1e+00]

Presolve added 7078 rows and 0 columns
Presolve removed 0 rows and 210960 columns
Presolve time: 0.06s
Presolved: 14521 rows, 17821 columns, 41460 nonzeros
Presolved model has 3720 SOS constraint(s)
Variable types: 0 continuous, 17821 integer (1680 binary)
Performing another presolve...
Presolve removed 5820 rows and 5820 columns
Presolve time: 0.07s

Root relaxation: objective 4.300000e+01, 8569 iterations, 0.07 seconds (0.06 work units)

    Nodes    |    Current Node    |     Objective Bounds      |     Work
 Expl Unexpl |  Obj  Depth IntInf | Incumbent    BestBd   Gap | It/Node Time

     0     0   43.00000    0 2491          -   43.00000      -     -    0s
     0     0   43.00000    0 2491          -   43.00000      -     -    0s
     0     2   43.00000    0 2491          -   43.00000      -     -    1s
  3068  3059  505.00000  173 1664          -   43.00000      -  15.5    5s
  5651  4507  505.00000  193 1531          -   43.00000      -  21.5   10s
  8269  6152  505.00000   90 1835          -   43.00000      -  22.1   15s
 12158  8343  169.00000   58 2176          -   85.00000      -  21.3   20s
 15469 10668  463.00000  203 1702          -   85.00000      -  19.5   25s
 20176 14822  505.00000  100 1891          -   85.00000      -  18.6   30s
 23864 17832  505.00000  253 1375          -   85.00000      -  18.2   35s
 25816 19834  505.00000  253 1368          -   85.00000      -  18.7   40s
 30498 24212  463.00000   99 1830          -   85.00000      -  19.1   45s
H33356 10131                     505.0000000   85.00000  83.2%  18.5   47s
 36904 12549  337.00000  167 1733  505.00000   85.00000  83.2%  17.8   50s
 44073 17975  169.00000   53 1928  505.00000   85.00000  83.2%  16.7   55s
 48998 22617  337.00000  113 2045  505.00000   85.00000  83.2%  16.1   60s
 54692 27546 infeasible  288       505.00000   85.00000  83.2%  15.4   65s
 61902 33636  379.00000  188 1667  505.00000   85.00000  83.2%  14.9   70s
*64717 24660             602     463.0000000   85.00000  81.6%  14.7   72s
 68283 27460  337.00000  189 1827  463.00000   85.00000  81.6%  14.6   75s
 74654 31960  337.00000   53 2135  463.00000   85.00000  81.6%  14.2   80s
 79803 35745  422.00000  149 1594  463.00000   85.00000  81.6%  14.0   85s
 85198 40178  337.00000  161 1992  463.00000   85.00000  81.6%  13.7   90s
 91942 45732  211.00000   60 2125  463.00000   85.00000  81.6%  13.6   95s
 98710 51455  422.00000  129 1654  463.00000   85.00000  81.6%  13.4  100s
 105532 57303  337.00000  261 1742  463.00000   85.00000  81.6%  13.2  105s
 112087 63236  337.00000  217 1702  463.00000   85.00000  81.6%  13.0  110s
 118673 68870  421.00000  125 1532  463.00000   85.00000  81.6%  12.9  115s
 125598 75036  337.00000  206 1820  463.00000   85.00000  81.6%  12.8  120s
 133414 80786  337.00000  213 1861  463.00000   85.00000  81.6%  12.7  125s
 140521 86167  337.00000  220 1625  463.00000   85.00000  81.6%  12.6  130s
 147240 91957  421.00000   85 1748  463.00000   85.00000  81.6%  12.6  135s
 153384 97584  337.00000  284 1735  463.00000   85.00000  81.6%  12.5  140s
 160652 103256  295.00000   84 1891  463.00000   85.00000  81.6%  12.5  145s
 164740 106443  211.00000   57 2107  463.00000   85.00000  81.6%  12.4  150s
 171088 111826  337.00000  116 1958  463.00000   85.00000  81.6%  12.4  155s
 178466 117702  379.00000  192 1833  463.00000   85.00000  81.6%  12.3  160s
 185263 123330  211.00000   57 1863  463.00000   85.00000  81.6%  12.3  165s
 191930 128952  295.00000   68 1903  463.00000   85.00000  81.6%  12.3  170s
 198671 134336  129.00000   58 2156  463.00000   85.00000  81.6%  12.3  175s
 205224 139716  211.00000   37 1991  463.00000   85.00000  81.6%  12.3  180s
 211759 145165  337.00000   82 1913  463.00000   85.00000  81.6%  12.3  185s
 219035 150827  379.00000  209 1662  463.00000   85.00000  81.6%  12.2  190s
 225098 156084  211.00000   46 2090  463.00000   85.00000  81.6%  12.1  195s
 230896 160953  253.00000  104 1829  463.00000   85.00000  81.6%  12.1  200s
 237418 166613  337.00000  127 1780  463.00000   85.00000  81.6%  12.1  205s
 244365 172336  169.00000   28 2030  463.00000   85.00000  81.6%  12.0  210s
 250780 178031  379.00000  169 1893  463.00000   85.00000  81.6%  12.0  215s
 257137 183326  254.00000   42 2036  463.00000   85.00000  81.6%  12.0  220s
 263550 188272  129.00000   28 2063  463.00000   85.00000  81.6%  11.9  225s
 270571 193621  337.00000  154 1929  463.00000   85.00000  81.6%  11.9  230s
 276467 198863 infeasible   49       463.00000   85.00000  81.6%  11.9  235s
 282497 204103  379.00000  166 1719  463.00000   85.00000  81.6%  11.9  240s
 289105 209732  337.00000   69 1967  463.00000   85.00000  81.6%  11.9  245s
 295366 215044  337.00000  121 1821  463.00000   85.00000  81.6%  11.9  250s
 301327 220491  128.00000   53 2018  463.00000   85.00000  81.6%  11.8  255s
 307879 225618  379.00000  127 1811  463.00000   85.00000  81.6%  11.8  260s
 313677 230470  380.00000   57 1902  463.00000   85.00000  81.6%  11.9  265s
 320005 235784  127.00000   49 1835  463.00000   85.00000  81.6%  11.9  270s
 327128 241446  129.00000   28 2043  463.00000   85.00000  81.6%  11.8  275s
 333218 246388  421.00000  169 1515  463.00000   85.00000  81.6%  11.8  280s
 339810 251499  421.00000   89 1695  463.00000   85.00000  81.6%  11.8  285s
 346119 256735  380.00000   63 1893  463.00000   85.00000  81.6%  11.8  290s
 351823 261441  337.00000   86 1884  463.00000   85.00000  81.6%  11.8  295s
 357587 266616  255.00000   54 1910  463.00000   85.00000  81.6%  11.8  300s
 364136 272259  337.00000  101 2057  463.00000   85.00000  81.6%  11.8  305s
 370332 277379 infeasible  103       463.00000   85.00000  81.6%  11.7  310s
 376299 282514  337.00000   98 2017  463.00000   85.00000  81.6%  11.7  315s
 382630 287490  421.00000   85 1722  463.00000   85.00000  81.6%  11.7  320s
 389135 292801  171.00000   47 2207  463.00000   85.00000  81.6%  11.7  325s
 395658 298193  337.00000  247 1615  463.00000   85.00000  81.6%  11.7  330s
 402560 303625  379.00000   79 1882  463.00000   85.00000  81.6%  11.7  335s
 408890 308609  421.00000  160 1767  463.00000   85.00000  81.6%  11.7  340s
 415205 314130  337.00000  265 1630  463.00000   85.00000  81.6%  11.6  345s
 422136 319381  421.00000   72 2024  463.00000   85.00000  81.6%  11.6  350s
 427994 324149  128.00000   28 2016  463.00000   85.00000  81.6%  11.6  355s
 435144 330096  337.00000  103 1827  463.00000   85.00000  81.6%  11.6  360s
 441588 335451  337.00000   91 1991  463.00000   85.00000  81.6%  11.6  365s
 448311 340846  337.00000  243 1661  463.00000   85.00000  81.6%  11.6  370s
 454269 345955  379.00000   95 1825  463.00000   85.00000  81.6%  11.6  375s
 460582 350865  253.00000   64 1953  463.00000   85.00000  81.6%  11.6  380s
 467723 356790  337.00000   94 1853  463.00000   85.00000  81.6%  11.6  385s
 473750 361875  338.00000  182 1674  463.00000   85.00000  81.6%  11.6  390s
 480502 366970  337.00000  104 1782  463.00000   85.00000  81.6%  11.6  395s
 485698 371505  337.00000  227 1668  463.00000   85.00000  81.6%  11.6  400s
 488996 374393   85.00000   39 2084  463.00000   85.00000  81.6%  11.6  405s
 494786 379445  337.00000  149 1740  463.00000   85.00000  81.6%  11.6  410s
 501460 384597  253.00000   47 1951  463.00000   85.00000  81.6%  11.6  415s
 508305 390293  379.00000  154 1757  463.00000   85.00000  81.6%  11.6  420s
 514399 394925  128.00000   36 2107  463.00000   85.00000  81.6%  11.6  425s
 520589 400070  169.00000   53 2214  463.00000   85.00000  81.6%  11.6  430s
 527206 405863  212.00000   41 1955  463.00000   85.00000  81.6%  11.6  435s
 533526 410964  337.00000  164 1775  463.00000   85.00000  81.6%  11.6  440s
 540598 416659  337.00000  141 1805  463.00000   85.00000  81.6%  11.6  445s
 546896 421612  337.00000  174 1782  463.00000   85.00000  81.6%  11.6  450s
 553224 426490  170.00000   40 1927  463.00000   85.00000  81.6%  11.6  455s
 559972 432047  127.00000   47 1901  463.00000   85.00000  81.6%  11.6  460s
 566473 437191  295.00000   75 1884  463.00000   85.00000  81.6%  11.5  465s
 572978 442325  337.00000  283 1609  463.00000   85.00000  81.6%  11.5  470s
 579252 447744  337.00000  128 1726  463.00000   85.00000  81.6%  11.5  475s
 584746 452634  129.00000   48 1921  463.00000   85.00000  81.6%  11.5  480s
 591292 458000  337.00000  214 1687  463.00000   85.00000  81.6%  11.5  485s
 597221 463140  127.00000   42 1930  463.00000   85.00000  81.6%  11.5  490s
 604173 468851  380.00000   50 1941  463.00000   85.00000  81.6%  11.5  495s
 609708 473789  170.00000   36 1988  463.00000   85.00000  81.6%  11.5  500s
 616045 478879   85.00000   35 2075  463.00000   85.00000  81.6%  11.5  505s
 622420 484189   85.00000   50 2027  463.00000   85.00000  81.6%  11.5  510s
 628193 489147  422.00000   87 1746  463.00000   85.00000  81.6%  11.5  515s
 634569 494686  127.00000   45 1911  463.00000   85.00000  81.6%  11.5  520s
 641552 500060  337.00000  205 1702  463.00000   85.00000  81.6%  11.5  525s
 647200 504975  337.00000  165 1721  463.00000   85.00000  81.6%  11.5  530s
 652536 509417  379.00000   92 1919  463.00000   85.00000  81.6%  11.5  535s
 658406 514546 infeasible  266       463.00000   85.00000  81.6%  11.5  540s
 664716 519907  337.00000   96 1820  463.00000   85.00000  81.6%  11.5  545s
 669230 523767  337.00000   91 1829  463.00000   85.00000  81.6%  11.5  550s
 670684 525049  337.00000   98 1822  463.00000   85.00000  81.6%  11.5  555s
 675601 528800  422.00000   99 1783  463.00000   85.00000  81.6%  11.5  560s
 682879 533969  379.00000   79 1893  463.00000   85.00000  81.6%  11.5  565s
 688666 539017  128.00000   42 1973  463.00000   85.00000  81.6%  11.5  570s
 694681 544066  338.00000  100 1896  463.00000   85.00000  81.6%  11.5  575s
 700650 549027  337.00000  223 1655  463.00000   85.00000  81.6%  11.5  580s
 706797 554409  422.00000   54 1856  463.00000   85.00000  81.6%  11.5  585s
 712653 559297  337.00000   99 1854  463.00000   85.00000  81.6%  11.5  590s
 719224 564708  379.00000  194 1732  463.00000   85.00000  81.6%  11.4  595s
 724848 569621  211.00000   51 1955  463.00000   85.00000  81.6%  11.4  600s
 730868 574046  338.00000  267 1604  463.00000   85.00000  81.6%  11.4  605s
 732109 575724  337.00000   77 1859  463.00000   85.00000  81.6%  11.4  610s
 736357 579257  379.00000  153 1781  463.00000   85.00000  81.6%  11.4  615s
 742730 584115  338.00000  230 1653  463.00000   85.00000  81.6%  11.4  620s
 749303 589470  253.00000   68 1981  463.00000   85.00000  81.6%  11.4  625s
 755320 594470  421.00000   87 1993  463.00000   85.00000  81.6%  11.4  630s
 761817 599772  379.00000  223 1609  463.00000   85.00000  81.6%  11.4  635s
 767843 604747  337.00000  132 1802  463.00000   85.00000  81.6%  11.4  640s
 773726 609757  421.00000   70 1847  463.00000   85.00000  81.6%  11.4  645s
 780977 615519  295.00000  104 1869  463.00000   85.00000  81.6%  11.4  650s
 786511 620242  253.00000   69 1906  463.00000   85.00000  81.6%  11.4  655s
 792876 625400 infeasible  114       463.00000   85.00000  81.6%  11.4  660s
 798813 630367  127.00000   29 2045  463.00000   85.00000  81.6%  11.4  665s
 804736 635446  379.00000  110 1807  463.00000   85.00000  81.6%  11.4  670s
 811464 640656  296.00000   46 2127  463.00000   85.00000  81.6%  11.4  675s
 815963 644156 infeasible  282       463.00000   85.00000  81.6%  11.4  680s
 820980 648425  421.00000  121 1615  463.00000   85.00000  81.6%  11.4  685s
 824828 651890  337.00000  204 1702  463.00000   85.00000  81.6%  11.4  690s
 831517 657211  380.00000   97 1780  463.00000   85.00000  81.6%  11.4  695s
 838471 662454  337.00000  267 1652  463.00000   85.00000  81.6%  11.4  700s
 845243 667677 infeasible   67       463.00000   85.00000  81.6%  11.4  705s
 852460 673407  337.00000  164 1748  463.00000   85.00000  81.6%  11.4  710s
 858261 678284  295.00000   73 2073  463.00000   85.00000  81.6%  11.4  715s
 864913 683929  379.00000  134 1811  463.00000   85.00000  81.6%  11.4  720s
 871789 689263  421.00000   84 1663  463.00000   85.00000  81.6%  11.4  725s
 877782 694228 infeasible  170       463.00000   85.00000  81.6%  11.4  730s
 884658 699968  337.00000   94 1941  463.00000   85.00000  81.6%  11.4  735s
 890232 704629  422.00000   64 1800  463.00000   85.00000  81.6%  11.4  740s
 896833 709885  337.00000  222 1683  463.00000   85.00000  81.6%  11.4  745s
 903500 715336   85.00000   38 2076  463.00000   85.00000  81.6%  11.4  750s
 909557 720478  337.00000  192 1667  463.00000   85.00000  81.6%  11.4  755s
 916396 726142  421.00000  225 1576  463.00000   85.00000  81.6%  11.4  760s
 922364 731300 infeasible  242       463.00000   85.00000  81.6%  11.4  765s
 928239 736325  379.00000  180 1763  463.00000   85.00000  81.6%  11.3  770s
 934001 741029  379.00000  248 1612  463.00000   85.00000  81.6%  11.4  775s
 940824 746202  337.00000  228 1720  463.00000   85.00000  81.6%  11.4  780s
 947428 751566  337.00000  125 1824  463.00000   85.00000  81.6%  11.4  785s
 953863 756962  379.00000  128 1858  463.00000   85.00000  81.6%  11.4  790s
 960124 762129  379.00000  205 1718  463.00000   85.00000  81.6%  11.4  795s
 966737 767870  379.00000  197 1704  463.00000   85.00000  81.6%  11.4  800s
 973126 772979  211.00000   42 1996  463.00000   85.00000  81.6%  11.4  805s
 979493 778409  421.00000  117 1850  463.00000   85.00000  81.6%  11.3  810s
 985800 783342  295.00000   62 1891  463.00000   85.00000  81.6%  11.3  815s
 992077 788719  337.00000  250 1638  463.00000   85.00000  81.6%  11.3  820s
 998520 794064  337.00000  128 1827  463.00000   85.00000  81.6%  11.3  825s
 1004973 799448  337.00000  102 1863  463.00000   85.00000  81.6%  11.3  830s
 1010862 804662  337.00000  241 1638  463.00000   85.00000  81.6%  11.3  835s
 1016675 809467  337.00000  258 1784  463.00000   85.00000  81.6%  11.3  840s
 1022575 814134  253.00000   47 2062  463.00000   85.00000  81.6%  11.3  845s
 1028810 819417  253.00000   48 1995  463.00000   85.00000  81.6%  11.3  850s
 1034730 824224 infeasible  263       463.00000   85.00000  81.6%  11.3  855s
 1041264 829814  337.00000  109 1878  463.00000   85.00000  81.6%  11.3  860s
 1047501 834844  127.00000   34 1988  463.00000   85.00000  81.6%  11.3  865s
 1054322 840205  253.00000   75 1896  463.00000   85.00000  81.6%  11.3  870s
 1060763 845154  421.00000  217 1674  463.00000   85.00000  81.6%  11.3  875s
 1066716 850253  337.00000  173 1736  463.00000   85.00000  81.6%  11.3  880s
 1073235 855653  379.00000  168 1771  463.00000   85.00000  81.6%  11.3  885s
 1079371 860366  171.00000   31 2133  463.00000   85.00000  81.6%  11.3  890s
 1086089 865674 infeasible   72       463.00000   85.00000  81.6%  11.3  895s
 1092782 870711  379.00000  289 1601  463.00000   85.00000  81.6%  11.3  900s
 1099188 875873  422.00000   71 1891  463.00000   85.00000  81.6%  11.3  905s
 1105457 881573  337.00000  191 1734  463.00000   85.00000  81.6%  11.3  910s
 1111291 886096  337.00000  195 1758  463.00000   85.00000  81.6%  11.3  915s
 1117080 891301  379.00000  161 1769  463.00000   85.00000  81.6%  11.3  920s
 1123221 896405  337.00000   83 1972  463.00000   85.00000  81.6%  11.3  925s
 1129270 901507  169.00000   53 2217  463.00000   85.00000  81.6%  11.3  930s
 1136096 906949  337.00000  164 1748  463.00000   85.00000  81.6%  11.3  935s
 1142101 912053  422.00000   64 1768  463.00000   85.00000  81.6%  11.3  940s
 1148170 917305  421.00000  171 1686  463.00000   85.00000  81.6%  11.3  945s
 1154619 922223  128.00000   33 2025  463.00000   85.00000  81.6%  11.3  950s
 1161006 927702  337.00000  139 1760  463.00000   85.00000  81.6%  11.3  955s
 1166846 932562  337.00000  136 1793  463.00000   85.00000  81.6%  11.3  960s
 1172617 937488  337.00000  113 1898  463.00000   85.00000  81.6%  11.3  965s
 1179585 943170  337.00000  198 1848  463.00000   85.00000  81.6%  11.3  970s
 1184698 947730  127.00000   32 1989  463.00000   85.00000  81.6%  11.3  975s
 1190467 952451  169.00000   44 2042  463.00000   85.00000  81.6%  11.3  980s
 1197628 957666  169.00000   38 1930  463.00000   85.00000  81.6%  11.3  985s
 1204102 962363  295.00000   83 1970  463.00000   85.00000  81.6%  11.3  990s
 1210772 967992  211.00000   48 1935  463.00000   85.00000  81.6%  11.3  995s
 1216403 973022  337.00000  239 1636  463.00000   85.00000  81.6%  11.3 1000s
 1222452 978215  422.00000   96 1683  463.00000   85.00000  81.6%  11.3 1005s
 1228881 983568  295.00000   91 1868  463.00000   85.00000  81.6%  11.3 1010s
 1234367 988358  337.00000   97 1858  463.00000   85.00000  81.6%  11.3 1015s
 1240901 993733  421.00000  257 1631  463.00000   85.00000  81.6%  11.3 1020s
 1246570 998190  295.00000   58 1922  463.00000   85.00000  81.6%  11.3 1025s
 1252479 1003401  337.00000   99 1870  463.00000   85.00000  81.6%  11.3 1030s
 1259569 1008597  211.00000   55 1937  463.00000   85.00000  81.6%  11.3 1035s
 1265937 1013386  337.00000   99 1852  463.00000   85.00000  81.6%  11.3 1040s
 1271848 1018651  296.00000  130 1787  463.00000   85.00000  81.6%  11.2 1045s
 1278108 1023789  337.00000  183 1708  463.00000   85.00000  81.6%  11.2 1050s
 1284919 1028291  421.00000  114 1819  463.00000   85.00000  81.6%  11.2 1055s
 1291783 1033613 infeasible   54       463.00000   85.00000  81.6%  11.2 1060s
 1298017 1038980  337.00000  158 1810  463.00000   85.00000  81.6%  11.2 1065s
 1304385 1044193  421.00000  105 1615  463.00000   85.00000  81.6%  11.2 1070s
 1311039 1049578  379.00000  156 1758  463.00000   85.00000  81.6%  11.2 1075s
 1317317 1054597  295.00000   51 2186  463.00000   85.00000  81.6%  11.2 1080s
 1324126 1059962  421.00000  140 1714  463.00000   85.00000  81.6%  11.2 1085s
 1330338 1065015  379.00000   72 2030  463.00000   85.00000  81.6%  11.2 1090s
 1336573 1069973  169.00000   55 2196  463.00000   85.00000  81.6%  11.2 1095s
 1342924 1075642  337.00000  241 1797  463.00000   85.00000  81.6%  11.2 1100s
 1348828 1080318  337.00000  202 1688  463.00000   85.00000  81.6%  11.2 1105s
 1355128 1086034  337.00000  259 1725  463.00000   85.00000  81.6%  11.2 1110s
 1358498 1087825  169.00000   34 2026  463.00000   85.00000  81.6%  11.2 1116s
 1358886 1088166  169.00000   37 2024  463.00000   85.00000  81.6%  11.2 1120s
 1359391 1088591  169.00000   41 2042  463.00000   85.00000  81.6%  11.2 1126s
 1359960 1089187  253.00000   44 2006  463.00000   85.00000  81.6%  11.2 1131s
 1362784 1092075  211.00000   46 2149  463.00000   85.00000  81.6%  11.2 1135s
 1367759 1096090  337.00000  108 2068  463.00000   85.00000  81.6%  11.2 1140s
 1373432 1100717  421.00000  119 2009  463.00000   85.00000  81.6%  11.2 1145s
 1379398 1105582  379.00000   63 2172  463.00000   85.00000  81.6%  11.2 1150s
 1386135 1110785  379.00000  206 1697  463.00000   85.00000  81.6%  11.2 1155s
 1392402 1115380  379.00000   77 1866  463.00000   85.00000  81.6%  11.2 1160s
 1398273 1120758  337.00000  171 1797  463.00000   85.00000  81.6%  11.2 1165s
 1404777 1125774  337.00000  243 1800  463.00000   85.00000  81.6%  11.2 1170s
 1410742 1130734  421.00000   70 1749  463.00000   85.00000  81.6%  11.2 1175s
 1416947 1136032  379.00000  130 1813  463.00000   85.00000  81.6%  11.2 1180s
 1423402 1141005  295.00000   73 1876  463.00000   85.00000  81.6%  11.2 1185s
 1429078 1145973  337.00000  279 1737  463.00000   85.00000  81.6%  11.2 1190s
 1435564 1151713  421.00000  217 1571  463.00000   85.00000  81.6%  11.2 1195s
 1441269 1156545  171.00000   33 2030  463.00000   85.00000  81.6%  11.2 1200s
 1447849 1162204  379.00000  259 1598  463.00000   85.00000  81.6%  11.2 1205s
 1454185 1167512   85.00000   39 2092  463.00000   85.00000  81.6%  11.2 1210s
 1460317 1172415  295.00000   74 2114  463.00000   85.00000  81.6%  11.2 1215s
 1466689 1177647  129.00000   34 2029  463.00000   85.00000  81.6%  11.2 1220s
 1473193 1182383  379.00000  259 1600  463.00000   85.00000  81.6%  11.2 1225s
 1479925 1187629  422.00000  111 1580  463.00000   85.00000  81.6%  11.2 1230s
 1486206 1192861  211.00000   39 1970  463.00000   85.00000  81.6%  11.2 1235s
 1491996 1197607  295.00000   98 1866  463.00000   85.00000  81.6%  11.2 1240s
 1499167 1203405  337.00000  144 1804  463.00000   85.00000  81.6%  11.2 1245s
 1504840 1208403  337.00000  193 1742  463.00000   85.00000  81.6%  11.2 1250s
 1511043 1213639  337.00000  168 1715  463.00000   85.00000  81.6%  11.2 1255s
 1516438 1217811  379.00000  150 1919  463.00000   85.00000  81.6%  11.2 1260s
 1522737 1223008  337.00000   85 1922  463.00000   85.00000  81.6%  11.2 1265s
 1528987 1228173  337.00000  177 1700  463.00000   85.00000  81.6%  11.2 1270s
 1534274 1233080  254.00000  125 1954  463.00000   85.00000  81.6%  11.2 1275s
 1539817 1237117  337.00000  133 1848  463.00000   85.00000  81.6%  11.2 1280s
 1543778 1240865  379.00000  118 1969  463.00000   85.00000  81.6%  11.2 1285s
 1548147 1244568  337.00000  193 1896  463.00000   85.00000  81.6%  11.2 1290s
 1554404 1249535  253.00000   50 2044  463.00000   85.00000  81.6%  11.2 1295s
 1561192 1255033  211.00000   54 2232  463.00000   85.00000  81.6%  11.2 1300s
 1563837 1256925  256.00000   48 1944  463.00000   85.00000  81.6%  11.2 1305s
 1564257 1257261  256.00000   53 1962  463.00000   85.00000  81.6%  11.2 1311s
 1564300 1259028  298.00000   54 1950  463.00000   85.00000  81.6%  11.2 1320s
 1570806 1263223  337.00000  203 1689  463.00000   85.00000  81.6%  11.2 1325s
 1576304 1267678  337.00000  166 1749  463.00000   85.00000  81.6%  11.2 1330s
 1582809 1272737  337.00000   92 1875  463.00000   85.00000  81.6%  11.2 1335s
 1588976 1277495  127.00000   35 2234  463.00000   85.00000  81.6%  11.2 1340s
 1595762 1282984  337.00000  143 1767  463.00000   85.00000  81.6%  11.2 1345s
 1601487 1287734  421.00000   74 1836  463.00000   85.00000  81.6%  11.2 1350s
 1607647 1292788  338.00000  196 1692  463.00000   85.00000  81.6%  11.2 1355s
 1613741 1298006 infeasible   90       463.00000   85.00000  81.6%  11.2 1360s
 1619862 1302926  254.00000   42 1997  463.00000   85.00000  81.6%  11.2 1365s
 1626091 1308507  127.00000   35 2040  463.00000   85.00000  81.6%  11.2 1370s
 1632134 1313341  337.00000   66 1895  463.00000   85.00000  81.6%  11.2 1375s
 1638913 1318736  127.00000   50 2216  463.00000   85.00000  81.6%  11.2 1380s
 1646419 1324278  337.00000  181 1838  463.00000   85.00000  81.6%  11.2 1385s
 1652332 1328700  421.00000   95 1958  463.00000   85.00000  81.6%  11.2 1390s
 1659123 1334277  379.00000  205 1780  463.00000   85.00000  81.6%  11.2 1395s
 1665030 1339337  422.00000   89 1899  463.00000   85.00000  81.6%  11.2 1400s
 1670958 1344249  380.00000   54 1936  463.00000   85.00000  81.6%  11.2 1405s
 1677573 1349468  337.00000   83 1885  463.00000   85.00000  81.6%  11.2 1410s
 1683477 1354855  211.00000   50 1952  463.00000   85.00000  81.6%  11.2 1415s
 1690405 1360006   85.00000   44 2038  463.00000   85.00000  81.6%  11.2 1420s
 1696585 1365074  421.00000   90 1647  463.00000   85.00000  81.6%  11.2 1425s
 1703194 1370131 infeasible   39       463.00000   85.00000  81.6%  11.2 1430s
 1710003 1375650  337.00000  128 1789  463.00000   85.00000  81.6%  11.2 1435s
 1716099 1380550  211.00000   43 1941  463.00000   85.00000  81.6%  11.2 1440s
 1721946 1385725  337.00000  193 1697  463.00000   85.00000  81.6%  11.2 1445s
 1728516 1391050  169.00000   38 2168  463.00000   85.00000  81.6%  11.2 1450s
 1734764 1396019  337.00000   83 1869  463.00000   85.00000  81.6%  11.1 1455s
 1741097 1401405  337.00000  108 2020  463.00000   85.00000  81.6%  11.1 1460s
 1747211 1406317 infeasible   51       463.00000   85.00000  81.6%  11.1 1465s
 1753483 1411326  337.00000  106 1854  463.00000   85.00000  81.6%  11.1 1470s
 1760072 1416395  337.00000  211 1793  463.00000   85.00000  81.6%  11.1 1475s
 1765725 1421291  337.00000  259 1661  463.00000   85.00000  81.6%  11.1 1480s
 1772339 1426562  337.00000  103 1826  463.00000   85.00000  81.6%  11.1 1485s
 1778059 1431467  253.00000   54 1979  463.00000   85.00000  81.6%  11.1 1490s
 1783930 1436259   85.00000   49 2292  463.00000   85.00000  81.6%  11.1 1495s
 1789481 1441170  380.00000  160 1714  463.00000   85.00000  81.6%  11.1 1500s
 1795007 1445814  337.00000  154 1750  463.00000   85.00000  81.6%  11.1 1505s
 1800996 1450905  337.00000  228 1649  463.00000   85.00000  81.6%  11.1 1510s
 1806764 1455509  422.00000   77 1799  463.00000   85.00000  81.6%  11.1 1515s
 1813465 1460596  337.00000  207 1785  463.00000   85.00000  81.6%  11.1 1520s
 1819380 1465082  337.00000  125 1842  463.00000   85.00000  81.6%  11.1 1525s
 1824622 1469717  379.00000  201 1840  463.00000   85.00000  81.6%  11.1 1530s
 1829885 1473929  337.00000  243 1681  463.00000   85.00000  81.6%  11.1 1535s
 1835473 1478908  337.00000  246 1613  463.00000   85.00000  81.6%  11.1 1540s
 1840633 1482869 infeasible  267       463.00000   85.00000  81.6%  11.1 1545s
 1846193 1487582  337.00000  189 1742  463.00000   85.00000  81.6%  11.1 1550s
 1852047 1492428  379.00000  242 1818  463.00000   85.00000  81.6%  11.1 1555s
 1857631 1497083  379.00000   62 2197  463.00000   85.00000  81.6%  11.1 1560s
 1862963 1501777  337.00000  105 1845  463.00000   85.00000  81.6%  11.1 1565s
 1868987 1506434  127.00000   35 2006  463.00000   85.00000  81.6%  11.1 1570s
 1874842 1511463  421.00000   67 1778  463.00000   85.00000  81.6%  11.1 1575s
 1880222 1515883  337.00000  260 1626  463.00000   85.00000  81.6%  11.1 1580s
 1886444 1521103  337.00000  163 1864  463.00000   85.00000  81.6%  11.1 1585s
 1892485 1526034  337.00000  166 1742  463.00000   85.00000  81.6%  11.1 1590s
 1898267 1530643  379.00000   90 1842  463.00000   85.00000  81.6%  11.1 1595s
 1903275 1534756  379.00000  147 1952  463.00000   85.00000  81.6%  11.1 1600s
 1909381 1539480 infeasible  106       463.00000   85.00000  81.6%  11.1 1605s
 1915580 1544863  337.00000  174 1692  463.00000   85.00000  81.6%  11.1 1610s
 1920705 1548987  337.00000  240 1617  463.00000   85.00000  81.6%  11.1 1615s
 1926929 1554339  169.00000   38 1981  463.00000   85.00000  81.6%  11.1 1620s
 1932628 1559051  379.00000   59 1972  463.00000   85.00000  81.6%  11.1 1625s
 1938691 1563926  338.00000  206 1657  463.00000   85.00000  81.6%  11.1 1630s
 1945220 1568611  253.00000   56 1929  463.00000   85.00000  81.6%  11.1 1635s
 1951217 1573521  379.00000  265 1760  463.00000   85.00000  81.6%  11.1 1640s
 1956892 1577809  379.00000  126 1824  463.00000   85.00000  81.6%  11.1 1645s
 1962260 1582400  169.00000   45 1950  463.00000   85.00000  81.6%  11.1 1650s
 1968417 1587502  211.00000   37 1979  463.00000   85.00000  81.6%  11.1 1655s
 1973864 1592097  422.00000   55 1758  463.00000   85.00000  81.6%  11.1 1660s
 1979932 1597013  129.00000   41 1939  463.00000   85.00000  81.6%  11.1 1665s
 1985568 1601923  214.00000   49 1947  463.00000   85.00000  81.6%  11.1 1670s
 1991433 1606506  171.00000   51 2196  463.00000   85.00000  81.6%  11.1 1675s
 1997517 1611213  379.00000  183 1680  463.00000   85.00000  81.6%  11.1 1680s
 2003459 1616089 infeasible  120       463.00000   85.00000  81.6%  11.1 1685s
 2009966 1621804  337.00000  188 1755  463.00000   85.00000  81.6%  11.1 1690s
 2015629 1626797  422.00000  107 1847  463.00000   85.00000  81.6%  11.1 1695s
 2021533 1631957  337.00000  130 1810  463.00000   85.00000  81.6%  11.1 1700s
 2027566 1636624  337.00000   42 1985  463.00000   85.00000  81.6%  11.1 1705s
 2033955 1641844  169.00000   40 2096  463.00000   85.00000  81.6%  11.1 1710s
 2039441 1646614  379.00000   97 1848  463.00000   85.00000  81.6%  11.1 1715s
 2045212 1651493  337.00000  190 1867  463.00000   85.00000  81.6%  11.1 1720s
 2051849 1657013  337.00000  129 1987  463.00000   85.00000  81.6%  11.1 1725s
 2058156 1662104  379.00000  205 1837  463.00000   85.00000  81.6%  11.1 1730s
 2064475 1667340  171.00000   34 1974  463.00000   85.00000  81.6%  11.1 1735s
 2070205 1672379  170.00000   35 2136  463.00000   85.00000  81.6%  11.1 1740s
 2076618 1677525  379.00000  244 1608  463.00000   85.00000  81.6%  11.1 1745s
 2082651 1682709  295.00000  134 1990  463.00000   85.00000  81.6%  11.1 1750s
 2088116 1687351 infeasible   58       463.00000   85.00000  81.6%  11.1 1755s
 2094550 1692492  379.00000  148 1830  463.00000   85.00000  81.6%  11.1 1760s
 2100556 1697389  337.00000  122 2002  463.00000   85.00000  81.6%  11.1 1765s
 2106745 1702212  337.00000  236 1619  463.00000   85.00000  81.6%  11.1 1770s
 2113103 1707545  337.00000  150 1774  463.00000   85.00000  81.6%  11.1 1775s
 2119503 1712640  337.00000  104 1788  463.00000   85.00000  81.6%  11.1 1780s
 2125902 1717924  128.00000   50 1945  463.00000   85.00000  81.6%  11.1 1785s
 2131963 1722979  254.00000   40 2166  463.00000   85.00000  81.6%  11.1 1790s
 2138488 1728261  379.00000  152 1754  463.00000   85.00000  81.6%  11.1 1795s
 2145069 1733048  379.00000  108 1837  463.00000   85.00000  81.6%  11.1 1800s

Explored 2145317 nodes (23742666 simplex iterations) in 1800.03 seconds (2377.93 work units)
Thread count was 8 (of 8 available processors)

Solution count 2: 463 505 

Time limit reached
Best objective 4.630000000000e+02, best bound 8.500000000000e+01, gap 81.6415%
! --------------------------------------------------------
! Status: FEASIBLE (time limit reached)
! Best span = 463
! Labeling: 253 295 379 337 421 43 463 85 169 127 379 169 85 169 43 43 211 169 337 43 211 295 295 337 421 337 85 127 463 253 211 169 211 379 1 463 85 85 421 379 169 379 253 295 85 253 379 463 421 379 463 421 379 211 127 1 421 463 253 253 127 463 211 295 1 379 127 85 253 379 379 127 253 1 43 295 127 253 127 337 1 1 1 1 379 169 295 337 127 253 379 169 379 253 169 295 337 295 463 85 211 463 211 85 85 169 169 85 127 421 337 211 43 43 1 421 211 211 295 43 295 295 337 337 421 421 337 421 85 43 421 253 463 295 169 463 253 463 379 43 211 1 85 127 379 253 295 421 85 127 463 1 253 127 1 337 43 1 85 169 253 379 85 253 85 421 379 169 379 169 379 337 295 421 463 253 1 211 127 337 1 463 295 169 253 463 1 43 43 295 211 169 169 337 295 421 127 1 1 337 211 295 43 1 1 169 127 169 463 295 43 379 43 463 85 85 295 211 43 379 421 421 169 337 337 421 295 169 379 43 43 43 463 253 211 211 379 1 1 337 463 43 1 43 1 379 337 85 253 85 379 337 1 463 253 463 253 295 1 169 169 127 463 379 295 337 1 169 337 1 85 463 463 1 85 43 1 463 421 463 127 463 295 1 463 337 211 1 43 85 85 253 337 379 1 421 337 295 169 127 379 337 1 127 1 169 43 43 1 127 211 127 337 295 85 463 463 43 85 211 337 295 211 295 421 253 253 337 337 211 1 127 211 43 127 379 295 379 421 85 43 169 127 421 253 85 127 253 211 379 85 43 421 1 169 1 211 1 85 337 1 253 337 421 43 1 1 1 337 211 43 85 463 169 421 295 169 253 421 1 43 421 43 43 43 127 1 211 1 1 295 1 463 379 85 421 169 253 463 43 127 1 295 85 85 127 253 211 1 421 43 253 337 127 43 421 253 211 295 1 
! --------------------------------------------------------
! All verification passed
