! Solving for graph /home/truongxuanhieu/Gurobi-for-MinSpanLabeling/benchmarks/abp/P-can__445.mtx.rnd
! Target value is set to 112
! Lower bound is set to 113
! Upper bound is set to 557
! Time limit is set to 1800
! Vertices mode is set to Has hole
! Target value mode is set to Antibandwidth
Set parameter WLSAccessID
Set parameter WLSSecret
Set parameter LicenseID to value 2663665
Academic license 2663665 - for non-commercial use only - registered to tu___@vnu.edu.vn
Set parameter OutputFlag to value 1
Set parameter TimeLimit to value 1800
Gurobi Optimizer version 13.0.2 build v13.0.2rc1 (linux64 - "Debian GNU/Linux 12 (bookworm)")

CPU model: AMD EPYC 7B12, instruction set [SSE2|AVX|AVX2]
Thread count: 4 physical cores, 8 logical processors, using up to 8 threads

Non-default parameters:
TimeLimit  1800

Academic license 2663665 - for non-commercial use only - registered to tu___@vnu.edu.vn
Optimize a model with 3367 rows, 252120 columns and 7619 nonzeros (Min)
Model fingerprint: 0x9564e37d
Model has 1 linear objective coefficients
Model has 2572 simple general constraints
  1682 ABS, 890 INDICATOR
Variable types: 0 continuous, 252120 integer (248310 binary)
Coefficient statistics:
  Matrix range     [1e+00, 1e+00]
  Objective range  [1e+00, 1e+00]
  Bounds range     [1e+00, 6e+02]
  RHS range        [1e+00, 3e+02]
  GenCon rhs range [1e+00, 1e+00]
  GenCon coe range [1e+00, 1e+00]

Presolve added 5240 rows and 0 columns
Presolve removed 0 rows and 242276 columns
Presolve time: 0.06s
Presolved: 8607 rows, 9844 columns, 23593 nonzeros
Presolved model has 1682 SOS constraint(s)
Variable types: 0 continuous, 9844 integer (1780 binary)
Performing another presolve...
Presolve removed 3907 rows and 3907 columns
Presolve time: 0.04s

Root relaxation: objective 1.130000e+02, 3996 iterations, 0.01 seconds (0.01 work units)

    Nodes    |    Current Node    |     Objective Bounds      |     Work
 Expl Unexpl |  Obj  Depth IntInf | Incumbent    BestBd   Gap | It/Node Time

     0     0  113.00000    0 1155          -  113.00000      -     -    0s
     0     0  113.00000    0 1155          -  113.00000      -     -    0s
     0     2  113.00000    0 1155          -  113.00000      -     -    0s
* 1912   306             235     449.0000000  113.00000  74.8%   7.4    1s
  8411  2043  337.00000  100  615  449.00000  225.00000  49.9%  14.3    5s
 23426  4114  226.00000   58  973  449.00000  226.00000  49.7%   9.6   10s
 38005  4540  226.00000   75  930  449.00000  226.00000  49.7%   7.3   15s
 52935  5802  226.00000   40  988  449.00000  226.00000  49.7%   6.6   20s
 68489  6585 infeasible   43       449.00000  226.00000  49.7%   6.3   25s
 83339  7382  226.00000   55  969  449.00000  226.00000  49.7%   6.1   30s
 98259  7806  226.00000   34  995  449.00000  226.00000  49.7%   5.8   35s
 114040  8866 infeasible   57       449.00000  226.00000  49.7%   5.9   40s
 129718  9751 infeasible   53       449.00000  226.00000  49.7%   5.9   45s
 143772 10509  226.00000   45  976  449.00000  226.00000  49.7%   5.8   50s
 158794 11307 infeasible   50       449.00000  226.00000  49.7%   5.9   55s
 174076 11980  226.00000   56  956  449.00000  226.00000  49.7%   5.9   60s
 188833 13388 infeasible   59       449.00000  226.00000  49.7%   5.8   65s
 201783 13924  226.00000   56  950  449.00000  226.00000  49.7%   5.6   70s
 214277 14011 infeasible   54       449.00000  226.00000  49.7%   5.5   75s
 226054 14226 infeasible   68       449.00000  226.00000  49.7%   5.3   80s
 242546 14564 infeasible   55       449.00000  226.00000  49.7%   5.2   85s
 258326 16084  337.00000   60  923  449.00000  226.00000  49.7%   5.3   90s
 273792 16930 infeasible   68       449.00000  226.00000  49.7%   5.4   95s
 289434 17492  337.00000   58  931  449.00000  226.00000  49.7%   5.3  100s
 304646 17650  226.00000   65  968  449.00000  226.00000  49.7%   5.3  105s
 318675 16180 infeasible   43       449.00000  226.00000  49.7%   5.4  110s
 336194 16364  337.00000   44  344  449.00000  337.00000  24.9%   5.5  115s
 356883 16590 infeasible   65       449.00000  337.00000  24.9%   5.4  120s
 379310 16551 infeasible   75       449.00000  337.00000  24.9%   5.2  125s
 399266 16366  337.00000   51  188  449.00000  337.00000  24.9%   5.1  130s
 419667 16232  337.00000   51  528  449.00000  337.00000  24.9%   5.0  135s
 438745 16012 infeasible   55       449.00000  337.00000  24.9%   4.9  140s
 458077 16192 infeasible   58       449.00000  337.00000  24.9%   4.8  145s
 478405 15760 infeasible   60       449.00000  337.00000  24.9%   4.7  150s
 494615 15597  337.00000   59  899  449.00000  337.00000  24.9%   4.7  155s
 511073 15554  337.00000   51  390  449.00000  337.00000  24.9%   4.7  160s
 529654 15800  337.00000   53  367  449.00000  337.00000  24.9%   4.7  165s
 547799 16002 infeasible   52       449.00000  337.00000  24.9%   4.7  170s
 569368 16188  337.00000   72  413  449.00000  337.00000  24.9%   4.6  175s
 590408 15879  337.00000   64  401  449.00000  337.00000  24.9%   4.5  180s
 609861 15773  337.00000   64  329  449.00000  337.00000  24.9%   4.4  185s
 629433 16297  337.00000   66  397  449.00000  337.00000  24.9%   4.4  190s
 650574 16351 infeasible   76       449.00000  337.00000  24.9%   4.3  195s
 670118 16231 infeasible   68       449.00000  337.00000  24.9%   4.2  200s
 692365 16162  337.00000   56  405  449.00000  337.00000  24.9%   4.2  205s
 714296 15831 infeasible   64       449.00000  337.00000  24.9%   4.1  210s
 735693 15532 infeasible   40       449.00000  337.00000  24.9%   4.0  215s
 755448 15340 infeasible   56       449.00000  337.00000  24.9%   4.0  220s
 775600 15455 infeasible   52       449.00000  337.00000  24.9%   4.0  225s
 793012 15214 infeasible   49       449.00000  337.00000  24.9%   4.0  230s
 809700 15098 infeasible   63       449.00000  337.00000  24.9%   4.0  235s
 828289 15205  337.00000   77  325  449.00000  337.00000  24.9%   4.0  240s
 850560 15137  337.00000   53  434  449.00000  337.00000  24.9%   4.0  245s
 870282 15200  337.00000   32  429  449.00000  337.00000  24.9%   4.0  250s
 890779 15724 infeasible   54       449.00000  337.00000  24.9%   4.0  255s
 911222 15421  337.00000   59  495  449.00000  337.00000  24.9%   3.9  260s
 932740 15217 infeasible   79       449.00000  337.00000  24.9%   3.9  265s
 954063 15474  337.00000   76  373  449.00000  337.00000  24.9%   3.8  270s
 975417 15318 infeasible   80       449.00000  337.00000  24.9%   3.8  275s
 997954 15159 infeasible   81       449.00000  337.00000  24.9%   3.7  280s
 1019721 15172  337.00000   69  358  449.00000  337.00000  24.9%   3.7  285s
 1042062 14985  337.00000   77  361  449.00000  337.00000  24.9%   3.7  290s
 1063229 15066  337.00000   71  364  449.00000  337.00000  24.9%   3.6  295s
 1083533 15062 infeasible   49       449.00000  337.00000  24.9%   3.6  300s
 1104115 15180  337.00000   58  345  449.00000  337.00000  24.9%   3.7  305s
 1124242 14999  337.00000   48  480  449.00000  337.00000  24.9%   3.7  310s
 1144750 14788 infeasible   60       449.00000  337.00000  24.9%   3.7  315s
 1164672 15223  337.00000   46  418  449.00000  337.00000  24.9%   3.7  320s
 1184344 15115  337.00000   60  333  449.00000  337.00000  24.9%   3.7  325s
 1207043 15065 infeasible   42       449.00000  337.00000  24.9%   3.6  330s
 1228988 14684 infeasible   53       449.00000  337.00000  24.9%   3.6  335s
 1248450 14565 infeasible   56       449.00000  337.00000  24.9%   3.6  340s
 1268300 14650 infeasible   56       449.00000  337.00000  24.9%   3.6  345s
 1288218 14738  337.00000   44  437  449.00000  337.00000  24.9%   3.7  350s
 1308466 15232 infeasible   63       449.00000  337.00000  24.9%   3.6  355s
 1329284 15437  337.00000   70  372  449.00000  337.00000  24.9%   3.6  360s
 1350317 15236  337.00000   76  379  449.00000  337.00000  24.9%   3.6  365s
 1365201 15205  337.00000   71  362  449.00000  337.00000  24.9%   3.6  370s
 1373662 15149  337.00000   74  362  449.00000  337.00000  24.9%   3.6  375s
 1382721 14909  337.00000   69  312  449.00000  337.00000  24.9%   3.6  380s
 1404125 15169 infeasible   70       449.00000  337.00000  24.9%   3.6  385s
 1424143 15024  337.00000   71  376  449.00000  337.00000  24.9%   3.5  390s
 1445176 14894  337.00000   40  413  449.00000  337.00000  24.9%   3.5  395s
 1466106 14805  337.00000   72  384  449.00000  337.00000  24.9%   3.5  400s
 1486879 14755  337.00000   75  384  449.00000  337.00000  24.9%   3.5  405s
 1507958 14945  337.00000   62  322  449.00000  337.00000  24.9%   3.5  410s
 1525843 14670  337.00000   72  384  449.00000  337.00000  24.9%   3.5  415s
 1546819 14918  337.00000   77  378  449.00000  337.00000  24.9%   3.5  420s
 1568884 14612 infeasible   72       449.00000  337.00000  24.9%   3.4  425s
 1588457 14434  337.00000   45  452  449.00000  337.00000  24.9%   3.4  430s
 1609875 14722  337.00000   41  446  449.00000  337.00000  24.9%   3.4  435s
 1630718 14603 infeasible   67       449.00000  337.00000  24.9%   3.4  440s
 1649662 14493  337.00000   54  356  449.00000  337.00000  24.9%   3.5  445s
 1669890 14534  337.00000   49  400  449.00000  337.00000  24.9%   3.5  450s
 1692137 14314 infeasible   46       449.00000  337.00000  24.9%   3.5  455s
 1713182 14273 infeasible   48       449.00000  337.00000  24.9%   3.5  460s
 1732336 14362  337.00000   67  409  449.00000  337.00000  24.9%   3.5  465s
 1753692 14250  337.00000   42  359  449.00000  337.00000  24.9%   3.5  470s
 1775169 14244 infeasible   59       449.00000  337.00000  24.9%   3.5  475s
 1795619 14573 infeasible   59       449.00000  337.00000  24.9%   3.5  480s
 1817263 14269  337.00000   69  321  449.00000  337.00000  24.9%   3.5  485s
 1838122 14457  337.00000   58  425  449.00000  337.00000  24.9%   3.4  490s
 1858625 14418  337.00000   58  418  449.00000  337.00000  24.9%   3.4  495s
 1878636 14118 infeasible   38       449.00000  337.00000  24.9%   3.4  500s
 1898830 14721 infeasible   36       449.00000  337.00000  24.9%   3.4  505s
 1918045 14813  337.00000   48  416  449.00000  337.00000  24.9%   3.4  510s
 1937878 14824 infeasible   50       449.00000  337.00000  24.9%   3.4  515s
 1958028 14705 infeasible   52       449.00000  337.00000  24.9%   3.4  520s
 1977076 14838 infeasible   57       449.00000  337.00000  24.9%   3.4  525s
 1995684 14719  337.00000   52  459  449.00000  337.00000  24.9%   3.4  530s
 2013673 14644 infeasible   50       449.00000  337.00000  24.9%   3.4  535s
 2032070 14519 infeasible   37       449.00000  337.00000  24.9%   3.5  540s
 2050779 14371 infeasible   50       449.00000  337.00000  24.9%   3.5  545s
 2070022 14521 infeasible   49       449.00000  337.00000  24.9%   3.5  550s
 2090334 14551 infeasible   57       449.00000  337.00000  24.9%   3.5  555s
 2111380 14381  337.00000   58  431  449.00000  337.00000  24.9%   3.5  560s
 2131619 14427  337.00000   54  336  449.00000  337.00000  24.9%   3.5  565s
 2150733 14271 infeasible   56       449.00000  337.00000  24.9%   3.5  570s
 2167706 14250  337.00000   22  766  449.00000  337.00000  24.9%   3.5  575s
 2187606 14640  337.00000   66  456  449.00000  337.00000  24.9%   3.5  580s
 2208596 14799 infeasible   50       449.00000  337.00000  24.9%   3.5  585s
 2227596 14506  337.00000   59  460  449.00000  337.00000  24.9%   3.5  590s
 2247429 14426  337.00000   56  379  449.00000  337.00000  24.9%   3.5  595s
 2265422 14270 infeasible   68       449.00000  337.00000  24.9%   3.5  600s
 2276550 14460  337.00000   67  453  449.00000  337.00000  24.9%   3.4  605s
 2288606 14296  337.00000   73  437  449.00000  337.00000  24.9%   3.4  610s
 2298403 14251 infeasible   57       449.00000  337.00000  24.9%   3.4  615s
 2309141 14239 infeasible   55       449.00000  337.00000  24.9%   3.4  620s
 2318517 14307 infeasible   68       449.00000  337.00000  24.9%   3.4  625s
 2328976 14442 infeasible   58       449.00000  337.00000  24.9%   3.4  630s
 2338380 14437 infeasible   56       449.00000  337.00000  24.9%   3.5  635s
 2348905 14293  337.00000   47  491  449.00000  337.00000  24.9%   3.5  640s
 2357139 14228 infeasible   60       449.00000  337.00000  24.9%   3.5  645s
 2366051 14209 infeasible   56       449.00000  337.00000  24.9%   3.5  650s
 2375668 14179 infeasible   61       449.00000  337.00000  24.9%   3.5  655s
 2385713 14069  337.00000   56  438  449.00000  337.00000  24.9%   3.5  660s
 2393462 14384 infeasible   57       449.00000  337.00000  24.9%   3.5  665s
 2403851 14380 infeasible   65       449.00000  337.00000  24.9%   3.5  670s
 2414072 14250 infeasible   58       449.00000  337.00000  24.9%   3.5  675s
 2423102 14080 infeasible   81       449.00000  337.00000  24.9%   3.5  680s
 2432235 14264  337.00000   67  446  449.00000  337.00000  24.9%   3.5  685s
 2441521 14255 infeasible   61       449.00000  337.00000  24.9%   3.5  690s
 2451625 14280  337.00000   56  465  449.00000  337.00000  24.9%   3.5  695s
 2462642 14058  337.00000   67  442  449.00000  337.00000  24.9%   3.4  700s
 2472608 14053  337.00000   51  405  449.00000  337.00000  24.9%   3.5  705s
 2481879 13914 infeasible   61       449.00000  337.00000  24.9%   3.5  710s
 2491195 14044  337.00000   32  471  449.00000  337.00000  24.9%   3.5  715s
 2500026 14055 infeasible   59       449.00000  337.00000  24.9%   3.5  720s
 2509131 14173 infeasible   65       449.00000  337.00000  24.9%   3.5  725s
 2519138 14105  337.00000   82  381  449.00000  337.00000  24.9%   3.5  730s
 2529966 13955  337.00000   45  523  449.00000  337.00000  24.9%   3.5  735s
 2540663 13901  337.00000   53  352  449.00000  337.00000  24.9%   3.5  740s
 2551417 14011 infeasible   68       449.00000  337.00000  24.9%   3.4  745s
 2561103 13877  337.00000   35  500  449.00000  337.00000  24.9%   3.4  750s
 2570643 14132 infeasible   65       449.00000  337.00000  24.9%   3.4  755s
 2580704 14332 infeasible   63       449.00000  337.00000  24.9%   3.4  760s
 2590833 14649  337.00000   57  460  449.00000  337.00000  24.9%   3.4  765s
 2599925 14613  337.00000   59  461  449.00000  337.00000  24.9%   3.4  770s
 2609868 14379  337.00000   65  442  449.00000  337.00000  24.9%   3.4  775s
 2621290 14178 infeasible   63       449.00000  337.00000  24.9%   3.4  780s
 2631064 14180 infeasible   61       449.00000  337.00000  24.9%   3.4  785s
 2641307 13993  337.00000   60  461  449.00000  337.00000  24.9%   3.4  790s
 2651983 13880 infeasible   34       449.00000  337.00000  24.9%   3.4  795s
 2661833 14090 infeasible   41       449.00000  337.00000  24.9%   3.4  800s
 2672435 14059  337.00000   57  444  449.00000  337.00000  24.9%   3.4  805s
 2683666 14067 infeasible   64       449.00000  337.00000  24.9%   3.4  810s
 2694457 13932 infeasible   66       449.00000  337.00000  24.9%   3.4  815s
 2706145 13928  337.00000   44  353  449.00000  337.00000  24.9%   3.4  820s
 2723370 14077  337.00000   60  452  449.00000  337.00000  24.9%   3.4  825s
 2742124 13807  337.00000   72  434  449.00000  337.00000  24.9%   3.4  830s
 2762512 14113 infeasible   45       449.00000  337.00000  24.9%   3.4  835s
 2785045 14589  337.00000   43  443  449.00000  337.00000  24.9%   3.4  840s
 2805634 14361 infeasible   54       449.00000  337.00000  24.9%   3.4  845s
 2824530 14122 infeasible   64       449.00000  337.00000  24.9%   3.4  850s
 2844043 14384 infeasible   55       449.00000  337.00000  24.9%   3.4  855s
 2865536 14281  337.00000   69  353  449.00000  337.00000  24.9%   3.4  860s
 2886264 14243  337.00000   83  378  449.00000  337.00000  24.9%   3.4  865s
 2907373 14876  337.00000   68  439  449.00000  337.00000  24.9%   3.4  870s
 2929489 15310 infeasible   76       449.00000  337.00000  24.9%   3.4  875s
 2949935 15216  337.00000   66  465  449.00000  337.00000  24.9%   3.4  880s
 2972259 14949 infeasible   66       449.00000  337.00000  24.9%   3.4  885s
 2992857 15064  337.00000   70  451  449.00000  337.00000  24.9%   3.4  890s
 3014786 15085  337.00000   74  457  449.00000  337.00000  24.9%   3.4  895s
 3031538 14923  337.00000   70  444  449.00000  337.00000  24.9%   3.4  900s
 3041625 14895 infeasible   69       449.00000  337.00000  24.9%   3.4  905s
 3050627 14885  337.00000   65  469  449.00000  337.00000  24.9%   3.4  910s
 3059989 14685 infeasible   78       449.00000  337.00000  24.9%   3.4  915s
 3068931 14688 infeasible   70       449.00000  337.00000  24.9%   3.4  920s
 3078040 14683  337.00000   70  448  449.00000  337.00000  24.9%   3.4  925s
 3087021 14652  337.00000   60  471  449.00000  337.00000  24.9%   3.4  930s
 3095702 14763  337.00000   67  450  449.00000  337.00000  24.9%   3.4  935s
 3116526 14898 infeasible   67       449.00000  337.00000  24.9%   3.3  940s
 3136692 14632 infeasible   63       449.00000  337.00000  24.9%   3.3  945s
 3155914 14478 infeasible   71       449.00000  337.00000  24.9%   3.3  950s
 3177244 14928  337.00000   75  450  449.00000  337.00000  24.9%   3.3  955s
 3197433 14668 infeasible   76       449.00000  337.00000  24.9%   3.3  960s
 3217748 14528  337.00000   64  450  449.00000  337.00000  24.9%   3.3  965s
 3237800 14696 infeasible   76       449.00000  337.00000  24.9%   3.3  970s
 3258855 14383  337.00000   56  372  449.00000  337.00000  24.9%   3.3  975s
 3278547 14856  337.00000   71  445  449.00000  337.00000  24.9%   3.3  980s
 3298759 14630  337.00000   60  462  449.00000  337.00000  24.9%   3.3  985s
 3317983 14448  337.00000   69  456  449.00000  337.00000  24.9%   3.3  990s
 3337919 14501  337.00000   47  458  449.00000  337.00000  24.9%   3.3  995s
 3358545 14651 infeasible   64       449.00000  337.00000  24.9%   3.3 1000s
 3378335 14294  337.00000   69  345  449.00000  337.00000  24.9%   3.3 1005s
 3397692 14185 infeasible   76       449.00000  337.00000  24.9%   3.3 1010s
 3420400 14304  337.00000   42  462  449.00000  337.00000  24.9%   3.2 1015s
 3441544 14206 infeasible   42       449.00000  337.00000  24.9%   3.2 1020s
 3462739 14667 infeasible   61       449.00000  337.00000  24.9%   3.2 1025s
 3482951 14597  337.00000   45  453  449.00000  337.00000  24.9%   3.2 1030s
 3503998 14494  337.00000   42  461  449.00000  337.00000  24.9%   3.2 1035s
 3524021 14350 infeasible   48       449.00000  337.00000  24.9%   3.2 1040s
 3544860 14278  337.00000   40  412  449.00000  337.00000  24.9%   3.2 1045s
 3565871 14400  337.00000   60  454  449.00000  337.00000  24.9%   3.2 1050s
 3586971 14133 infeasible   45       449.00000  337.00000  24.9%   3.2 1055s
 3607384 14182 infeasible   39       449.00000  337.00000  24.9%   3.2 1060s
 3626822 14037 infeasible   62       449.00000  337.00000  24.9%   3.2 1065s
 3648159 14711 infeasible   61       449.00000  337.00000  24.9%   3.2 1070s
 3669565 14383  337.00000   57  462  449.00000  337.00000  24.9%   3.2 1075s
 3690960 14221 infeasible   67       449.00000  337.00000  24.9%   3.2 1080s
 3714215 14163 infeasible   70       449.00000  337.00000  24.9%   3.2 1085s
 3734184 14268 infeasible   63       449.00000  337.00000  24.9%   3.2 1090s
 3756378 13996  337.00000   57  455  449.00000  337.00000  24.9%   3.2 1095s
 3775908 13997  337.00000   50  341  449.00000  337.00000  24.9%   3.2 1100s
 3795293 14369  337.00000   58  466  449.00000  337.00000  24.9%   3.2 1105s
 3816598 14352  337.00000   60  453  449.00000  337.00000  24.9%   3.2 1110s
 3839137 14095 infeasible   65       449.00000  337.00000  24.9%   3.2 1115s
 3858609 14146 infeasible   57       449.00000  337.00000  24.9%   3.2 1120s
 3879099 13995  337.00000   83  342  449.00000  337.00000  24.9%   3.2 1125s
 3898389 14006  337.00000   87  384  449.00000  337.00000  24.9%   3.2 1130s
 3918647 13944  337.00000   50  457  449.00000  337.00000  24.9%   3.2 1135s
 3939461 14111  337.00000   62  412  449.00000  337.00000  24.9%   3.2 1140s
 3961070 13639 infeasible   60       449.00000  337.00000  24.9%   3.2 1145s
 3979958 14401  337.00000   39  432  449.00000  337.00000  24.9%   3.2 1150s
 4000774 14441  337.00000   34  451  449.00000  337.00000  24.9%   3.2 1155s
 4021870 14291  337.00000   37  442  449.00000  337.00000  24.9%   3.2 1160s
 4042768 14255  337.00000   72  393  449.00000  337.00000  24.9%   3.2 1165s
 4062892 14138  337.00000   38  441  449.00000  337.00000  24.9%   3.2 1170s
 4083573 14434 infeasible   68       449.00000  337.00000  24.9%   3.2 1175s
 4104932 14241 infeasible   43       449.00000  337.00000  24.9%   3.2 1180s
 4125309 14000  337.00000   67  332  449.00000  337.00000  24.9%   3.2 1185s
 4145274 14673 infeasible   68       449.00000  337.00000  24.9%   3.2 1190s
 4165476 14523  337.00000   69  406  449.00000  337.00000  24.9%   3.1 1195s
 4186563 14278  337.00000   44  462  449.00000  337.00000  24.9%   3.1 1200s
 4206770 14218 infeasible   60       449.00000  337.00000  24.9%   3.1 1205s
 4226757 14242  337.00000   74  419  449.00000  337.00000  24.9%   3.1 1210s
 4247411 14063  337.00000   48  394  449.00000  337.00000  24.9%   3.1 1215s
 4266661 14091 infeasible   59       449.00000  337.00000  24.9%   3.1 1220s
 4282955 14067  337.00000   74  409  449.00000  337.00000  24.9%   3.1 1225s
 4299168 14407  337.00000   71  404  449.00000  337.00000  24.9%   3.1 1230s
 4316729 14350  337.00000   72  391  449.00000  337.00000  24.9%   3.1 1235s
 4335944 14207 infeasible   41       449.00000  337.00000  24.9%   3.1 1240s
 4355486 14158 infeasible   78       449.00000  337.00000  24.9%   3.1 1245s
 4374910 14164  337.00000   63  340  449.00000  337.00000  24.9%   3.1 1250s
 4396123 14285 infeasible   82       449.00000  337.00000  24.9%   3.1 1255s
 4416640 14160 infeasible   83       449.00000  337.00000  24.9%   3.1 1260s
 4435833 13905 infeasible   67       449.00000  337.00000  24.9%   3.1 1265s
 4452021 14095  337.00000   72  426  449.00000  337.00000  24.9%   3.1 1270s
 4467133 13974 infeasible   95       449.00000  337.00000  24.9%   3.1 1275s
 4482296 14022 infeasible   72       449.00000  337.00000  24.9%   3.1 1280s
 4502103 13874 infeasible   56       449.00000  337.00000  24.9%   3.1 1285s
 4523574 14112 infeasible   64       449.00000  337.00000  24.9%   3.1 1290s
 4544565 13988  337.00000   63  430  449.00000  337.00000  24.9%   3.1 1295s
 4566275 14206 infeasible   59       449.00000  337.00000  24.9%   3.1 1300s
 4587722 13815 infeasible   66       449.00000  337.00000  24.9%   3.1 1305s
 4608601 13989  337.00000   80  325  449.00000  337.00000  24.9%   3.1 1310s
 4629528 13904  337.00000   74  375  449.00000  337.00000  24.9%   3.1 1315s
 4650678 13712  337.00000   64  362  449.00000  337.00000  24.9%   3.1 1320s
 4671704 13846 infeasible   49       449.00000  337.00000  24.9%   3.1 1325s
 4691994 13787 infeasible   70       449.00000  337.00000  24.9%   3.1 1330s
 4714319 13573 infeasible   71       449.00000  337.00000  24.9%   3.1 1335s
 4731605 13894 infeasible   64       449.00000  337.00000  24.9%   3.1 1340s
 4751358 14435 infeasible   89       449.00000  337.00000  24.9%   3.1 1345s
 4770216 14957  337.00000   80  382  449.00000  337.00000  24.9%   3.1 1350s
 4791490 14694 infeasible   81       449.00000  337.00000  24.9%   3.1 1355s
 4811609 14201 infeasible   57       449.00000  337.00000  24.9%   3.1 1360s
 4831488 14522 infeasible   78       449.00000  337.00000  24.9%   3.1 1365s
 4851371 14043  337.00000   74  387  449.00000  337.00000  24.9%   3.1 1370s
 4871186 14266  337.00000   86  392  449.00000  337.00000  24.9%   3.1 1375s
 4891966 14127  337.00000   82  391  449.00000  337.00000  24.9%   3.1 1380s
 4912739 13773 infeasible   85       449.00000  337.00000  24.9%   3.1 1385s
 4931561 13909 infeasible   79       449.00000  337.00000  24.9%   3.1 1390s
 4951325 14206  337.00000   86  387  449.00000  337.00000  24.9%   3.1 1395s
 4971923 14138 infeasible   89       449.00000  337.00000  24.9%   3.0 1400s
 4991899 13980  337.00000   87  380  449.00000  337.00000  24.9%   3.0 1405s
 5012965 13918  337.00000   75  390  449.00000  337.00000  24.9%   3.0 1410s
 5032708 14024  337.00000   77  380  449.00000  337.00000  24.9%   3.0 1415s
 5052368 13789  337.00000   71  324  449.00000  337.00000  24.9%   3.0 1420s
 5071126 13441  337.00000   81  377  449.00000  337.00000  24.9%   3.0 1425s
 5072140 13488  337.00000   51  547  449.00000  337.00000  24.9%   3.0 1436s
 5084835 13711  337.00000   56  376  449.00000  337.00000  24.9%   3.0 1440s
 5104716 13864  337.00000   82  366  449.00000  337.00000  24.9%   3.0 1445s
 5124206 13633  337.00000   59  304  449.00000  337.00000  24.9%   3.0 1450s
 5143683 13786 infeasible   71       449.00000  337.00000  24.9%   3.0 1455s
 5164789 13567 infeasible   78       449.00000  337.00000  24.9%   3.0 1460s
 5185702 13392  337.00000   44  685  449.00000  337.00000  24.9%   3.0 1465s
 5203070 13664  337.00000   45  422  449.00000  337.00000  24.9%   3.0 1470s
 5221762 13617  337.00000   32  578  449.00000  337.00000  24.9%   3.0 1475s
 5241532 13523  337.00000   30  592  449.00000  337.00000  24.9%   3.0 1480s
 5261572 14315  337.00000   59  467  449.00000  337.00000  24.9%   3.0 1485s
 5282550 14141  337.00000   54  459  449.00000  337.00000  24.9%   3.0 1490s
 5302409 14033  337.00000   59  468  449.00000  337.00000  24.9%   3.0 1495s
 5322759 13829 infeasible   36       449.00000  337.00000  24.9%   3.0 1500s
 5342592 13831  337.00000   65  445  449.00000  337.00000  24.9%   3.0 1505s
 5362492 13896  337.00000   66  448  449.00000  337.00000  24.9%   3.0 1510s
 5382372 13858 infeasible   58       449.00000  337.00000  24.9%   3.0 1515s
 5399998 14010  337.00000   66  367  449.00000  337.00000  24.9%   3.0 1520s
 5419093 13707 infeasible   66       449.00000  337.00000  24.9%   3.0 1525s
 5439151 13885  337.00000   59  466  449.00000  337.00000  24.9%   3.0 1530s
 5459322 13577  337.00000   63  454  449.00000  337.00000  24.9%   3.0 1535s
 5479157 14355 infeasible   66       449.00000  337.00000  24.9%   3.0 1540s
 5499335 14130 infeasible   68       449.00000  337.00000  24.9%   3.0 1545s
 5519725 13965  337.00000   65  431  449.00000  337.00000  24.9%   3.0 1550s
 5541028 13785 infeasible   69       449.00000  337.00000  24.9%   3.0 1555s
 5562351 13563  337.00000   67  453  449.00000  337.00000  24.9%   3.0 1560s
 5582462 13639 infeasible   62       449.00000  337.00000  24.9%   3.0 1565s
 5602307 13949  337.00000   50  466  449.00000  337.00000  24.9%   3.0 1570s
 5623741 14274  337.00000   66  449  449.00000  337.00000  24.9%   3.0 1575s
 5644725 14361  337.00000   59  457  449.00000  337.00000  24.9%   3.0 1580s
 5667052 14357  337.00000   66  452  449.00000  337.00000  24.9%   3.0 1585s
 5688305 14191 infeasible   69       449.00000  337.00000  24.9%   3.0 1590s
 5710321 13974 infeasible   76       449.00000  337.00000  24.9%   3.0 1595s
 5732152 14148 infeasible   77       449.00000  337.00000  24.9%   3.0 1600s
 5754351 14133 infeasible   69       449.00000  337.00000  24.9%   3.0 1605s
 5775649 13739  337.00000   64  454  449.00000  337.00000  24.9%   3.0 1610s
 5797686 13521 infeasible   69       449.00000  337.00000  24.9%   3.0 1615s
 5817687 13909 infeasible   70       449.00000  337.00000  24.9%   3.0 1620s
 5838781 14600 infeasible   73       449.00000  337.00000  24.9%   3.0 1625s
 5859208 14234  337.00000   59  457  449.00000  337.00000  24.9%   3.0 1630s
 5879459 14092 infeasible   62       449.00000  337.00000  24.9%   3.0 1635s
 5899681 13920  337.00000   64  457  449.00000  337.00000  24.9%   3.0 1640s
 5922006 13787 infeasible   69       449.00000  337.00000  24.9%   3.0 1645s
 5941060 13692  337.00000   71  440  449.00000  337.00000  24.9%   3.0 1650s
 5961237 13773 infeasible   67       449.00000  337.00000  24.9%   3.0 1655s
 5982460 13404  337.00000   62  466  449.00000  337.00000  24.9%   3.0 1660s
 6001280 13702 infeasible   58       449.00000  337.00000  24.9%   3.0 1665s
 6020734 13859  337.00000   74  377  449.00000  337.00000  24.9%   3.0 1670s
 6041556 13607  337.00000   72  387  449.00000  337.00000  24.9%   3.0 1675s
 6062294 13605  337.00000   76  374  449.00000  337.00000  24.9%   3.0 1680s
 6083697 13489 infeasible   65       449.00000  337.00000  24.9%   3.0 1685s
 6105292 13458  337.00000   65  443  449.00000  337.00000  24.9%   3.0 1690s
 6127366 13343  337.00000   57  342  449.00000  337.00000  24.9%   3.0 1695s
 6149522 13668  337.00000   72  316  449.00000  337.00000  24.9%   3.0 1700s
 6170142 13654  337.00000   78  389  449.00000  337.00000  24.9%   3.0 1705s
 6191477 13571  337.00000   53  456  449.00000  337.00000  24.9%   2.9 1710s
 6213152 13147  337.00000   62  333  449.00000  337.00000  24.9%   2.9 1715s
 6231902 13317  337.00000   57  311  449.00000  337.00000  24.9%   3.0 1720s
 6251473 13248  337.00000   86  375  449.00000  337.00000  24.9%   3.0 1725s
 6269887 13684 infeasible   73       449.00000  337.00000  24.9%   3.0 1730s
 6290011 13451 infeasible   65       449.00000  337.00000  24.9%   3.0 1735s
 6309201 13445 infeasible   48       449.00000  337.00000  24.9%   3.0 1740s
 6329380 13279  337.00000   65  410  449.00000  337.00000  24.9%   3.0 1745s
 6349656 13228 infeasible   89       449.00000  337.00000  24.9%   3.0 1750s
 6369917 13065 infeasible   65       449.00000  337.00000  24.9%   3.0 1755s
 6388250 13182 infeasible   56       449.00000  337.00000  24.9%   3.0 1760s
 6407458 12750  337.00000   69  315  449.00000  337.00000  24.9%   3.0 1765s
 6429925 13346 infeasible   56       449.00000  337.00000  24.9%   3.0 1770s
 6451259 14446 infeasible   66       449.00000  337.00000  24.9%   3.0 1775s
 6470992 15796  337.00000   45  446  449.00000  337.00000  24.9%   3.0 1780s
 6491207 16773  337.00000   66  455  449.00000  337.00000  24.9%   3.0 1785s
 6513720 17986 infeasible   59       449.00000  337.00000  24.9%   3.0 1790s
 6530437 18426  337.00000   55  389  449.00000  337.00000  24.9%   3.0 1795s
 6538320 18786  337.00000   63  436  449.00000  337.00000  24.9%   3.0 1800s

Explored 6539637 nodes (19357265 simplex iterations) in 1800.01 seconds (1420.76 work units)
Thread count was 8 (of 8 available processors)

Solution count 1: 449 

Time limit reached
Best objective 4.490000000000e+02, best bound 3.370000000000e+02, gap 24.9443%
! --------------------------------------------------------
! Status: FEASIBLE (time limit reached)
! Best span = 449
! Labeling: 113 449 225 1 225 337 113 337 337 337 113 225 113 1 113 113 113 1 449 449 449 1 225 337 1 337 113 337 113 225 449 449 1 1 337 113 337 1 1 337 113 337 1 449 113 1 225 225 337 449 225 337 449 225 1 1 449 225 225 1 449 337 449 113 1 1 1 225 337 113 113 1 1 225 113 337 113 225 337 1 113 1 337 1 113 225 1 337 225 113 113 1 1 449 1 1 449 337 225 337 113 225 1 113 449 1 1 113 225 449 1 1 113 225 225 1 449 1 337 449 225 225 337 449 337 1 225 337 225 225 113 449 113 449 225 449 1 449 337 113 337 113 337 225 225 337 337 113 1 1 1 449 449 113 225 449 449 1 449 225 337 449 449 225 113 113 1 449 1 225 113 449 337 225 1 337 1 113 113 225 449 449 225 449 1 1 337 113 225 337 225 225 337 337 449 225 1 337 449 337 225 449 113 449 225 225 449 113 225 225 337 113 225 449 225 1 1 225 1 337 1 337 225 1 1 225 1 337 1 337 337 449 113 225 113 1 449 113 1 1 337 113 225 449 337 1 225 449 337 1 225 337 337 113 113 225 113 1 1 449 1 1 113 113 225 449 337 113 337 225 337 225 337 449 113 113 113 1 113 225 449 113 337 337 337 337 113 225 337 113 113 449 1 113 337 1 113 337 449 1 225 1 449 225 225 1 337 337 1 113 337 113 225 1 337 113 225 225 113 113 449 113 337 337 1 225 225 337 337 113 225 449 449 337 449 449 225 225 113 449 337 337 1 1 113 1 1 225 449 225 225 225 337 449 113 225 225 337 1 113 337 113 337 113 449 113 449 449 113 337 1 1 225 113 113 225 113 449 449 449 113 1 113 113 449 449 113 337 449 449 113 225 449 449 1 113 337 225 337 225 337 1 337 449 225 449 1 449 337 225 449 1 449 449 337 337 225 225 449 225 113 225 337 337 113 1 1 1 225 113 225 1 449 337 449 225 113 225 1 337 113 337 225 1 337 
! --------------------------------------------------------
! All verification passed
