! Solving for graph /home/truongxuanhieu/Gurobi-for-MinSpanLabeling/benchmarks/abp/R-dwt__503.mtx.rnd
! Target value is set to 78
! Lower bound is set to 79
! Upper bound is set to 629
! Time limit is set to 1800
! Vertices mode is set to Has hole
! Target value mode is set to Antibandwidth
Set parameter WLSAccessID
Set parameter WLSSecret
Set parameter LicenseID to value 2663665
Academic license 2663665 - for non-commercial use only - registered to tu___@vnu.edu.vn
Set parameter OutputFlag to value 1
Set parameter TimeLimit to value 1800
Gurobi Optimizer version 13.0.2 build v13.0.2rc1 (linux64 - "Debian GNU/Linux 12 (bookworm)")

CPU model: AMD EPYC 7B12, instruction set [SSE2|AVX|AVX2]
Thread count: 4 physical cores, 8 logical processors, using up to 8 threads

Non-default parameters:
TimeLimit  1800

Academic license 2663665 - for non-commercial use only - registered to tu___@vnu.edu.vn
Optimize a model with 5527 rows, 322918 columns and 12055 nonzeros (Min)
Model fingerprint: 0xe8821b5f
Model has 1 linear objective coefficients
Model has 3768 simple general constraints
  2762 ABS, 1006 INDICATOR
Variable types: 0 continuous, 322918 integer (316890 binary)
Coefficient statistics:
  Matrix range     [1e+00, 1e+00]
  Objective range  [1e+00, 1e+00]
  Bounds range     [1e+00, 6e+02]
  RHS range        [1e+00, 3e+02]
  GenCon rhs range [1e+00, 1e+00]
  GenCon coe range [1e+00, 1e+00]

Presolve added 6784 rows and 0 columns
Presolve removed 0 rows and 308348 columns
Presolve time: 0.08s
Presolved: 12311 rows, 14570 columns, 34415 nonzeros
Presolved model has 2762 SOS constraint(s)
Variable types: 0 continuous, 14570 integer (2012 binary)
Performing another presolve...
Presolve removed 5277 rows and 5277 columns
Presolve time: 0.05s

Root relaxation: objective 7.900000e+01, 6344 iterations, 0.03 seconds (0.03 work units)

    Nodes    |    Current Node    |     Objective Bounds      |     Work
 Expl Unexpl |  Obj  Depth IntInf | Incumbent    BestBd   Gap | It/Node Time

     0     0   79.00000    0 1750          -   79.00000      -     -    0s
     0     0   79.00000    0 1750          -   79.00000      -     -    0s
     0     2   79.00000    0 1750          -   79.00000      -     -    0s
H 3358  1477                     625.0000000   79.00000  87.4%   8.2    3s
  3660  1531  235.00000   16 1737  625.00000   79.00000  87.4%   9.8    5s
  9174  5581  547.00000  407  926  625.00000   79.00000  87.4%   7.5   10s
 16528 12607  547.00000  359 1045  625.00000  157.00000  74.9%   7.0   15s
 22070 17967  547.00000  428  788  625.00000  157.00000  74.9%   6.8   20s
 29926 25474  313.00000  277 1141  625.00000  157.00000  74.9%   6.6   25s
 37526 32738  547.00000  480  727  625.00000  157.00000  74.9%   6.5   30s
 45522 40191  313.00000  328 1050  625.00000  157.00000  74.9%   6.5   35s
 52688 47017  547.00000  361  987  625.00000  157.00000  74.9%   6.4   40s
 60606 54673  313.00000  213 1302  625.00000  157.00000  74.9%   6.4   45s
 68205 61751  469.00000  519  671  625.00000  157.00000  74.9%   6.4   50s
 75609 68552  313.00000  338 1051  625.00000  157.00000  74.9%   6.4   55s
 83043 75768  313.00000   84 1595  625.00000  157.00000  74.9%   6.3   60s
 87446 80152  391.00000  176 1366  625.00000  157.00000  74.9%   6.3   65s
 92792 85098  313.00000  258 1168  625.00000  157.00000  74.9%   6.3   70s
 98463 90329  313.00000  332 1051  625.00000  157.00000  74.9%   6.3   75s
 104946 96563  547.00000  387  940  625.00000  157.00000  74.9%   6.3   80s
 113374 104308  469.00000  352 1030  625.00000  157.00000  74.9%   6.3   85s
 121224 111900  313.00000  260 1183  625.00000  157.00000  74.9%   6.3   90s
 129691 119699  314.00000  211 1320  625.00000  157.00000  74.9%   6.3   95s
 137246 126948  236.00000   40 1684  625.00000  157.00000  74.9%   6.3  100s
 146250 135549  547.00000  443  857  625.00000  157.00000  74.9%   6.3  105s
 152455 141346  395.00000  306 1067  625.00000  157.00000  74.9%   6.3  110s
 159790 148403  470.00000  354 1020  625.00000  157.00000  74.9%   6.3  115s
 167882 156003  314.00000  312 1076  625.00000  157.00000  74.9%   6.3  120s
 175652 163430  313.00000  164 1385  625.00000  157.00000  74.9%   6.3  125s
 183299 170646  235.00000   33 1698  625.00000  157.00000  74.9%   6.3  130s
 190466 177578  469.00000  351 1035  625.00000  157.00000  74.9%   6.3  135s
 198495 185152  313.00000  313 1077  625.00000  157.00000  74.9%   6.3  140s
 206712 192714  313.00000  180 1355  625.00000  157.00000  74.9%   6.3  145s
 215092 200610  313.00000  101 1578  625.00000  157.00000  74.9%   6.3  150s
 222577 207847  547.00000  450  774  625.00000  157.00000  74.9%   6.3  155s
 230646 215367  314.00000  317 1076  625.00000  157.00000  74.9%   6.2  160s
 238864 223253  392.00000  209 1294  625.00000  157.00000  74.9%   6.2  165s
 246875 230801  314.00000  129 1488  625.00000  157.00000  74.9%   6.2  170s
 255080 238583  235.00000   36 1698  625.00000  157.00000  74.9%   6.2  175s
 263369 246480  469.00000  342 1070  625.00000  158.00000  74.7%   6.2  180s
 270930 253767  314.00000  299 1072  625.00000  158.00000  74.7%   6.2  185s
 278712 261039  313.00000  170 1362  625.00000  158.00000  74.7%   6.2  190s
 286646 268733  313.00000   64 1613  625.00000  158.00000  74.7%   6.2  195s
 294296 276091  547.00000  504  667  625.00000  158.00000  74.7%   6.2  200s
 302306 283539  391.00000  336 1059  625.00000  158.00000  74.7%   6.2  205s
 310625 291375  313.00000  272 1183  625.00000  160.00000  74.4%   6.2  210s
 319127 299644  313.00000  204 1343  625.00000  160.00000  74.4%   6.2  215s
 327277 307234  235.00000   28 1701  625.00000  160.00000  74.4%   6.2  220s
 334007 313800  391.00000  309 1064  625.00000  160.00000  74.4%   6.2  225s
 342410 321739  313.00000  322 1074  625.00000  160.00000  74.4%   6.2  230s
 350891 329900  313.00000  239 1276  625.00000  160.00000  74.4%   6.2  235s
 359594 338041  392.00000  124 1542  625.00000  161.00000  74.2%   6.2  240s
 367532 345789  547.00000  489  760  625.00000  161.00000  74.2%   6.2  245s
 375575 353556  313.00000  338 1050  625.00000  161.00000  74.2%   6.2  250s
 384039 361487  313.00000  109 1539  625.00000  161.00000  74.2%   6.2  255s
 392752 369716  313.00000  195 1317  625.00000  161.00000  74.2%   6.2  260s
 402478 378846  391.00000  226 1308  625.00000  235.00000  62.4%   6.2  265s
 409162 385241  547.00000  390  954  625.00000  235.00000  62.4%   6.2  270s
 417311 392794  313.00000  246 1189  625.00000  235.00000  62.4%   6.2  275s
 424767 399827  313.00000  279 1147  625.00000  235.00000  62.4%   6.2  280s
 432845 407355  391.00000  332 1076  625.00000  235.00000  62.4%   6.2  285s
 441438 415568  391.00000  204 1344  625.00000  235.00000  62.4%   6.2  290s
 449184 422955  235.00000   37 1692  625.00000  235.00000  62.4%   6.2  295s
 457540 430682  469.00000  172 1372  625.00000  235.00000  62.4%   6.2  300s
 465562 438232 infeasible  515       625.00000  235.00000  62.4%   6.2  305s
 473353 445599  313.00000  323 1095  625.00000  235.00000  62.4%   6.2  310s
 481234 453184  547.00000  523  655  625.00000  235.00000  62.4%   6.2  315s
 489056 460314  469.00000  356 1050  625.00000  235.00000  62.4%   6.2  320s
 496167 467095  313.00000  132 1518  625.00000  235.00000  62.4%   6.2  325s
 504248 474592  547.00000  512  695  625.00000  235.00000  62.4%   6.2  330s
 511944 481748  391.00000  355 1054  625.00000  235.00000  62.4%   6.2  335s
 519577 489095  313.00000  131 1531  625.00000  235.00000  62.4%   6.2  340s
 527314 496540  469.00000  455  903  625.00000  235.00000  62.4%   6.2  345s
 534506 503330  313.00000  156 1490  625.00000  235.00000  62.4%   6.2  350s
 542172 510539  547.00000  436  804  625.00000  235.00000  62.4%   6.2  355s
 549116 517122  391.00000  350 1039  625.00000  235.00000  62.4%   6.2  360s
 557191 524809  313.00000  281 1109  625.00000  235.00000  62.4%   6.2  365s
 565278 532388  314.00000  242 1229  625.00000  235.00000  62.4%   6.2  370s
 572967 539629  313.00000  197 1352  625.00000  235.00000  62.4%   6.2  375s
 581227 547540  236.00000   46 1681  625.00000  235.00000  62.4%   6.2  380s
 589500 555349  313.00000   90 1565  625.00000  235.00000  62.4%   6.2  385s
 597195 562670  469.00000  382  996  625.00000  235.00000  62.4%   6.2  390s
 605179 569987  316.00000  302 1112  625.00000  235.00000  62.4%   6.2  395s
 612974 577416  314.00000  143 1496  625.00000  235.00000  62.4%   6.2  400s
 620747 584797  547.00000  454  800  625.00000  235.00000  62.4%   6.2  405s
 628046 591565  391.00000  351 1044  625.00000  235.00000  62.4%   6.2  410s
 636409 599456  313.00000  301 1092  625.00000  235.00000  62.4%   6.2  415s
 644567 607199  391.00000   76 1582  625.00000  235.00000  62.4%   6.2  420s
 651824 614136  469.00000  359 1049  625.00000  235.00000  62.4%   6.2  425s
 659621 621500  391.00000  259 1197  625.00000  235.00000  62.4%   6.2  430s
 667118 628513  313.00000   58 1653  625.00000  235.00000  62.4%   6.2  435s
 674864 635865  391.00000  358 1039  625.00000  235.00000  62.4%   6.2  440s
 682796 643361  313.00000  315 1080  625.00000  235.00000  62.4%   6.2  445s
 691064 651163  314.00000  195 1352  625.00000  235.00000  62.4%   6.2  450s
 698471 658194  547.00000  444  868  625.00000  235.00000  62.4%   6.2  455s
 706113 665496  314.00000  332 1070  625.00000  235.00000  62.4%   6.2  460s
 713311 672165  313.00000  289 1125  625.00000  235.00000  62.4%   6.2  465s
 720736 679249  235.00000   45 1679  625.00000  235.00000  62.4%   6.2  470s
 726878 685141  469.00000  390  990  625.00000  235.00000  62.4%   6.2  475s
 734057 691865  314.00000  286 1110  625.00000  235.00000  62.4%   6.2  480s
 740238 697775  391.00000  320 1084  625.00000  235.00000  62.4%   6.2  485s
 747772 704999  313.00000  124 1530  625.00000  235.00000  62.4%   6.2  490s
 755240 712013  469.00000  347 1027  625.00000  235.00000  62.4%   6.2  495s
 762736 718948  313.00000  306 1102  625.00000  235.00000  62.4%   6.2  500s
 769812 725707  547.00000  521  661  625.00000  235.00000  62.4%   6.2  505s
 776722 732278  547.00000  502  734  625.00000  235.00000  62.4%   6.2  510s
 784383 739394  469.00000  427  904  625.00000  235.00000  62.4%   6.3  515s
 792269 746998  469.00000  311 1083  625.00000  235.00000  62.4%   6.3  520s
 799772 753977  391.00000  334 1056  625.00000  235.00000  62.4%   6.3  525s
 807209 761034  313.00000  182 1360  625.00000  235.00000  62.4%   6.3  530s
 813962 767507  547.00000  468  777  625.00000  235.00000  62.4%   6.3  535s
 821735 774857  470.00000  360 1021  625.00000  235.00000  62.4%   6.3  540s
 829487 782266  313.00000  182 1359  625.00000  235.00000  62.4%   6.3  545s
 837406 789710  547.00000  533  653  625.00000  235.00000  62.4%   6.3  550s
 845148 796911  470.00000  344 1034  625.00000  235.00000  62.4%   6.3  555s
 853240 804597  314.00000  274 1141  625.00000  235.00000  62.4%   6.3  560s
 860702 811521  313.00000  161 1395  625.00000  235.00000  62.4%   6.3  565s
 867957 818542  314.00000   75 1616  625.00000  235.00000  62.4%   6.3  570s
 875613 825663  469.00000  421  929  625.00000  235.00000  62.4%   6.3  575s
 881436 831364  391.00000  347 1075  625.00000  235.00000  62.4%   6.3  580s
 889106 838335  391.00000  340 1077  625.00000  235.00000  62.4%   6.3  585s
 896661 845450  313.00000  136 1525  625.00000  235.00000  62.4%   6.3  590s
 904336 852760  391.00000  171 1387  625.00000  235.00000  62.4%   6.3  595s
 912662 860328  547.00000  379  920  625.00000  235.00000  62.4%   6.3  600s
 919812 866990  469.00000  379  904  625.00000  235.00000  62.4%   6.3  605s
 927540 874065  313.00000  298 1122  625.00000  235.00000  62.4%   6.3  610s
 935615 881424  313.00000  270 1189  625.00000  235.00000  62.4%   6.3  615s
 943282 888562  547.00000  327 1028  625.00000  235.00000  62.4%   6.3  620s
 950056 894633  547.00000  372  923  625.00000  235.00000  62.4%   6.3  625s
 958094 901572  547.00000  482  649  625.00000  235.00000  62.4%   6.3  630s
 965593 908178  235.00000  249 1197  625.00000  235.00000  62.4%   6.3  635s
 973373 915181  391.00000  353 1031  625.00000  235.00000  62.4%   6.3  640s
 981254 922292  313.00000  188 1348  625.00000  235.00000  62.4%   6.3  645s
 988469 928748  313.00000  259 1188  625.00000  235.00000  62.4%   6.3  650s
 996398 936157  469.00000  385  955  625.00000  235.00000  62.4%   6.3  655s
 1004208 942901  391.00000  329 1066  625.00000  235.00000  62.4%   6.3  660s
 1010736 948897  391.00000  348 1040  625.00000  235.00000  62.4%   6.3  665s
 1016759 954238  235.00000   46 1675  625.00000  235.00000  62.4%   6.3  670s
 1021202 958546  313.00000  266 1179  625.00000  235.00000  62.4%   6.3  675s
 1028359 965007  391.00000  315 1089  625.00000  235.00000  62.4%   6.3  680s
 1033230 969397  391.00000  313 1101  625.00000  235.00000  62.4%   6.3  685s
 1040810 976369  469.00000  327 1068  625.00000  235.00000  62.4%   6.3  690s
 1048625 983546  470.00000  354 1022  625.00000  235.00000  62.4%   6.3  695s
 1056853 991001  313.00000  324 1083  625.00000  235.00000  62.4%   6.3  700s
 1064338 998007  313.00000  177 1354  625.00000  235.00000  62.4%   6.3  705s
 1072466 1005512  391.00000  361 1021  625.00000  235.00000  62.4%   6.3  710s
 1080344 1012794  469.00000  347 1009  625.00000  235.00000  62.4%   6.3  715s
 1088435 1019961  547.00000  371  974  625.00000  235.00000  62.4%   6.3  720s
 1096083 1027190  469.00000  408  908  625.00000  235.00000  62.4%   6.3  725s
 1104273 1034591  547.00000  442  868  625.00000  235.00000  62.4%   6.4  730s
 1112435 1041854  313.00000  277 1159  625.00000  235.00000  62.4%   6.4  735s
 1120638 1049682  547.00000  474  782  625.00000  235.00000  62.4%   6.4  740s
 1128203 1056686  547.00000  412  903  625.00000  235.00000  62.4%   6.4  745s
 1136349 1063918  313.00000  297 1105  625.00000  235.00000  62.4%   6.4  750s
 1144525 1071003  547.00000  542  706  625.00000  235.00000  62.4%   6.4  755s
 1151970 1077985  391.00000  344 1022  625.00000  235.00000  62.4%   6.4  760s
 1160033 1085392  469.00000  405  923  625.00000  235.00000  62.4%   6.4  765s
 1167210 1092069  313.00000  215 1286  625.00000  235.00000  62.4%   6.4  770s
 1175570 1099591  547.00000  383  962  625.00000  235.00000  62.4%   6.4  775s
 1183293 1106868  313.00000   46 1680  625.00000  235.00000  62.4%   6.4  780s
 1191589 1114617  547.00000  400  969  625.00000  235.00000  62.4%   6.4  785s
 1198764 1121200  469.00000  337 1047  625.00000  235.00000  62.4%   6.4  790s
 1206605 1128596  470.00000  363 1038  625.00000  235.00000  62.4%   6.4  795s
 1214910 1136078  470.00000  407  905  625.00000  235.00000  62.4%   6.4  800s
 1223262 1143568  313.00000  252 1177  625.00000  235.00000  62.4%   6.4  805s
 1231555 1151221  313.00000  204 1348  625.00000  235.00000  62.4%   6.4  810s
 1240077 1159109  314.00000  110 1540  625.00000  235.00000  62.4%   6.4  815s
 1247567 1165907  547.00000  341 1034  625.00000  235.00000  62.4%   6.4  820s
 1255604 1173145  391.00000  335 1061  625.00000  235.00000  62.4%   6.4  825s
 1263515 1180629  469.00000  325 1033  625.00000  235.00000  62.4%   6.4  830s
 1271652 1188157  391.00000  254 1197  625.00000  235.00000  62.4%   6.4  835s
 1279294 1195218  391.00000  330 1057  625.00000  235.00000  62.4%   6.4  840s
 1286387 1201731  547.00000  406  823  625.00000  235.00000  62.4%   6.4  845s
 1293637 1208497  391.00000  339 1037  625.00000  235.00000  62.4%   6.4  850s
 1301552 1215725  469.00000  439  887  625.00000  235.00000  62.4%   6.4  855s
 1309393 1223176  313.00000  320 1071  625.00000  235.00000  62.4%   6.4  860s
 1317110 1230267  313.00000  118 1517  625.00000  235.00000  62.4%   6.4  865s
 1324484 1237343  548.00000  381  993  625.00000  235.00000  62.4%   6.4  870s
 1331518 1243854  313.00000  182 1367  625.00000  235.00000  62.4%   6.4  875s
 1339231 1250951  547.00000  498  788  625.00000  235.00000  62.4%   6.4  880s
 1346106 1257346  547.00000  482  764  625.00000  235.00000  62.4%   6.4  885s
 1353492 1264223  313.00000  193 1324  625.00000  235.00000  62.4%   6.4  890s
 1361644 1271833  547.00000  445  768  625.00000  235.00000  62.4%   6.4  895s
 1369452 1279044  470.00000  353 1052  625.00000  235.00000  62.4%   6.4  900s
 1377467 1286489  313.00000  194 1334  625.00000  235.00000  62.4%   6.4  905s
 1383303 1292036  547.00000  409  850  625.00000  235.00000  62.4%   6.4  910s
 1390973 1299110  313.00000  333 1062  625.00000  235.00000  62.4%   6.4  915s
 1398568 1306243  391.00000  139 1504  625.00000  235.00000  62.4%   6.4  920s
 1406231 1313517  469.00000  257 1180  625.00000  235.00000  62.4%   6.4  925s
 1414216 1320749  313.00000  196 1344  625.00000  235.00000  62.4%   6.4  930s
 1421563 1327647  547.00000  434  907  625.00000  235.00000  62.4%   6.4  935s
 1429342 1334942  313.00000  333 1061  625.00000  235.00000  62.4%   6.4  940s
 1436721 1341729  391.00000  110 1529  625.00000  235.00000  62.4%   6.4  945s
 1444201 1348686 infeasible  529       625.00000  235.00000  62.4%   6.4  950s
 1451243 1355265  313.00000   82 1576  625.00000  235.00000  62.4%   6.4  955s
 1458735 1362171  313.00000  206 1334  625.00000  235.00000  62.4%   6.4  960s
 1464993 1368058  547.00000  427  909  625.00000  235.00000  62.4%   6.4  965s
 1473350 1375726  391.00000  351 1048  625.00000  235.00000  62.4%   6.4  970s
 1481575 1383527  313.00000  302 1100  625.00000  235.00000  62.4%   6.4  975s
 1490021 1391449  313.00000  333 1039  625.00000  235.00000  62.4%   6.4  980s
 1497853 1398744  313.00000  117 1511  625.00000  235.00000  62.4%   6.4  985s
 1505753 1406115  391.00000  135 1495  625.00000  235.00000  62.4%   6.4  990s
 1512870 1413058  313.00000  104 1572  625.00000  235.00000  62.4%   6.4  995s
 1520725 1420309  547.00000  478  791  625.00000  235.00000  62.4%   6.4 1000s
 1528799 1427981  469.00000  398  961  625.00000  235.00000  62.4%   6.4 1005s
 1536675 1435269  313.00000  300 1131  625.00000  235.00000  62.4%   6.4 1010s
 1544128 1442251  547.00000  501  662  625.00000  235.00000  62.4%   6.4 1015s
 1552084 1449888  469.00000  435  897  625.00000  235.00000  62.4%   6.4 1020s
 1559184 1456748  313.00000  190 1349  625.00000  235.00000  62.4%   6.4 1025s
 1567235 1464096  313.00000   74 1606  625.00000  235.00000  62.4%   6.4 1030s
 1574819 1471317  547.00000  415  929  625.00000  235.00000  62.4%   6.4 1035s
 1582476 1478512  391.00000  334 1056  625.00000  235.00000  62.4%   6.4 1040s
 1590182 1485865  313.00000  139 1481  625.00000  235.00000  62.4%   6.4 1045s
 1597379 1492594  313.00000  336 1045  625.00000  235.00000  62.4%   6.4 1050s
 1605057 1499796  313.00000  203 1321  625.00000  235.00000  62.4%   6.4 1055s
 1611895 1506043  313.00000  124 1524  625.00000  235.00000  62.4%   6.4 1060s
 1616562 1510859  469.00000  388  949  625.00000  235.00000  62.4%   6.4 1065s
 1623742 1517506  313.00000  113 1531  625.00000  235.00000  62.4%   6.4 1070s
 1631483 1524782  547.00000  428  916  625.00000  235.00000  62.4%   6.4 1075s
 1639142 1532118  313.00000  334 1068  625.00000  235.00000  62.4%   6.4 1080s
 1647274 1539658  313.00000  179 1382  625.00000  235.00000  62.4%   6.4 1085s
 1654722 1546705  469.00000  393  969  625.00000  235.00000  62.4%   6.4 1090s
 1662234 1553720  313.00000  263 1184  625.00000  235.00000  62.4%   6.4 1095s
 1669904 1560972  313.00000   54 1665  625.00000  235.00000  62.4%   6.4 1100s
 1677763 1568513  547.00000  396  973  625.00000  235.00000  62.4%   6.4 1105s
 1685368 1575722  391.00000  332 1080  625.00000  235.00000  62.4%   6.4 1110s
 1692865 1582720  470.00000  315 1069  625.00000  235.00000  62.4%   6.4 1115s
 1701279 1590432  547.00000  509  738  625.00000  235.00000  62.4%   6.4 1120s
 1708778 1597586  548.00000  349 1054  625.00000  235.00000  62.4%   6.4 1125s
 1715833 1604335  313.00000  177 1354  625.00000  235.00000  62.4%   6.4 1130s
 1723631 1611487  391.00000  346 1036  625.00000  235.00000  62.4%   6.4 1135s
 1731960 1619099  313.00000   58 1655  625.00000  235.00000  62.4%   6.4 1140s
 1739153 1625969  547.00000  457  821  625.00000  235.00000  62.4%   6.4 1145s
 1747407 1633436  391.00000  337 1034  625.00000  235.00000  62.4%   6.4 1150s
 1755188 1640729  391.00000  247 1202  625.00000  235.00000  62.4%   6.4 1155s
 1763373 1648089  391.00000  259 1157  625.00000  235.00000  62.4%   6.4 1160s
 1772403 1656472  313.00000  208 1317  625.00000  235.00000  62.4%   6.4 1165s
 1780347 1663890  547.00000  417  837  625.00000  235.00000  62.4%   6.4 1170s
 1788684 1671418  313.00000  311 1104  625.00000  235.00000  62.4%   6.4 1175s
 1796552 1678813  547.00000  398  922  625.00000  235.00000  62.4%   6.4 1180s
 1804602 1686020  547.00000  363  997  625.00000  235.00000  62.4%   6.4 1185s
 1812976 1693705  469.00000  335 1061  625.00000  235.00000  62.4%   6.4 1190s
 1821003 1701246  313.00000  282 1131  625.00000  235.00000  62.4%   6.4 1195s
 1829095 1708565  547.00000  483  721  625.00000  235.00000  62.4%   6.4 1200s
 1836985 1715743  469.00000  403  928  625.00000  235.00000  62.4%   6.4 1205s
 1845265 1723409  392.00000  272 1118  625.00000  235.00000  62.4%   6.4 1210s
 1852923 1730480  547.00000  350 1033  625.00000  235.00000  62.4%   6.4 1215s
 1860510 1737560  391.00000  211 1308  625.00000  235.00000  62.4%   6.4 1220s
 1868709 1744929  547.00000  424  849  625.00000  235.00000  62.4%   6.4 1225s
 1875714 1751422  547.00000  389  977  625.00000  235.00000  62.4%   6.4 1230s
 1883680 1758696  391.00000  347 1063  625.00000  235.00000  62.4%   6.4 1235s
 1891716 1766007  391.00000  335 1106  625.00000  235.00000  62.4%   6.4 1240s
 1898941 1772496  313.00000  324 1089  625.00000  235.00000  62.4%   6.4 1245s
 1907380 1780443  391.00000  295 1096  625.00000  235.00000  62.4%   6.4 1250s
 1914761 1787379  469.00000  325 1060  625.00000  235.00000  62.4%   6.4 1255s
 1922962 1795085  470.00000  361 1027  625.00000  235.00000  62.4%   6.4 1260s
 1929198 1800820  391.00000   90 1592  625.00000  235.00000  62.4%   6.4 1265s
 1934338 1805608  313.00000  213 1336  625.00000  235.00000  62.4%   6.4 1270s
 1939956 1811076  313.00000  346 1056  625.00000  235.00000  62.4%   6.4 1275s
 1947136 1817751  391.00000  354 1060  625.00000  235.00000  62.4%   6.4 1280s
 1955758 1825615  547.00000  486  678  625.00000  235.00000  62.4%   6.4 1285s
 1962472 1831901  547.00000  505  689  625.00000  235.00000  62.4%   6.4 1290s
 1970570 1839445  313.00000  171 1361  625.00000  235.00000  62.4%   6.4 1295s
 1978593 1846957  547.00000  470  766  625.00000  235.00000  62.4%   6.4 1300s
 1986262 1854109  313.00000  336 1042  625.00000  235.00000  62.4%   6.4 1305s
 1994169 1861408  391.00000  157 1475  625.00000  235.00000  62.4%   6.4 1310s
 2000980 1867993  547.00000  463  822  625.00000  235.00000  62.4%   6.4 1315s
 2009089 1875433  313.00000  227 1257  625.00000  235.00000  62.4%   6.4 1320s
 2016657 1882485  547.00000  495  751  625.00000  235.00000  62.4%   6.4 1325s
 2024901 1890156  469.00000  383  977  625.00000  235.00000  62.4%   6.4 1330s
 2032388 1896983  313.00000  344 1041  625.00000  235.00000  62.4%   6.4 1335s
 2040100 1904371  313.00000  253 1176  625.00000  235.00000  62.4%   6.4 1340s
 2047404 1911128  547.00000  465  790  625.00000  235.00000  62.4%   6.4 1345s
 2054887 1918126  391.00000  326 1079  625.00000  235.00000  62.4%   6.4 1350s
 2062160 1924911  313.00000   82 1613  625.00000  235.00000  62.4%   6.4 1355s
 2070094 1932252  547.00000  476  752  625.00000  235.00000  62.4%   6.4 1360s
 2075256 1940274  391.00000   66 1626  625.00000  235.00000  62.4%   6.4 1369s
 2079256 1941076  547.00000  516  728  625.00000  235.00000  62.4%   6.4 1370s
 2087739 1948495  391.00000  354 1021  625.00000  235.00000  62.4%   6.4 1375s
 2095562 1955874  469.00000  248 1258  625.00000  235.00000  62.4%   6.4 1380s
 2103423 1963051  391.00000  298 1161  625.00000  235.00000  62.4%   6.4 1385s
 2110542 1969635  313.00000  266 1162  625.00000  235.00000  62.4%   6.4 1390s
 2117761 1976427  469.00000  340 1046  625.00000  235.00000  62.4%   6.4 1395s
 2125841 1984040  391.00000  332 1073  625.00000  235.00000  62.4%   6.4 1400s
 2133548 1991220  469.00000  321 1027  625.00000  235.00000  62.4%   6.4 1405s
 2141617 1998776  391.00000  308 1110  625.00000  235.00000  62.4%   6.4 1410s
 2149402 2006027  391.00000  346 1050  625.00000  235.00000  62.4%   6.4 1415s
 2157421 2013470  547.00000  333 1064  625.00000  235.00000  62.4%   6.4 1420s
 2165162 2020555  391.00000  359 1028  625.00000  235.00000  62.4%   6.4 1425s
 2172939 2027893  391.00000  352 1049  625.00000  235.00000  62.4%   6.4 1430s
 2180413 2034711  313.00000  119 1513  625.00000  235.00000  62.4%   6.4 1435s
 2188431 2042146  547.00000  466  822  625.00000  235.00000  62.4%   6.4 1440s
 2196431 2049398  313.00000  208 1323  625.00000  235.00000  62.4%   6.4 1445s
 2203945 2056480  391.00000  215 1275  625.00000  235.00000  62.4%   6.4 1450s
 2211865 2063761  313.00000   77 1588  625.00000  235.00000  62.4%   6.4 1455s
 2219759 2071069  313.00000   72 1605  625.00000  235.00000  62.4%   6.4 1460s
 2227448 2078227  469.00000  361 1013  625.00000  235.00000  62.4%   6.4 1465s
 2234915 2085205  391.00000  211 1328  625.00000  235.00000  62.4%   6.4 1470s
 2242765 2092634  313.00000  164 1474  625.00000  235.00000  62.4%   6.4 1475s
 2250584 2099804 infeasible  465       625.00000  235.00000  62.4%   6.4 1480s
 2257699 2106724  547.00000  321 1044  625.00000  235.00000  62.4%   6.4 1485s
 2266103 2114474  469.00000  348 1058  625.00000  235.00000  62.4%   6.4 1490s
 2273282 2121250  391.00000  351 1038  625.00000  235.00000  62.4%   6.4 1495s
 2280996 2128270  391.00000  361 1022  625.00000  235.00000  62.4%   6.4 1500s
 2289124 2135879  469.00000  359 1068  625.00000  235.00000  62.4%   6.4 1505s
 2296733 2142988  469.00000  354 1028  625.00000  235.00000  62.4%   6.4 1510s
 2304063 2149689  547.00000  367 1018  625.00000  235.00000  62.4%   6.4 1515s
 2312285 2157271  547.00000  475  753  625.00000  235.00000  62.4%   6.4 1520s
 2320513 2164847  392.00000  210 1309  625.00000  235.00000  62.4%   6.4 1525s
 2328648 2172301  391.00000  344 1024  625.00000  235.00000  62.4%   6.4 1530s
 2336790 2180005  314.00000  343 1054  625.00000  235.00000  62.4%   6.4 1535s
 2344345 2187078  313.00000  116 1513  625.00000  235.00000  62.4%   6.4 1540s
 2352037 2194406  469.00000  439  920  625.00000  235.00000  62.4%   6.4 1545s
 2359938 2201516  469.00000  326 1106  625.00000  235.00000  62.4%   6.4 1550s
 2367726 2208885  392.00000  345 1059  625.00000  235.00000  62.4%   6.4 1555s
 2375987 2216340  314.00000  194 1347  625.00000  235.00000  62.4%   6.4 1560s
 2383273 2223019 infeasible  518       625.00000  235.00000  62.4%   6.4 1565s
 2390542 2229919  469.00000  361 1016  625.00000  235.00000  62.4%   6.4 1570s
 2398863 2237574  547.00000  497  713  625.00000  235.00000  62.4%   6.4 1575s
 2406234 2244467  547.00000  423  889  625.00000  235.00000  62.4%   6.4 1580s
 2413562 2251300  313.00000  232 1247  625.00000  235.00000  62.4%   6.4 1585s
 2421573 2258729  313.00000  108 1547  625.00000  235.00000  62.4%   6.4 1590s
 2429747 2266254  547.00000  514  682  625.00000  235.00000  62.4%   6.4 1595s
 2438132 2274129  391.00000   97 1556  625.00000  235.00000  62.4%   6.4 1600s
 2446057 2281376  313.00000  277 1135  625.00000  235.00000  62.4%   6.4 1605s
 2453761 2288549 infeasible  538       625.00000  235.00000  62.4%   6.4 1610s
 2462174 2296399  547.00000  487  752  625.00000  235.00000  62.4%   6.4 1615s
 2470029 2303712  313.00000  345 1042  625.00000  235.00000  62.4%   6.4 1620s
 2477534 2310699  547.00000  447  796  625.00000  235.00000  62.4%   6.4 1625s
 2485455 2317991  313.00000  256 1196  625.00000  235.00000  62.4%   6.4 1630s
 2492724 2324898  313.00000  255 1184  625.00000  235.00000  62.4%   6.4 1635s
 2500254 2331845  469.00000  369 1019  625.00000  235.00000  62.4%   6.4 1640s
 2508456 2339278  313.00000  329 1067  625.00000  235.00000  62.4%   6.4 1645s
 2516348 2346635  391.00000  191 1373  625.00000  235.00000  62.4%   6.4 1650s
 2524774 2354496  391.00000  274 1195  625.00000  235.00000  62.4%   6.4 1655s
 2533299 2362268  547.00000  363  987  625.00000  235.00000  62.4%   6.4 1660s
 2540672 2369055  313.00000  295 1110  625.00000  235.00000  62.4%   6.4 1665s
 2544873 2372841  547.00000  414  887  625.00000  235.00000  62.4%   6.4 1670s
 2550673 2378427  547.00000  368 1020  625.00000  235.00000  62.4%   6.4 1675s
 2558739 2385818  391.00000  348 1055  625.00000  235.00000  62.4%   6.4 1680s
 2566800 2393499  470.00000  327 1080  625.00000  235.00000  62.4%   6.4 1685s
 2573835 2400078  313.00000   64 1611  625.00000  235.00000  62.4%   6.4 1690s
 2581795 2407620  547.00000  469  798  625.00000  235.00000  62.4%   6.4 1695s
 2590319 2415264  313.00000   54 1675  625.00000  235.00000  62.4%   6.4 1700s
 2598116 2422628  547.00000  419  918  625.00000  235.00000  62.4%   6.4 1705s
 2605756 2429909  469.00000  370 1034  625.00000  235.00000  62.4%   6.4 1710s
 2614083 2437673  547.00000  492  677  625.00000  235.00000  62.4%   6.4 1715s
 2622371 2445344  313.00000  322 1079  625.00000  235.00000  62.4%   6.4 1720s
 2629582 2452002  391.00000  341 1035  625.00000  235.00000  62.4%   6.4 1725s
 2637709 2459650  313.00000  268 1135  625.00000  235.00000  62.4%   6.4 1730s
 2645310 2466618  547.00000  499  705  625.00000  235.00000  62.4%   6.4 1735s
 2652457 2473221  547.00000  529  601  625.00000  235.00000  62.4%   6.4 1740s
 2660688 2480956  391.00000  133 1486  625.00000  235.00000  62.4%   6.4 1745s
 2668774 2488472  313.00000  196 1324  625.00000  235.00000  62.4%   6.4 1750s
 2676756 2495882  313.00000  111 1503  625.00000  235.00000  62.4%   6.4 1755s
 2684598 2503220  469.00000  406  872  625.00000  235.00000  62.4%   6.4 1760s
 2691691 2509796 infeasible  515       625.00000  235.00000  62.4%   6.4 1765s
 2700015 2517640  313.00000  102 1528  625.00000  235.00000  62.4%   6.4 1770s
 2707846 2525102  313.00000  110 1537  625.00000  235.00000  62.4%   6.4 1775s
 2714979 2531706  547.00000  466  748  625.00000  235.00000  62.4%   6.4 1780s
 2722530 2538632 infeasible  511       625.00000  235.00000  62.4%   6.4 1785s
 2729754 2545333  313.00000  217 1275  625.00000  235.00000  62.4%   6.4 1790s
 2737754 2552680  469.00000  327 1037  625.00000  235.00000  62.4%   6.4 1795s
 2745864 2560001  391.00000  176 1404  625.00000  235.00000  62.4%   6.4 1800s

Explored 2745996 nodes (17613377 simplex iterations) in 1800.05 seconds (2463.42 work units)
Thread count was 8 (of 8 available processors)

Solution count 1: 625 

Time limit reached
Best objective 6.250000000000e+02, best bound 2.350000000000e+02, gap 62.4000%
! --------------------------------------------------------
! Status: FEASIBLE (time limit reached)
! Best span = 625
! Labeling: 313 1 235 235 547 79 1 79 79 313 391 547 313 625 1 79 79 1 391 1 1 625 1 1 313 469 79 1 1 1 391 79 391 469 79 79 79 1 1 313 1 157 469 157 157 313 157 79 79 391 1 79 235 547 469 1 1 157 157 625 1 313 1 235 313 1 624 79 313 79 313 1 79 79 79 1 625 79 235 469 1 157 79 1 235 157 547 157 157 157 1 79 391 235 313 1 391 235 157 79 547 1 391 1 313 547 1 313 79 157 157 157 1 1 1 79 1 157 391 79 313 79 235 313 235 1 391 157 235 235 157 547 235 469 625 157 1 391 1 313 79 1 157 79 157 235 157 79 157 157 157 625 79 235 235 313 79 1 235 79 547 469 79 235 469 79 235 313 625 157 625 469 235 391 157 391 79 235 235 391 313 79 157 79 79 79 79 79 235 157 391 1 157 157 469 235 235 235 235 79 157 547 157 313 79 1 235 547 313 157 157 547 235 1 235 625 313 625 235 625 1 1 235 235 1 235 313 625 235 235 79 79 235 313 313 1 469 79 313 391 235 235 157 625 1 79 313 391 235 157 1 313 157 391 313 391 1 469 235 79 1 157 157 625 625 157 469 235 469 625 313 469 79 235 469 79 79 391 469 1 235 157 391 235 235 1 235 157 313 391 313 235 391 157 235 235 79 391 313 313 79 1 469 391 157 157 157 1 1 235 235 469 1 625 313 157 235 1 79 391 235 235 391 547 469 547 313 157 313 235 391 157 313 547 313 157 157 1 157 79 313 469 469 157 313 313 235 157 157 469 1 469 1 313 157 625 391 79 313 391 625 547 391 79 157 157 313 547 79 79 547 313 313 157 547 469 313 157 157 79 625 391 79 469 313 469 469 625 547 235 79 313 235 547 1 157 313 313 79 79 235 313 391 1 157 157 313 1 469 313 1 235 1 313 625 313 391 313 1 235 79 1 313 391 235 1 625 79 1 235 391 469 625 625 235 157 79 1 313 547 79 1 391 157 157 235 79 391 625 1 391 235 235 469 79 391 469 625 1 391 391 391 547 313 313 79 391 391 1 391 625 547 469 79 157 157 547 79 313 625 157 625 391 391 1 469 235 469 1 313 625 157 391 625 625 235 1 625 235 313 1 235 469 
! --------------------------------------------------------
! All verification passed
