! Solving for graph /home/truongxuanhieu/Gurobi-for-MinSpanLabeling/benchmarks/abp/U-662_bus.mtx.rnd
! Target value is set to 275
! Lower bound is set to 276
! Upper bound is set to 828
! Time limit is set to 1800
! Vertices mode is set to Has hole
! Target value mode is set to Antibandwidth
Set parameter WLSAccessID
Set parameter WLSSecret
Set parameter LicenseID to value 2663665
Academic license 2663665 - for non-commercial use only - registered to tu___@vnu.edu.vn
Set parameter OutputFlag to value 1
Set parameter TimeLimit to value 1800
Gurobi Optimizer version 13.0.2 build v13.0.2rc1 (linux64 - "Debian GNU/Linux 12 (bookworm)")

CPU model: AMD EPYC 7B12, instruction set [SSE2|AVX|AVX2]
Thread count: 4 physical cores, 8 logical processors, using up to 8 threads

Non-default parameters:
TimeLimit  1800

Academic license 2663665 - for non-commercial use only - registered to tu___@vnu.edu.vn
Optimize a model with 1815 rows, 551273 columns and 4949 nonzeros (Min)
Model fingerprint: 0x720eceda
Model has 1 linear objective coefficients
Model has 2230 simple general constraints
  906 ABS, 1324 INDICATOR
Variable types: 0 continuous, 551273 integer (548798 binary)
Coefficient statistics:
  Matrix range     [1e+00, 1e+00]
  Objective range  [1e+00, 1e+00]
  Bounds range     [1e+00, 8e+02]
  RHS range        [1e+00, 4e+02]
  GenCon rhs range [1e+00, 1e+00]
  GenCon coe range [1e+00, 1e+00]

Presolve added 6200 rows and 0 columns
Presolve removed 0 rows and 543014 columns
Presolve time: 0.11s
Presolved: 8015 rows, 8259 columns, 20732 nonzeros
Presolved model has 906 SOS constraint(s)
Variable types: 0 continuous, 8259 integer (2648 binary)
Found heuristic solution: objective 828.0000000
Found heuristic solution: objective 827.0000000
Performing another presolve...
Presolve removed 4216 rows and 4216 columns
Presolve time: 0.03s

Root relaxation: objective 2.760000e+02, 2458 iterations, 0.01 seconds (0.01 work units)

    Nodes    |    Current Node    |     Objective Bounds      |     Work
 Expl Unexpl |  Obj  Depth IntInf | Incumbent    BestBd   Gap | It/Node Time

     0     0  276.00000    0  609  827.00000  276.00000  66.6%     -    0s
H    0     0                     826.0000000  276.00000  66.6%     -    0s
     0     0  276.00000    0  605  826.00000  276.00000  66.6%     -    0s
     0     0  276.00000    0  605  826.00000  276.00000  66.6%     -    0s
     0     2  276.00000    0  605  826.00000  276.00000  66.6%     -    0s
 11913  9790  551.00000  347   35  826.00000  276.00000  66.6%   5.0    5s
 26451 23702  551.00000  355   26  826.00000  276.00000  66.6%   6.0   10s
 41175 37745  276.00000   73  521  826.00000  276.00000  66.6%   5.8   15s
 57198 52514  551.00000  348   40  826.00000  276.00000  66.6%   5.9   20s
 72796 67239  551.00000  131  420  826.00000  276.00000  66.6%   5.8   25s
 89173 83381  551.00000  335   40  826.00000  276.00000  66.6%   5.7   30s
 103112 95025  551.00000  334   42  826.00000  276.00000  66.6%   5.5   35s
 114441 105915  551.00000  244  212  826.00000  276.00000  66.6%   5.5   40s
 126992 117489  551.00000  338   60  826.00000  276.00000  66.6%   5.4   45s
 143657 132722  551.00000  226  232  826.00000  276.00000  66.6%   5.3   50s
 160534 148373  551.00000  164  381  826.00000  276.00000  66.6%   5.2   55s
 176684 163190  551.00000  159  382  826.00000  276.00000  66.6%   5.2   60s
 194254 180011  551.00000  129  411  826.00000  276.00000  66.6%   5.2   65s
 209155 193592  551.00000  247  185  826.00000  276.00000  66.6%   5.3   70s
 227587 210416  551.00000  203  328  826.00000  276.00000  66.6%   5.2   75s
 242845 224816  551.00000  308  107  826.00000  276.00000  66.6%   5.3   80s
 258486 239211  551.00000  246  195  826.00000  276.00000  66.6%   5.2   85s
 276612 256365  551.00000  292  121  826.00000  276.00000  66.6%   5.2   90s
 293376 271478  551.00000  342   42  826.00000  276.00000  66.6%   5.1   95s
 311989 288637  551.00000  233  239  826.00000  276.00000  66.6%   5.0  100s
 330033 305358  276.00000  101  468  826.00000  276.00000  66.6%   4.9  105s
 345057 319628  551.00000  323   73  826.00000  276.00000  66.6%   4.9  110s
 361107 334697  551.00000  230  213  826.00000  276.00000  66.6%   5.0  115s
 376722 349136  551.00000  146  397  826.00000  276.00000  66.6%   5.1  120s
 392558 363791  551.00000  114  440  826.00000  276.00000  66.6%   5.1  125s
 410379 379351  551.00000  194  318  826.00000  276.00000  66.6%   5.0  130s
 426472 395170  551.00000   83  486  826.00000  276.00000  66.6%   5.0  135s
 440478 408150  551.00000  123  426  826.00000  276.00000  66.6%   5.0  140s
 459554 425452  551.00000  245  181  826.00000  276.00000  66.6%   5.0  145s
 477039 442899  551.00000  313  105  826.00000  276.00000  66.6%   5.0  150s
 492231 455989  551.00000  305  103  826.00000  276.00000  66.6%   5.0  155s
 508913 471322  551.00000  153  391  826.00000  276.00000  66.6%   5.0  160s
 525377 486548  551.00000  212  296  826.00000  276.00000  66.6%   5.0  165s
 544468 504039  551.00000   69  514  826.00000  276.00000  66.6%   4.9  170s
 560607 518679  551.00000  236  187  826.00000  276.00000  66.6%   4.9  175s
 577512 534478  551.00000  184  357  826.00000  276.00000  66.6%   4.9  180s
 594107 550149  551.00000  274  146  826.00000  276.00000  66.6%   4.9  185s
 612397 566975  551.00000  297  121  826.00000  276.00000  66.6%   4.8  190s
 629984 583400  551.00000  127  444  826.00000  276.00000  66.6%   4.8  195s
 646942 599103  551.00000  232  245  826.00000  276.00000  66.6%   4.8  200s
 665155 615654  551.00000  162  384  826.00000  276.00000  66.6%   4.8  205s
 681473 630630  551.00000  227  271  826.00000  276.00000  66.6%   4.8  210s
 698620 646886  276.00000   95  481  826.00000  276.00000  66.6%   4.7  215s
 715155 662259  551.00000  169  357  826.00000  276.00000  66.6%   4.7  220s
 729907 677468  551.00000  137  419  826.00000  276.00000  66.6%   4.7  225s
 747514 692265  551.00000  258  171  826.00000  276.00000  66.6%   4.7  230s
 764798 708194  551.00000  285  130  826.00000  276.00000  66.6%   4.7  235s
 782309 724265  551.00000  164  377  826.00000  276.00000  66.6%   4.7  240s
 796959 737832  551.00000  101  440  826.00000  276.00000  66.6%   4.7  245s
 815124 754610  551.00000  192  317  826.00000  276.00000  66.6%   4.7  250s
 829952 768765  551.00000  267  157  826.00000  276.00000  66.6%   4.7  255s
 849340 786248  551.00000  310  106  826.00000  276.00000  66.6%   4.7  260s
 865150 800898  551.00000  266  164  826.00000  276.00000  66.6%   4.7  265s
 884361 818864  551.00000  199  322  826.00000  276.00000  66.6%   4.7  270s
 899002 832291  551.00000  269  157  826.00000  276.00000  66.6%   4.6  275s
 917746 848859  551.00000  190  335  826.00000  276.00000  66.6%   4.6  280s
 934896 865190  551.00000  286  126  826.00000  276.00000  66.6%   4.6  285s
 952530 881580  551.00000  301  105  826.00000  276.00000  66.6%   4.6  290s
 968656 896247  551.00000  200  309  826.00000  276.00000  66.6%   4.6  295s
 985606 911598  551.00000  105  427  826.00000  276.00000  66.6%   4.6  300s
 1003920 928741  551.00000  248  177  826.00000  276.00000  66.6%   4.6  305s
 1019363 942758  551.00000  252  175  826.00000  276.00000  66.6%   4.6  310s
 1038037 959947  551.00000  335   65  826.00000  276.00000  66.6%   4.6  315s
 1055102 974943  551.00000  222  259  826.00000  276.00000  66.6%   4.6  320s
 1072007 991136  551.00000  200  288  826.00000  276.00000  66.6%   4.5  325s
 1090918 1008393  551.00000  249  182  826.00000  276.00000  66.6%   4.5  330s
 1105875 1022209  551.00000  148  388  826.00000  276.00000  66.6%   4.5  335s
 1125736 1040795  551.00000  260  175  826.00000  276.00000  66.6%   4.5  340s
 1142316 1055887  551.00000  334   31  826.00000  276.00000  66.6%   4.5  345s
 1159310 1071722  551.00000  294  123  826.00000  276.00000  66.6%   4.5  350s
 1178509 1089180  551.00000  361   18  826.00000  276.00000  66.6%   4.5  355s
 1195421 1104868  551.00000  287  121  826.00000  276.00000  66.6%   4.5  360s
 1210058 1117778  551.00000  146  396  826.00000  276.00000  66.6%   4.4  365s
 1228296 1134854  551.00000  198  303  826.00000  276.00000  66.6%   4.4  370s
 1247195 1152259  551.00000  285  122  826.00000  276.00000  66.6%   4.4  375s
 1263104 1167055  551.00000  118  435  826.00000  276.00000  66.6%   4.4  380s
 1279511 1182294  551.00000  267  163  826.00000  276.00000  66.6%   4.4  385s
 1294704 1195856  551.00000  351   38  826.00000  276.00000  66.6%   4.4  390s
 1312778 1213102  551.00000  335   40  826.00000  276.00000  66.6%   4.4  395s
 1331360 1229384  551.00000  241  222  826.00000  276.00000  66.6%   4.4  400s
 1346723 1244265  551.00000  169  359  826.00000  276.00000  66.6%   4.4  405s
 1361205 1257660  551.00000  301  119  826.00000  276.00000  66.6%   4.4  410s
 1379278 1274546  551.00000  273  153  826.00000  276.00000  66.6%   4.4  415s
 1399038 1292796  551.00000  250  169  826.00000  276.00000  66.6%   4.4  420s
 1416777 1309047  551.00000  153  385  826.00000  276.00000  66.6%   4.4  425s
 1433065 1324175  551.00000  165  364  826.00000  276.00000  66.6%   4.4  430s
 1448568 1338727  551.00000  301   82  826.00000  276.00000  66.6%   4.4  435s
 1466183 1354174  276.00000   84  498  826.00000  276.00000  66.6%   4.4  440s
 1481704 1369014  551.00000  185  346  826.00000  276.00000  66.6%   4.4  445s
 1500102 1386004  551.00000  203  302  826.00000  276.00000  66.6%   4.4  450s
 1514258 1399058  276.00000  106  469  826.00000  276.00000  66.6%   4.4  455s
 1532544 1415874  551.00000  129  419  826.00000  276.00000  66.6%   4.4  460s
 1551190 1433191  277.00000   59  534  826.00000  276.00000  66.6%   4.4  465s
 1568166 1449128  551.00000  233  244  826.00000  276.00000  66.6%   4.4  470s
 1584137 1464254  551.00000  123  431  826.00000  276.00000  66.6%   4.4  475s
 1600299 1479182  551.00000  135  413  826.00000  276.00000  66.6%   4.4  480s
 1617580 1495177  551.00000   85  501  826.00000  276.00000  66.6%   4.4  485s
 1635081 1511618  551.00000  184  356  826.00000  276.00000  66.6%   4.4  490s
 1650383 1525380  551.00000  183  358  826.00000  276.00000  66.6%   4.4  495s
 1668488 1543144  551.00000  228  260  826.00000  276.00000  66.6%   4.4  500s
 1684798 1557334  551.00000  357   28  826.00000  276.00000  66.6%   4.4  505s
 1702367 1573243  277.00000  115  453  826.00000  276.00000  66.6%   4.4  510s
 1718034 1588499  551.00000  252  166  826.00000  276.00000  66.6%   4.4  515s
 1733340 1602612  551.00000  210  310  826.00000  276.00000  66.6%   4.4  520s
 1749749 1617443  551.00000  341   40  826.00000  276.00000  66.6%   4.4  525s
 1766057 1632409  551.00000  125  437  826.00000  276.00000  66.6%   4.5  530s
 1783130 1648264  551.00000  165  376  826.00000  276.00000  66.6%   4.5  535s
 1800831 1665181  551.00000  142  400  826.00000  276.00000  66.6%   4.5  540s
 1817293 1680046  551.00000  183  341  826.00000  276.00000  66.6%   4.5  545s
 1835111 1696970  551.00000  264  160  826.00000  276.00000  66.6%   4.5  550s
 1850730 1711497  551.00000  244  203  826.00000  276.00000  66.6%   4.5  555s
 1868268 1727210  551.00000  360   25  826.00000  276.00000  66.6%   4.5  560s
 1883056 1740709  551.00000  190  322  826.00000  276.00000  66.6%   4.5  565s
 1900355 1757402  277.00000  112  449  826.00000  276.00000  66.6%   4.5  570s
 1917699 1773072  551.00000  184  346  826.00000  276.00000  66.6%   4.5  575s
 1932812 1787037  276.00000  116  441  826.00000  276.00000  66.6%   4.5  580s
 1950782 1803910  551.00000  283  133  826.00000  276.00000  66.6%   4.5  585s
 1964861 1820569  551.00000  181  347  826.00000  276.00000  66.6%   4.5  590s
 1983585 1834210  551.00000  308  100  826.00000  276.00000  66.6%   4.5  595s
 1999704 1849124  551.00000  175  364  826.00000  276.00000  66.6%   4.5  600s
 2015732 1863515  551.00000  170  382  826.00000  276.00000  66.6%   4.5  605s
 2032214 1879465  551.00000  137  413  826.00000  276.00000  66.6%   4.5  610s
 2049964 1895646  276.00000  106  464  826.00000  276.00000  66.6%   4.5  615s
 2066011 1910598  551.00000  355   19  826.00000  276.00000  66.6%   4.5  620s
 2085017 1928024  551.00000  211  305  826.00000  276.00000  66.6%   4.5  625s
 2100074 1942182  551.00000  349   33  826.00000  276.00000  66.6%   4.5  630s
 2114597 1955524  551.00000  293  128  826.00000  276.00000  66.6%   4.5  635s
 2124199 1964676  551.00000  309   92  826.00000  276.00000  66.6%   4.5  640s
 2138044 1977131  551.00000  220  280  826.00000  276.00000  66.6%   4.5  645s
 2155802 1993234  551.00000  187  347  826.00000  276.00000  66.6%   4.5  650s
 2172938 2009526  551.00000  251  190  826.00000  276.00000  66.6%   4.5  655s
 2187181 2022984  551.00000  229  214  826.00000  276.00000  66.6%   4.5  660s
 2207199 2041041  551.00000  347   42  826.00000  276.00000  66.6%   4.5  665s
 2225394 2058226  551.00000  271  169  826.00000  276.00000  66.6%   4.5  670s
 2239898 2071323  551.00000  269  159  826.00000  276.00000  66.6%   4.5  675s
 2259408 2089376  551.00000  304  115  826.00000  276.00000  66.6%   4.5  680s
 2276576 2107243  551.00000  135  417  826.00000  276.00000  66.6%   4.5  686s
 2292387 2120290  551.00000  314   99  826.00000  276.00000  66.6%   4.5  690s
 2311219 2137100  551.00000  235  224  826.00000  276.00000  66.6%   4.5  695s
 2327840 2152858  551.00000  229  237  826.00000  276.00000  66.6%   4.5  700s
 2343781 2167588  551.00000  141  414  826.00000  276.00000  66.6%   4.5  705s
 2362014 2184169  551.00000  363   22  826.00000  276.00000  66.6%   4.5  710s
 2377464 2198420  551.00000  219  268  826.00000  276.00000  66.6%   4.5  715s
 2396453 2219066  551.00000  160  382  826.00000  276.00000  66.6%   4.5  721s
 2413220 2231516  551.00000  292  128  826.00000  276.00000  66.6%   4.5  725s
 2426862 2248397  551.00000  362   16  826.00000  276.00000  66.6%   4.5  730s
 2449122 2265122  551.00000  198  326  826.00000  276.00000  66.6%   4.4  735s
 2463522 2278229  551.00000  292  123  826.00000  276.00000  66.6%   4.4  740s
 2482023 2295248  276.00000  117  451  826.00000  276.00000  66.6%   4.4  745s
 2500882 2312776  551.00000  205  325  826.00000  276.00000  66.6%   4.4  750s
 2518463 2328487  551.00000  236  233  826.00000  276.00000  66.6%   4.4  755s
 2534869 2344408  551.00000  332   83  826.00000  276.00000  66.6%   4.4  760s
 2553378 2361174  551.00000  160  386  826.00000  276.00000  66.6%   4.4  765s
 2572389 2378800  551.00000  351   37  826.00000  276.00000  66.6%   4.4  770s
 2588159 2393292  551.00000  208  317  826.00000  276.00000  66.6%   4.4  775s
 2607894 2411682  551.00000  135  409  826.00000  276.00000  66.6%   4.4  780s
 2625072 2427313  551.00000  213  292  826.00000  276.00000  66.6%   4.4  785s
 2641697 2442568  551.00000  212  304  826.00000  276.00000  66.6%   4.4  790s
 2657768 2457426  551.00000  356   34  826.00000  276.00000  66.6%   4.4  795s
 2675317 2473947  551.00000  323   97  826.00000  276.00000  66.6%   4.4  800s
 2693659 2490168  551.00000  278  134  826.00000  276.00000  66.6%   4.4  805s
 2710613 2506415  551.00000  317   90  826.00000  276.00000  66.6%   4.4  810s
 2726918 2520738  551.00000  152  398  826.00000  276.00000  66.6%   4.4  815s
 2742182 2534897  551.00000  130  426  826.00000  276.00000  66.6%   4.4  820s
 2757743 2550015  551.00000  105  466  826.00000  276.00000  66.6%   4.4  825s
 2774122 2565066  551.00000  297  126  826.00000  276.00000  66.6%   4.4  830s
 2791509 2580750  551.00000  118  430  826.00000  276.00000  66.6%   4.4  835s
 2807120 2595610  276.00000   93  498  826.00000  276.00000  66.6%   4.4  840s
 2823778 2610949  551.00000  213  282  826.00000  276.00000  66.6%   4.4  845s
 2840931 2627160  551.00000  310  105  826.00000  276.00000  66.6%   4.4  850s
 2855880 2640840  551.00000  307  111  826.00000  276.00000  66.6%   4.4  855s
 2873744 2657480  551.00000  225  260  826.00000  276.00000  66.6%   4.4  860s
 2889771 2672401  551.00000  268  127  826.00000  276.00000  66.6%   4.4  865s
 2906360 2687613  551.00000  260  183  826.00000  276.00000  66.6%   4.4  870s
 2923208 2702986  551.00000  271  156  826.00000  276.00000  66.6%   4.4  875s
 2939777 2718797  551.00000  334   61  826.00000  276.00000  66.6%   4.4  880s
 2954894 2732811  551.00000  150  392  826.00000  276.00000  66.6%   4.4  885s
 2971666 2748113  551.00000  170  367  826.00000  276.00000  66.6%   4.4  890s
 2985458 2760849  551.00000  297  129  826.00000  276.00000  66.6%   4.4  895s
 3003169 2777450  551.00000  170  380  826.00000  276.00000  66.6%   4.4  900s
 3020733 2793847  551.00000  230  273  826.00000  276.00000  66.6%   4.4  905s
 3036326 2808282  551.00000  197  330  826.00000  276.00000  66.6%   4.4  910s
 3052143 2822859  551.00000  181  351  826.00000  276.00000  66.6%   4.4  915s
 3069922 2839405  551.00000  185  355  826.00000  276.00000  66.6%   4.4  920s
 3087797 2854967  551.00000  250  197  826.00000  276.00000  66.6%   4.4  925s
 3102218 2868768  551.00000  134  412  826.00000  276.00000  66.6%   4.4  930s
 3119490 2884964  551.00000  237  228  826.00000  276.00000  66.6%   4.4  935s
 3136305 2900469  551.00000  185  346  826.00000  276.00000  66.6%   4.4  940s
 3150001 2913236  551.00000  278  136  826.00000  276.00000  66.6%   4.4  945s
 3164618 2926107  551.00000  281  133  826.00000  276.00000  66.6%   4.4  950s
 3179314 2940143  551.00000  140  416  826.00000  276.00000  66.6%   4.4  955s
 3195293 2955008  551.00000  262  175  826.00000  276.00000  66.6%   4.4  960s
 3209234 2968058  551.00000  247  190  826.00000  276.00000  66.6%   4.4  965s
 3225564 2982955  551.00000  324   92  826.00000  276.00000  66.6%   4.4  970s
 3239698 2996005  551.00000  108  466  826.00000  276.00000  66.6%   4.4  975s
 3253427 3009142  551.00000  257  195  826.00000  276.00000  66.6%   4.4  980s
 3271238 3025318  551.00000  153  398  826.00000  276.00000  66.6%   4.4  985s
 3288077 3041147  551.00000  165  379  826.00000  276.00000  66.6%   4.4  990s
 3302964 3054729  551.00000  112  445  826.00000  276.00000  66.6%   4.4  995s
 3317954 3068560  551.00000  208  297  826.00000  276.00000  66.6%   4.4 1000s
 3335230 3084623  551.00000  168  381  826.00000  276.00000  66.6%   4.4 1005s
 3350798 3099180  551.00000  129  429  826.00000  276.00000  66.6%   4.4 1010s
 3367070 3114147  551.00000  350   37  826.00000  276.00000  66.6%   4.4 1015s
 3382915 3128927  551.00000  142  403  826.00000  276.00000  66.6%   4.4 1020s
 3401313 3145954  551.00000  285  137  826.00000  276.00000  66.6%   4.4 1025s
 3417236 3160587  551.00000  190  337  826.00000  276.00000  66.6%   4.4 1030s
 3434000 3176464  551.00000  178  352  826.00000  276.00000  66.6%   4.4 1035s
 3450950 3191579  551.00000  154  400  826.00000  276.00000  66.6%   4.4 1040s
 3467975 3207457  551.00000  254  179  826.00000  276.00000  66.6%   4.4 1045s
 3484257 3222678  551.00000  344   35  826.00000  276.00000  66.6%   4.4 1050s
 3500581 3237734  551.00000  162  390  826.00000  276.00000  66.6%   4.4 1055s
 3515085 3251310  551.00000  176  374  826.00000  276.00000  66.6%   4.4 1060s
 3532057 3266933  551.00000  308  122  826.00000  276.00000  66.6%   4.4 1065s
 3546813 3280855  551.00000  307  117  826.00000  276.00000  66.6%   4.4 1070s
 3564912 3297562  551.00000  152  397  826.00000  276.00000  66.6%   4.4 1075s
 3579605 3311325  551.00000  108  453  826.00000  276.00000  66.6%   4.4 1080s
 3594614 3325087 infeasible  357       826.00000  276.00000  66.6%   4.4 1085s
 3612839 3341944  276.00000   94  496  826.00000  276.00000  66.6%   4.4 1090s
 3630351 3358037  551.00000  214  299  826.00000  276.00000  66.6%   4.4 1095s
 3644602 3371392  551.00000  361   22  826.00000  276.00000  66.6%   4.4 1100s
 3660596 3386102  551.00000  290  138  826.00000  276.00000  66.6%   4.4 1105s
 3674772 3398719  551.00000  103  452  826.00000  276.00000  66.6%   4.5 1110s
 3689803 3413295  551.00000  220  297  826.00000  276.00000  66.6%   4.5 1115s
 3707879 3429912  551.00000  282  156  826.00000  276.00000  66.6%   4.5 1120s
 3722619 3443521  551.00000  208  304  826.00000  276.00000  66.6%   4.5 1125s
 3740591 3459984  551.00000  147  406  826.00000  276.00000  66.6%   4.5 1130s
 3758199 3476168  551.00000  104  467  826.00000  276.00000  66.6%   4.5 1135s
 3776204 3492957  551.00000  251  191  826.00000  276.00000  66.6%   4.5 1140s
 3792478 3507886  551.00000  314  104  826.00000  276.00000  66.6%   4.4 1145s
 3809472 3523169  551.00000  225  245  826.00000  276.00000  66.6%   4.4 1150s
 3825911 3538643  551.00000  152  397  826.00000  276.00000  66.6%   4.4 1155s
 3841657 3552932  551.00000  340   45  826.00000  276.00000  66.6%   4.4 1160s
 3858895 3569187  551.00000  213  312  826.00000  276.00000  66.6%   4.4 1165s
 3874721 3584035  551.00000  148  397  826.00000  276.00000  66.6%   4.4 1170s
 3891908 3599617  551.00000  330   74  826.00000  276.00000  66.6%   4.4 1175s
 3908588 3616652  551.00000  304  117  826.00000  276.00000  66.6%   4.4 1180s
 3925615 3630958  551.00000  326   87  826.00000  276.00000  66.6%   4.4 1185s
 3942798 3646951  551.00000  268  150  826.00000  276.00000  66.6%   4.4 1190s
 3957988 3660539  551.00000  344   33  826.00000  276.00000  66.6%   4.4 1195s
 3975965 3677660  551.00000  175  366  826.00000  276.00000  66.6%   4.4 1200s
 3992201 3692747  551.00000  156  394  826.00000  276.00000  66.6%   4.4 1205s
 4009107 3708310  551.00000  343   31  826.00000  276.00000  66.6%   4.4 1210s
 4024833 3722791  551.00000  317   91  826.00000  276.00000  66.6%   4.4 1215s
 4040367 3737357  551.00000  307  105  826.00000  276.00000  66.6%   4.4 1220s
 4059647 3755228  551.00000  140  414  826.00000  276.00000  66.6%   4.4 1225s
 4075040 3769131  276.00000   99  475  826.00000  276.00000  66.6%   4.4 1230s
 4085375 3778854  551.00000  206  318  826.00000  276.00000  66.6%   4.4 1235s
 4099300 3791531  551.00000  278  150  826.00000  276.00000  66.6%   4.4 1240s
 4112491 3803977  551.00000  258  185  826.00000  276.00000  66.6%   4.4 1245s
 4128682 3819033  551.00000  189  344  826.00000  276.00000  66.6%   4.4 1250s
 4145208 3834370  551.00000  162  372  826.00000  276.00000  66.6%   4.4 1255s
 4162504 3850005  551.00000  278  155  826.00000  276.00000  66.6%   4.4 1260s
 4178728 3865236  551.00000  140  411  826.00000  276.00000  66.6%   4.4 1265s
 4196927 3881836  551.00000  203  313  826.00000  276.00000  66.6%   4.4 1270s
 4213162 3897231  551.00000  251  181  826.00000  276.00000  66.6%   4.4 1275s
 4231151 3913724  551.00000  345   39  826.00000  276.00000  66.6%   4.4 1280s
 4247524 3928960  551.00000  150  404  826.00000  276.00000  66.6%   4.4 1285s
 4262187 3942828  551.00000  294  126  826.00000  276.00000  66.6%   4.4 1290s
 4280040 3959321  551.00000  197  324  826.00000  276.00000  66.6%   4.4 1295s
 4298038 3975657  551.00000  335   69  826.00000  276.00000  66.6%   4.4 1300s
 4314331 3990818  551.00000  301  118  826.00000  276.00000  66.6%   4.4 1305s
 4329650 4005078  276.00000   96  491  826.00000  276.00000  66.6%   4.4 1310s
 4348133 4021650  551.00000  189  327  826.00000  276.00000  66.6%   4.4 1315s
 4365027 4037540  551.00000  146  401  826.00000  276.00000  66.6%   4.4 1320s
 4382695 4054060  551.00000  143  405  826.00000  276.00000  66.6%   4.4 1325s
 4396219 4066893  277.00000  106  452  826.00000  276.00000  66.6%   4.4 1330s
 4415995 4084596  551.00000  218  275  826.00000  276.00000  66.6%   4.4 1335s
 4432938 4099933  551.00000  199  318  826.00000  276.00000  66.6%   4.4 1340s
 4448847 4115214  551.00000  246  192  826.00000  276.00000  66.6%   4.4 1345s
 4467803 4132687  551.00000  173  375  826.00000  276.00000  66.6%   4.4 1350s
 4482871 4146861  551.00000  127  418  826.00000  276.00000  66.6%   4.4 1355s
 4500894 4163536  551.00000  363   25  826.00000  276.00000  66.6%   4.4 1360s
 4519125 4180264  551.00000  267  157  826.00000  276.00000  66.6%   4.4 1365s
 4537611 4197723  551.00000  241  195  826.00000  276.00000  66.6%   4.4 1370s
 4554469 4212855  551.00000  256  175  826.00000  276.00000  66.6%   4.4 1375s
 4571586 4228815  551.00000  213  303  826.00000  276.00000  66.6%   4.4 1380s
 4587012 4243098  551.00000  322   82  826.00000  276.00000  66.6%   4.4 1385s
 4606333 4260977  551.00000  129  434  826.00000  276.00000  66.6%   4.3 1390s
 4622695 4275829  551.00000  138  405  826.00000  276.00000  66.6%   4.3 1395s
 4640644 4292307  551.00000  164  383  826.00000  276.00000  66.6%   4.3 1400s
 4657166 4307787  551.00000  185  343  826.00000  276.00000  66.6%   4.3 1405s
 4674393 4323728  551.00000  312  100  826.00000  276.00000  66.6%   4.3 1410s
 4692385 4340461  551.00000  329   83  826.00000  276.00000  66.6%   4.3 1415s
 4708175 4355279  551.00000  280  137  826.00000  276.00000  66.6%   4.3 1420s
 4725987 4372035  551.00000  307  100  826.00000  276.00000  66.6%   4.3 1425s
 4742334 4386460  551.00000  126  424  826.00000  276.00000  66.6%   4.3 1430s
 4757217 4400691  551.00000  129  420  826.00000  276.00000  66.6%   4.3 1435s
 4776351 4418042  551.00000  283  133  826.00000  276.00000  66.6%   4.3 1440s
 4794096 4434623  551.00000  357   25  826.00000  276.00000  66.6%   4.3 1445s
 4809978 4449410  551.00000  292  128  826.00000  276.00000  66.6%   4.3 1450s
 4824365 4462528  551.00000  332   73  826.00000  276.00000  66.6%   4.3 1455s
 4842433 4479245  551.00000  242  199  826.00000  276.00000  66.6%   4.3 1460s
 4860178 4495994  551.00000  235  228  826.00000  276.00000  66.6%   4.3 1465s
 4875001 4509627  551.00000  205  316  826.00000  276.00000  66.6%   4.3 1470s
 4893042 4526107  551.00000  212  292  826.00000  276.00000  66.6%   4.3 1475s
 4906556 4538562  551.00000  179  350  826.00000  276.00000  66.6%   4.3 1480s
 4925289 4556075  551.00000  278  136  826.00000  276.00000  66.6%   4.3 1485s
 4942792 4571943  551.00000  360   17  826.00000  276.00000  66.6%   4.3 1490s
 4958916 4586933  551.00000  180  348  826.00000  276.00000  66.6%   4.3 1495s
 4975613 4602123  551.00000  195  322  826.00000  276.00000  66.6%   4.3 1500s
 4990675 4616305  551.00000  245  196  826.00000  276.00000  66.6%   4.3 1505s
 5007768 4631570  551.00000  184  341  826.00000  276.00000  66.6%   4.3 1510s
 5021917 4644707  551.00000  257  174  826.00000  276.00000  66.6%   4.3 1515s
 5038080 4660222  551.00000  245  192  826.00000  276.00000  66.6%   4.3 1520s
 5057048 4677418  551.00000  107  456  826.00000  276.00000  66.6%   4.3 1525s
 5074117 4693445  551.00000  204  299  826.00000  276.00000  66.6%   4.3 1530s
 5092298 4710088  551.00000  165  386  826.00000  276.00000  66.6%   4.3 1535s
 5109064 4726079  551.00000  220  270  826.00000  276.00000  66.6%   4.3 1540s
 5124679 4740041  551.00000  183  349  826.00000  276.00000  66.6%   4.3 1545s
 5142873 4756483  551.00000  262  151  826.00000  276.00000  66.6%   4.3 1550s
 5158729 4771962  551.00000  133  415  826.00000  276.00000  66.6%   4.3 1555s
 5176654 4788506  551.00000  117  429  826.00000  276.00000  66.6%   4.3 1560s
 5191955 4802388  551.00000  159  383  826.00000  276.00000  66.6%   4.2 1565s
 5210700 4819590  551.00000  309   98  826.00000  276.00000  66.6%   4.2 1570s
 5227968 4835334  551.00000  117  442  826.00000  276.00000  66.6%   4.2 1575s
 5246017 4852497  551.00000  180  349  826.00000  276.00000  66.6%   4.2 1580s
 5262548 4868098  551.00000  267  174  826.00000  276.00000  66.6%   4.2 1585s
 5279371 4883402  551.00000  350   36  826.00000  276.00000  66.6%   4.2 1590s
 5298312 4900339  551.00000  209  301  826.00000  276.00000  66.6%   4.2 1595s
 5315324 4916470  551.00000  196  333  826.00000  276.00000  66.6%   4.2 1600s
 5330766 4931311  551.00000  354   27  826.00000  276.00000  66.6%   4.2 1605s
 5349198 4948200  551.00000  347   40  826.00000  276.00000  66.6%   4.2 1610s
 5364728 4962448  551.00000  320   92  826.00000  276.00000  66.6%   4.2 1615s
 5382450 4978755  551.00000  148  386  826.00000  276.00000  66.6%   4.2 1620s
 5398530 4993463  551.00000  171  372  826.00000  276.00000  66.6%   4.2 1625s
 5414439 5007988  276.00000  103  465  826.00000  276.00000  66.6%   4.2 1630s
 5432784 5025327  277.00000  113  460  826.00000  276.00000  66.6%   4.2 1635s
 5449764 5041102  551.00000  238  218  826.00000  276.00000  66.6%   4.2 1640s
 5467624 5060144  551.00000  286  145  826.00000  276.00000  66.6%   4.2 1646s
 5484089 5073087  277.00000  109  450  826.00000  276.00000  66.6%   4.2 1650s
 5498915 5086589  551.00000  208  309  826.00000  276.00000  66.6%   4.2 1655s
 5518705 5104924  551.00000  128  431  826.00000  276.00000  66.6%   4.2 1660s
 5537461 5122032  551.00000  125  417  826.00000  276.00000  66.6%   4.2 1665s
 5553881 5137387  276.00000   75  517  826.00000  276.00000  66.6%   4.2 1670s
 5569818 5151714  551.00000  119  442  826.00000  276.00000  66.6%   4.2 1675s
 5586024 5167544  551.00000  142  427  826.00000  276.00000  66.6%   4.2 1680s
 5605055 5185096  551.00000  276  150  826.00000  276.00000  66.6%   4.2 1685s
 5622444 5200920  551.00000  238  199  826.00000  276.00000  66.6%   4.2 1690s
 5638375 5215907  551.00000  241  227  826.00000  276.00000  66.6%   4.2 1695s
 5651860 5228081  551.00000  323   92  826.00000  276.00000  66.6%   4.2 1700s
 5668866 5243963  551.00000  259  179  826.00000  276.00000  66.6%   4.2 1705s
 5686841 5260343  551.00000  192  337  826.00000  276.00000  66.6%   4.2 1710s
 5702774 5275039  551.00000  235  236  826.00000  276.00000  66.6%   4.2 1715s
 5720570 5291579  551.00000  311   87  826.00000  276.00000  66.6%   4.2 1720s
 5737317 5307029  551.00000  345   54  826.00000  276.00000  66.6%   4.2 1725s
 5753745 5322379  551.00000  126  429  826.00000  276.00000  66.6%   4.2 1730s
 5770637 5337789  551.00000  255  178  826.00000  276.00000  66.6%   4.2 1735s
 5787736 5353798  551.00000  366   19  826.00000  276.00000  66.6%   4.2 1740s
 5803131 5368175  551.00000  210  293  826.00000  276.00000  66.6%   4.2 1745s
 5821256 5385129  551.00000  275  159  826.00000  276.00000  66.6%   4.2 1750s
 5836590 5399191  551.00000  123  424  826.00000  276.00000  66.6%   4.2 1755s
 5855793 5416794  551.00000  207  295  826.00000  276.00000  66.6%   4.2 1760s
 5872799 5432402  551.00000  130  433  826.00000  276.00000  66.6%   4.2 1765s
 5889128 5447724  551.00000  317   98  826.00000  276.00000  66.6%   4.2 1770s
 5906519 5463679  551.00000  311  115  826.00000  276.00000  66.6%   4.2 1775s
 5923568 5479477  551.00000  303  114  826.00000  276.00000  66.6%   4.2 1780s
 5939547 5494409  551.00000   96  479  826.00000  276.00000  66.6%   4.2 1785s
 5954057 5507778 infeasible  366       826.00000  276.00000  66.6%   4.2 1790s
 5972538 5524891  277.00000  126  439  826.00000  276.00000  66.6%   4.2 1795s
 5990311 5540728  551.00000  129  421  826.00000  276.00000  66.6%   4.2 1800s

Cutting planes:
  MIR: 2

Explored 5990520 nodes (25173628 simplex iterations) in 1800.04 seconds (1834.79 work units)
Thread count was 8 (of 8 available processors)

Solution count 3: 826 827 828 

Time limit reached
Best objective 8.260000000000e+02, best bound 2.760000000000e+02, gap 66.5860%
! --------------------------------------------------------
! Status: FEASIBLE (time limit reached)
! Best span = 826
! Labeling: 1 1 1 826 1 277 1 1 826 1 1 1 276 1 1 276 1 1 276 1 276 826 1 276 1 1 826 1 826 1 826 826 1 551 826 551 276 1 1 1 1 1 1 276 276 826 1 1 1 826 826 276 1 826 1 277 826 1 1 826 1 826 1 551 826 1 826 1 1 826 1 1 826 1 276 1 826 826 1 276 1 1 826 826 826 551 1 277 826 551 1 826 826 1 276 1 1 1 1 1 826 276 1 1 826 276 1 1 1 826 1 1 826 1 1 826 551 1 826 2 551 1 826 276 1 1 551 826 551 276 826 1 1 1 277 1 1 276 1 276 826 276 1 826 826 1 826 276 551 1 826 1 826 826 826 1 826 276 1 551 826 1 276 1 1 1 276 826 1 276 1 276 551 1 551 826 276 276 1 1 276 276 2 826 826 1 826 551 1 1 826 826 1 276 826 276 826 1 826 551 826 1 826 1 826 826 826 1 826 826 826 826 1 1 551 1 1 551 1 826 414 1 1 826 276 551 826 1 551 1 551 1 551 826 1 1 1 826 1 826 1 1 276 276 826 1 1 1 826 826 276 276 276 1 826 276 551 826 276 826 1 826 826 276 1 276 826 1 276 1 1 826 826 1 826 1 1 826 551 826 1 1 826 1 1 826 276 1 826 826 1 551 276 1 826 551 1 276 826 826 826 276 826 1 1 826 826 1 826 826 276 826 551 1 826 826 826 276 277 1 2 826 276 1 276 276 276 826 1 826 1 1 551 826 1 551 1 276 551 2 551 826 826 551 276 276 1 826 1 276 551 826 826 1 826 826 1 826 1 1 1 1 276 276 276 551 276 826 1 826 276 1 551 826 1 551 826 276 276 1 826 551 551 276 276 1 276 826 826 826 1 1 826 276 826 826 826 826 826 826 1 1 826 1 826 1 1 826 276 276 826 2 276 276 551 826 826 1 276 276 1 826 1 1 276 826 826 551 1 1 826 1 1 1 826 826 276 826 826 1 276 1 826 1 277 826 826 276 826 826 1 826 551 551 1 1 826 1 826 1 276 826 826 1 276 1 276 826 551 276 276 276 276 1 276 551 826 826 1 276 551 826 1 551 276 826 1 276 1 276 1 826 826 551 1 826 276 277 826 276 276 276 826 551 826 551 1 276 826 826 826 277 826 826 826 826 826 826 276 276 826 826 826 826 276 277 826 1 276 1 826 826 1 1 826 276 826 1 1 826 276 551 551 826 1 826 276 551 551 276 826 826 276 276 826 551 276 551 551 276 1 1 551 826 1 826 276 276 276 1 551 826 826 551 276 276 276 826 276 826 551 276 551 276 826 826 276 1 1 826 276 276 276 276 276 826 826 826 1 826 1 276 551 1 826 1 276 1 551 276 826 826 277 826 826 2 1 551 826 1 551 1 276 276 276 276 276 277 826 826 1 276 826 826 1 276 276 826 1 1 276 826 1 1 826 826 1 276 826 276 1 826 826 1 276 826 276 826 826 551 551 552 
! --------------------------------------------------------
! All verification passed
