! Solving for graph /home/truongxuanhieu/Gurobi-for-MinSpanLabeling/benchmarks/abp/W-685_bus.mtx.rnd
! Target value is set to 170
! Lower bound is set to 171
! Upper bound is set to 857
! Time limit is set to 1800
! Vertices mode is set to Has hole
! Target value mode is set to Antibandwidth
Set parameter WLSAccessID
Set parameter WLSSecret
Set parameter LicenseID to value 2663665
Academic license 2663665 - for non-commercial use only - registered to tu___@vnu.edu.vn
Set parameter OutputFlag to value 1
Set parameter TimeLimit to value 1800
Gurobi Optimizer version 13.0.2 build v13.0.2rc1 (linux64 - "Debian GNU/Linux 12 (bookworm)")

CPU model: AMD EPYC 7B12, instruction set [SSE2|AVX|AVX2]
Thread count: 4 physical cores, 8 logical processors, using up to 8 threads

Non-default parameters:
TimeLimit  1800

Academic license 2663665 - for non-commercial use only - registered to tu___@vnu.edu.vn
Optimize a model with 2567 rows, 590980 columns and 6499 nonzeros (Min)
Model fingerprint: 0x0f782b7d
Model has 1 linear objective coefficients
Model has 2652 simple general constraints
  1282 ABS, 1370 INDICATOR
Variable types: 0 continuous, 590980 integer (587730 binary)
Coefficient statistics:
  Matrix range     [1e+00, 1e+00]
  Objective range  [1e+00, 1e+00]
  Bounds range     [1e+00, 9e+02]
  RHS range        [1e+00, 4e+02]
  GenCon rhs range [1e+00, 1e+00]
  GenCon coe range [1e+00, 1e+00]

Presolve added 6760 rows and 0 columns
Presolve removed 0 rows and 581056 columns
Presolve time: 0.12s
Presolved: 9327 rows, 9924 columns, 24553 nonzeros
Presolved model has 1282 SOS constraint(s)
Variable types: 0 continuous, 9924 integer (2740 binary)
Found heuristic solution: objective 857.0000000
Found heuristic solution: objective 856.0000000
Performing another presolve...
Presolve removed 4707 rows and 4707 columns
Presolve time: 0.04s

Root relaxation: objective 1.710000e+02, 3293 iterations, 0.01 seconds (0.01 work units)

    Nodes    |    Current Node    |     Objective Bounds      |     Work
 Expl Unexpl |  Obj  Depth IntInf | Incumbent    BestBd   Gap | It/Node Time

     0     0  171.00000    0  889  856.00000  171.00000  80.0%     -    0s
H    0     0                     852.0000000  171.00000  79.9%     -    0s
     0     0  171.00000    0  889  852.00000  171.00000  79.9%     -    0s
H    0     0                     851.0000000  171.00000  79.9%     -    0s
     0     2  171.00000    0  889  851.00000  171.00000  79.9%     -    0s
  6376  4987  681.00000  256  536  851.00000  171.00000  79.9%   2.8    5s
 14782 13058  511.00000  157  658  851.00000  171.00000  79.9%   2.8   10s
 30130 25910  681.00000  297  489  851.00000  341.00000  59.9%   2.7   15s
 44467 38667  341.00000  105  715  851.00000  341.00000  59.9%   2.6   20s
 58099 51149  681.00000  213  576  851.00000  341.00000  59.9%   2.6   25s
 71444 63045  512.00000   94  730  851.00000  341.00000  59.9%   2.6   30s
 89744 79737  681.00000  170  651  851.00000  341.00000  59.9%   2.6   35s
 108231 96402  681.00000  250  540  851.00000  341.00000  59.9%   2.6   40s
 126986 113480 infeasible  148       851.00000  341.00000  59.9%   2.6   45s
 146062 130742  681.00000  168  644  851.00000  341.00000  59.9%   2.6   50s
 161293 144577  511.00000  101  737  851.00000  341.00000  59.9%   2.6   55s
 180001 161451  681.00000  192  598  851.00000  341.00000  59.9%   2.6   60s
 199022 178470  511.00000  136  678  851.00000  341.00000  59.9%   2.6   65s
 218804 196452  511.00000  124  700  851.00000  341.00000  59.9%   2.6   70s
 236699 212748  681.00000  209  592  851.00000  341.00000  59.9%   2.6   75s
 253437 228422  681.00000  204  589  851.00000  341.00000  59.9%   2.6   80s
 270335 243093  681.00000  284  497  851.00000  341.00000  59.9%   2.6   85s
 287291 258343  681.00000  315  477  851.00000  341.00000  59.9%   2.6   90s
 306159 275445  511.00000  120  716  851.00000  341.00000  59.9%   2.6   95s
 321129 289104  681.00000  262  536  851.00000  341.00000  59.9%   2.6  100s
 336878 303378  681.00000  161  652  851.00000  341.00000  59.9%   2.6  105s
 354961 319720  341.00000   88  769  851.00000  341.00000  59.9%   2.6  110s
 372783 335965  511.00000  123  705  851.00000  341.00000  59.9%   2.6  115s
 387833 350184  681.00000  199  612  851.00000  341.00000  59.9%   2.6  120s
 406393 366430  681.00000  185  621  851.00000  341.00000  59.9%   2.6  125s
 423924 382253  681.00000  248  555  851.00000  341.00000  59.9%   2.6  130s
 442409 398989  511.00000  125  692  851.00000  341.00000  59.9%   2.6  135s
 459676 414647  681.00000  246  550  851.00000  341.00000  59.9%   2.6  140s
 477000 430282  681.00000  180  638  851.00000  341.00000  59.9%   2.6  145s
 493789 445463  681.00000  246  552  851.00000  341.00000  59.9%   2.6  150s
 510532 460673  681.00000  305  479  851.00000  341.00000  59.9%   2.6  155s
 529438 477754  681.00000  284  509  851.00000  341.00000  59.9%   2.6  160s
 548351 494597  681.00000  279  511  851.00000  341.00000  59.9%   2.6  165s
 566946 511737  681.00000  249  555  851.00000  341.00000  59.9%   2.6  170s
 585351 528151  681.00000  211  597  851.00000  341.00000  59.9%   2.6  175s
 601582 543272  681.00000  216  586  851.00000  341.00000  59.9%   2.6  180s
 619238 558605  681.00000  265  525  851.00000  341.00000  59.9%   2.6  185s
 637929 575612  341.00000  110  729  851.00000  341.00000  59.9%   2.6  190s
 653917 589861  511.00000  121  712  851.00000  341.00000  59.9%   2.6  195s
 671113 605894  341.00000  104  736  851.00000  341.00000  59.9%   2.6  200s
 689176 621867  681.00000  205  589  851.00000  341.00000  59.9%   2.6  205s
 707250 638691  681.00000  163  657  851.00000  341.00000  59.9%   2.6  210s
 725539 655184  681.00000  208  584  851.00000  341.00000  59.9%   2.6  215s
 744595 672072  511.00000  120  708  851.00000  341.00000  59.9%   2.6  220s
 761790 687824  511.00000  150  662  851.00000  341.00000  59.9%   2.6  225s
 780533 704655  681.00000  288  500  851.00000  341.00000  59.9%   2.6  230s
 798231 720904  681.00000  290  493  851.00000  341.00000  59.9%   2.6  235s
 815561 736573  511.00000  117  716  851.00000  341.00000  59.9%   2.6  240s
 829287 748307  341.00000  109  728  851.00000  341.00000  59.9%   2.6  245s
 842775 761381  681.00000  178  620  851.00000  341.00000  59.9%   2.6  250s
 855298 772693  681.00000  210  598  851.00000  341.00000  59.9%   2.6  255s
 872044 787777  681.00000  210  597  851.00000  341.00000  59.9%   2.6  260s
 890365 804171  681.00000  179  649  851.00000  341.00000  59.9%   2.6  265s
 908663 820775  681.00000  227  584  851.00000  341.00000  59.9%   2.6  270s
 927024 837130  341.00000  115  715  851.00000  341.00000  59.9%   2.6  275s
 942295 851142  511.00000  143  676  851.00000  341.00000  59.9%   2.6  280s
 961562 868351  511.00000  109  728  851.00000  341.00000  59.9%   2.6  285s
 978622 884041  681.00000  215  586  851.00000  341.00000  59.9%   2.6  290s
 996889 900347  681.00000  175  647  851.00000  341.00000  59.9%   2.6  295s
 1015212 917069  681.00000  147  658  851.00000  341.00000  59.9%   2.6  300s
 1033235 933242  511.00000  153  662  851.00000  341.00000  59.9%   2.6  305s
 1047611 946075  681.00000  163  653  851.00000  341.00000  59.9%   2.6  310s
 1065116 962091 infeasible  127       851.00000  341.00000  59.9%   2.6  315s
 1082915 978248  681.00000  261  528  851.00000  341.00000  59.9%   2.6  320s
 1101588 995175  681.00000  209  598  851.00000  341.00000  59.9%   2.6  325s
 1120305 1011671  511.00000  130  704  851.00000  341.00000  59.9%   2.6  330s
 1137952 1027898  681.00000  218  577  851.00000  341.00000  59.9%   2.6  335s
 1157036 1045158 infeasible  149       851.00000  341.00000  59.9%   2.6  340s
 1172711 1059351  681.00000  174  640  851.00000  341.00000  59.9%   2.6  345s
 1187685 1072875  681.00000  257  552  851.00000  341.00000  59.9%   2.6  350s
 1205154 1088426 infeasible  315       851.00000  341.00000  59.9%   2.6  355s
 1223034 1104854  681.00000  151  661  851.00000  341.00000  59.9%   2.6  360s
 1240547 1120726  511.00000  148  666  851.00000  341.00000  59.9%   2.6  365s
 1259053 1137368  681.00000  289  507  851.00000  341.00000  59.9%   2.6  370s
 1273922 1150455  681.00000  310  478  851.00000  341.00000  59.9%   2.6  375s
 1288130 1164023  681.00000  166  646  851.00000  341.00000  59.9%   2.6  380s
 1304500 1178907  681.00000  185  622  851.00000  341.00000  59.9%   2.6  385s
 1319869 1192708  681.00000  326  459  851.00000  341.00000  59.9%   2.6  390s
 1337115 1207702  511.00000  143  667  851.00000  341.00000  59.9%   2.6  395s
 1355305 1224576 infeasible  314       851.00000  341.00000  59.9%   2.6  400s
 1374857 1242072  681.00000  265  521  851.00000  341.00000  59.9%   2.6  405s
 1392540 1258316  681.00000  236  571  851.00000  341.00000  59.9%   2.6  410s
 1408876 1272756  681.00000  227  581  851.00000  341.00000  59.9%   2.6  415s
 1427597 1289757  341.00000  112  714  851.00000  341.00000  59.9%   2.6  420s
 1444774 1304955  681.00000  139  672  851.00000  341.00000  59.9%   2.6  425s
 1462711 1321455  681.00000  230  569  851.00000  341.00000  59.9%   2.6  430s
 1481587 1338564  681.00000  216  592  851.00000  341.00000  59.9%   2.6  435s
 1497935 1352901  681.00000  193  607  851.00000  341.00000  59.9%   2.6  440s
 1511296 1365645  681.00000  190  620  851.00000  341.00000  59.9%   2.6  445s
 1531333 1383677  681.00000  200  613  851.00000  341.00000  59.9%   2.6  450s
 1550942 1401282  681.00000  261  529  851.00000  341.00000  59.9%   2.6  455s
 1568969 1417309  511.00000  156  663  851.00000  341.00000  59.9%   2.6  460s
 1589000 1435589  681.00000  264  536  851.00000  341.00000  59.9%   2.6  465s
 1606988 1451128  511.00000  168  655  851.00000  341.00000  59.9%   2.6  470s
 1622680 1465922  511.00000  122  690  851.00000  341.00000  59.9%   2.6  475s
 1641664 1483140  681.00000  189  623  851.00000  341.00000  59.9%   2.6  480s
 1659778 1499290  511.00000  153  660  851.00000  341.00000  59.9%   2.6  485s
 1679630 1516939  681.00000  203  608  851.00000  341.00000  59.9%   2.6  490s
 1697573 1533547  681.00000  238  567  851.00000  341.00000  59.9%   2.6  495s
 1711638 1546293  681.00000  169  647  851.00000  341.00000  59.9%   2.6  500s
 1728632 1561535  511.00000  147  673  851.00000  341.00000  59.9%   2.6  505s
 1745228 1576541  681.00000  151  653  851.00000  341.00000  59.9%   2.6  510s
 1763105 1592639  681.00000  267  512  851.00000  341.00000  59.9%   2.6  515s
 1778016 1605841  511.00000  133  679  851.00000  341.00000  59.9%   2.6  520s
 1796032 1622711 infeasible  147       851.00000  341.00000  59.9%   2.6  525s
 1814879 1639717  511.00000  148  670  851.00000  341.00000  59.9%   2.6  530s
 1831227 1653651  511.00000  155  666  851.00000  341.00000  59.9%   2.6  535s
 1848234 1669903  681.00000  211  597  851.00000  341.00000  59.9%   2.6  540s
 1867010 1686785  511.00000  120  698  851.00000  341.00000  59.9%   2.6  545s
 1886889 1704617  681.00000  168  636  851.00000  341.00000  59.9%   2.6  550s
 1901372 1717978  681.00000  251  521  851.00000  341.00000  59.9%   2.6  555s
 1919413 1734254  681.00000  229  569  851.00000  341.00000  59.9%   2.6  560s
 1938380 1751443  681.00000  161  657  851.00000  341.00000  59.9%   2.6  565s
 1957231 1768463 infeasible  129       851.00000  341.00000  59.9%   2.6  570s
 1973103 1782729  681.00000  165  658  851.00000  341.00000  59.9%   2.6  575s
 1990591 1798633  681.00000  168  655  851.00000  341.00000  59.9%   2.6  580s
 2009555 1815613  681.00000  259  521  851.00000  341.00000  59.9%   2.6  585s
 2028191 1832398  681.00000  306  483  851.00000  341.00000  59.9%   2.6  590s
 2041687 1844831  681.00000  169  648  851.00000  341.00000  59.9%   2.6  595s
 2050432 1852911  681.00000  256  521  851.00000  341.00000  59.9%   2.6  600s
 2060392 1861746  511.00000  152  667  851.00000  341.00000  59.9%   2.6  605s
 2069820 1870226  681.00000  192  629  851.00000  341.00000  59.9%   2.6  610s
 2076431 1876269  681.00000  157  668  851.00000  341.00000  59.9%   2.6  615s
 2085836 1884723  681.00000  205  598  851.00000  341.00000  59.9%   2.6  620s
 2094442 1892382  681.00000  236  566  851.00000  341.00000  59.9%   2.6  625s
 2103127 1900266  681.00000  296  486  851.00000  341.00000  59.9%   2.6  630s
 2111865 1908399  511.00000  120  723  851.00000  341.00000  59.9%   2.6  635s
 2121574 1916980  681.00000  168  652  851.00000  341.00000  59.9%   2.6  640s
 2131032 1925406  681.00000  288  494  851.00000  341.00000  59.9%   2.6  645s
 2140586 1933821  681.00000  298  485  851.00000  341.00000  59.9%   2.6  650s
 2148292 1941310  511.00000  117  706  851.00000  341.00000  59.9%   2.6  655s
 2157544 1949571  681.00000  198  603  851.00000  341.00000  59.9%   2.6  660s
 2167729 1958726  681.00000  136  692  851.00000  341.00000  59.9%   2.6  665s
 2177987 1968210  681.00000  295  484  851.00000  341.00000  59.9%   2.6  670s
 2185752 1974425  681.00000  272  513  851.00000  341.00000  59.9%   2.6  675s
 2190453 1979347  341.00000   99  750  851.00000  341.00000  59.9%   2.6  680s
 2199844 1987981  511.00000  115  711  851.00000  341.00000  59.9%   2.6  685s
 2209438 1996642  681.00000  115  709  851.00000  341.00000  59.9%   2.6  690s
 2218308 2004682  681.00000  142  665  851.00000  341.00000  59.9%   2.6  695s
 2228155 2013474  512.00000  102  740  851.00000  341.00000  59.9%   2.6  700s
 2237580 2021878  341.00000  118  709  851.00000  341.00000  59.9%   2.6  705s
 2246004 2029701  681.00000  184  645  851.00000  341.00000  59.9%   2.6  710s
 2255743 2038181  511.00000  173  655  851.00000  341.00000  59.9%   2.6  715s
 2264188 2046159  681.00000  185  631  851.00000  341.00000  59.9%   2.6  720s
 2272627 2053989  681.00000  192  617  851.00000  341.00000  59.9%   2.6  725s
 2281268 2061430  681.00000  279  499  851.00000  341.00000  59.9%   2.6  730s
 2288132 2067083  681.00000  319  461  851.00000  341.00000  59.9%   2.6  735s
 2295870 2074977  681.00000  176  645  851.00000  341.00000  59.9%   2.6  740s
 2304984 2082954  681.00000  227  570  851.00000  341.00000  59.9%   2.6  745s
 2314611 2091436  511.00000  130  691  851.00000  341.00000  59.9%   2.6  750s
 2324451 2100390  681.00000  265  521  851.00000  341.00000  59.9%   2.6  755s
 2334671 2109665  511.00000  112  717  851.00000  341.00000  59.9%   2.6  760s
 2343424 2117757  681.00000  153  654  851.00000  341.00000  59.9%   2.6  765s
 2353168 2126199  681.00000  264  515  851.00000  341.00000  59.9%   2.6  770s
 2361294 2133731  511.00000  114  715  851.00000  341.00000  59.9%   2.6  775s
 2370870 2142459  681.00000  222  571  851.00000  341.00000  59.9%   2.6  780s
 2380694 2150697 infeasible  326       851.00000  341.00000  59.9%   2.6  785s
 2389986 2159958  681.00000  245  547  851.00000  341.00000  59.9%   2.6  790s
 2404414 2172498  511.00000  146  667  851.00000  341.00000  59.9%   2.6  795s
 2422011 2188904  681.00000  171  645  851.00000  341.00000  59.9%   2.6  800s
 2440086 2204864  681.00000  162  658  851.00000  341.00000  59.9%   2.6  805s
 2458025 2221006  511.00000  109  725  851.00000  341.00000  59.9%   2.6  810s
 2474053 2235812  681.00000  302  478  851.00000  341.00000  59.9%   2.6  815s
 2491863 2251644  511.00000  133  690  851.00000  341.00000  59.9%   2.6  820s
 2510683 2268836  681.00000  276  502  851.00000  341.00000  59.9%   2.6  825s
 2528421 2284754  511.00000  115  715  851.00000  341.00000  59.9%   2.6  830s
 2546466 2301255  681.00000  213  603  851.00000  341.00000  59.9%   2.6  835s
 2561408 2314747  681.00000  163  651  851.00000  341.00000  59.9%   2.6  840s
 2579575 2331043  511.00000  174  650  851.00000  341.00000  59.9%   2.6  845s
 2595956 2345750  681.00000  256  551  851.00000  341.00000  59.9%   2.6  850s
 2611545 2359879  681.00000  157  661  851.00000  341.00000  59.9%   2.6  855s
 2627942 2374527  681.00000  251  565  851.00000  341.00000  59.9%   2.6  860s
 2643924 2389129  681.00000  164  653  851.00000  341.00000  59.9%   2.6  865s
 2662767 2405757  681.00000  171  641  851.00000  341.00000  59.9%   2.6  870s
 2681470 2422576  681.00000  282  502  851.00000  341.00000  59.9%   2.6  875s
 2697927 2437858  681.00000  261  519  851.00000  341.00000  59.9%   2.6  880s
 2715835 2453499  512.00000  118  712  851.00000  341.00000  59.9%   2.6  885s
 2732238 2468802  511.00000  128  700  851.00000  341.00000  59.9%   2.6  890s
 2750897 2485156  681.00000  169  650  851.00000  341.00000  59.9%   2.6  895s
 2766913 2499391  511.00000  153  657  851.00000  341.00000  59.9%   2.6  900s
 2782326 2513494  681.00000  148  665  851.00000  341.00000  59.9%   2.6  905s
 2799612 2529166  681.00000  221  568  851.00000  341.00000  59.9%   2.6  910s
 2816205 2544466  511.00000  151  662  851.00000  341.00000  59.9%   2.6  915s
 2834658 2561070  341.00000  110  722  851.00000  341.00000  59.9%   2.6  920s
 2853399 2577905  681.00000  272  512  851.00000  341.00000  59.9%   2.6  925s
 2869748 2592651  341.00000  112  714  851.00000  341.00000  59.9%   2.6  930s
 2887967 2609340  681.00000  264  547  851.00000  341.00000  59.9%   2.6  935s
 2906183 2625602  511.00000  131  699  851.00000  341.00000  59.9%   2.6  940s
 2924588 2642086  681.00000  310  478  851.00000  341.00000  59.9%   2.6  945s
 2942085 2657951  511.00000  161  650  851.00000  341.00000  59.9%   2.6  950s
 2960119 2674189  341.00000  108  728  851.00000  341.00000  59.9%   2.6  955s
 2974816 2687442  341.00000  120  707  851.00000  341.00000  59.9%   2.6  960s
 2991215 2702682  681.00000  234  566  851.00000  341.00000  59.9%   2.6  965s
 3009668 2718883  681.00000  159  660  851.00000  341.00000  59.9%   2.6  970s
 3028416 2735875  511.00000  124  708  851.00000  341.00000  59.9%   2.6  975s
 3044946 2751003  681.00000  143  670  851.00000  341.00000  59.9%   2.6  980s
 3059821 2764332  681.00000  167  656  851.00000  341.00000  59.9%   2.6  985s
 3075748 2778695  681.00000  197  608  851.00000  341.00000  59.9%   2.6  990s
 3092906 2793986  511.00000  114  714  851.00000  341.00000  59.9%   2.6  995s
 3111063 2810394  681.00000  236  554  851.00000  341.00000  59.9%   2.6 1000s
 3128855 2826249  511.00000  128  704  851.00000  341.00000  59.9%   2.6 1005s
 3146446 2841508  681.00000  308  477  851.00000  341.00000  59.9%   2.6 1010s
 3162146 2856234  341.00000  107  728  851.00000  341.00000  59.9%   2.6 1015s
 3180640 2872914  681.00000  242  563  851.00000  341.00000  59.9%   2.6 1020s
 3199088 2889690  511.00000  153  666  851.00000  341.00000  59.9%   2.6 1025s
 3212484 2901758  681.00000  267  510  851.00000  341.00000  59.9%   2.6 1030s
 3229589 2917337  681.00000  199  614  851.00000  341.00000  59.9%   2.6 1035s
 3247574 2933273  681.00000  306  478  851.00000  341.00000  59.9%   2.6 1040s
 3261255 2945860  511.00000  168  651  851.00000  341.00000  59.9%   2.6 1045s
 3279344 2962026  512.00000  100  734  851.00000  341.00000  59.9%   2.6 1050s
 3298393 2979203  511.00000  110  721  851.00000  341.00000  59.9%   2.6 1055s
 3317479 2996573  681.00000  250  552  851.00000  341.00000  59.9%   2.6 1060s
 3336068 3013462  511.00000  161  656  851.00000  341.00000  59.9%   2.6 1065s
 3354872 3030416  511.00000  128  688  851.00000  341.00000  59.9%   2.6 1070s
 3367445 3041969  681.00000  295  483  851.00000  341.00000  59.9%   2.6 1075s
 3381923 3054984  341.00000   99  741  851.00000  341.00000  59.9%   2.6 1080s
 3400143 3071482  681.00000  236  568  851.00000  341.00000  59.9%   2.6 1085s
 3419017 3088392  511.00000  111  702  851.00000  341.00000  59.9%   2.6 1090s
 3437127 3104316  681.00000  205  588  851.00000  341.00000  59.9%   2.6 1095s
 3452521 3118588  511.00000  151  656  851.00000  341.00000  59.9%   2.6 1100s
 3470258 3134862  681.00000  236  570  851.00000  341.00000  59.9%   2.6 1105s
 3488461 3151537  681.00000  187  615  851.00000  341.00000  59.9%   2.6 1110s
 3503654 3164862  511.00000  122  710  851.00000  341.00000  59.9%   2.6 1115s
 3521720 3181367  681.00000  278  514  851.00000  341.00000  59.9%   2.6 1120s
 3533619 3192105  681.00000  282  510  851.00000  341.00000  59.9%   2.6 1125s
 3552113 3208938  681.00000  248  522  851.00000  341.00000  59.9%   2.6 1130s
 3567188 3222515  341.00000  100  742  851.00000  341.00000  59.9%   2.6 1135s
 3584621 3238229  681.00000  175  638  851.00000  341.00000  59.9%   2.6 1140s
 3603306 3255220 infeasible  302       851.00000  341.00000  59.9%   2.6 1145s
 3620880 3270552  681.00000  135  683  851.00000  341.00000  59.9%   2.6 1150s
 3636925 3285969  681.00000  178  637  851.00000  341.00000  59.9%   2.6 1155s
 3655619 3302550  681.00000  175  651  851.00000  341.00000  59.9%   2.6 1160s
 3673811 3318821  681.00000  267  513  851.00000  341.00000  59.9%   2.6 1165s
 3691414 3335057  681.00000  155  661  851.00000  341.00000  59.9%   2.6 1170s
 3710435 3352084  681.00000  169  627  851.00000  341.00000  59.9%   2.6 1175s
 3728627 3368736  681.00000  189  609  851.00000  341.00000  59.9%   2.6 1180s
 3748019 3386024  681.00000  185  620  851.00000  341.00000  59.9%   2.6 1185s
 3766591 3403212  681.00000  184  618  851.00000  341.00000  59.9%   2.6 1190s
 3784683 3419643  681.00000  318  459  851.00000  341.00000  59.9%   2.6 1195s
 3800968 3434004  341.00000   89  753  851.00000  341.00000  59.9%   2.6 1200s
 3818692 3450185  681.00000  233  567  851.00000  341.00000  59.9%   2.6 1205s
 3836967 3466728  511.00000  125  708  851.00000  341.00000  59.9%   2.6 1210s
 3850311 3478656  681.00000  306  478  851.00000  341.00000  59.9%   2.6 1215s
 3862212 3489359  511.00000  113  727  851.00000  341.00000  59.9%   2.6 1220s
 3875926 3502091  681.00000  266  520  851.00000  341.00000  59.9%   2.6 1225s
 3887504 3512259  681.00000  302  487  851.00000  341.00000  59.9%   2.6 1230s
 3905386 3528448  681.00000  158  658  851.00000  341.00000  59.9%   2.6 1235s
 3923999 3545215  511.00000  132  686  851.00000  341.00000  59.9%   2.6 1240s
 3942222 3561654  681.00000  285  504  851.00000  341.00000  59.9%   2.6 1245s
 3961565 3579351  681.00000  255  528  851.00000  341.00000  59.9%   2.6 1250s
 3977106 3593615  681.00000  188  615  851.00000  341.00000  59.9%   2.6 1255s
 3996078 3610812  681.00000  172  653  851.00000  341.00000  59.9%   2.6 1260s
 4014760 3627616  681.00000  189  609  851.00000  341.00000  59.9%   2.6 1265s
 4032953 3644013  681.00000  294  486  851.00000  341.00000  59.9%   2.6 1270s
 4051757 3661093  681.00000  168  651  851.00000  341.00000  59.9%   2.6 1275s
 4070321 3677581  681.00000  123  702  851.00000  341.00000  59.9%   2.6 1280s
 4088922 3694360  681.00000  235  554  851.00000  341.00000  59.9%   2.6 1285s
 4104331 3708297  681.00000  304  481  851.00000  341.00000  59.9%   2.6 1290s
 4122429 3724682  681.00000  244  538  851.00000  341.00000  59.9%   2.6 1295s
 4139557 3739748  681.00000  302  483  851.00000  341.00000  59.9%   2.6 1300s
 4159320 3757852  681.00000  242  567  851.00000  341.00000  59.9%   2.6 1305s
 4179104 3775551  681.00000  287  502  851.00000  341.00000  59.9%   2.6 1310s
 4195653 3790623  511.00000  111  731  851.00000  341.00000  59.9%   2.6 1315s
 4214435 3807662 infeasible  309       851.00000  341.00000  59.9%   2.6 1320s
 4232769 3824596  681.00000  276  497  851.00000  341.00000  59.9%   2.6 1325s
 4250979 3840009  681.00000  237  552  851.00000  341.00000  59.9%   2.6 1330s
 4267498 3855762  681.00000  318  459  851.00000  341.00000  59.9%   2.6 1335s
 4286249 3872610  681.00000  281  506  851.00000  341.00000  59.9%   2.6 1340s
 4302003 3886841  681.00000  190  620  851.00000  341.00000  59.9%   2.6 1345s
 4316724 3900265  341.00000  107  734  851.00000  341.00000  59.9%   2.6 1350s
 4336509 3917992  681.00000  304  474  851.00000  341.00000  59.9%   2.6 1355s
 4356409 3935903  341.00000  108  722  851.00000  341.00000  59.9%   2.6 1360s
 4373832 3951835  681.00000  167  642  851.00000  341.00000  59.9%   2.6 1365s
 4393656 3969875 infeasible  164       851.00000  341.00000  59.9%   2.6 1370s
 4412813 3987068  681.00000  249  532  851.00000  341.00000  59.9%   2.6 1375s
 4432173 4004684  681.00000  232  566  851.00000  341.00000  59.9%   2.6 1380s
 4447133 4018131  511.00000  158  652  851.00000  341.00000  59.9%   2.6 1385s
 4467096 4036272  681.00000  167  654  851.00000  341.00000  59.9%   2.6 1390s
 4486919 4054092  681.00000  204  608  851.00000  341.00000  59.9%   2.6 1395s
 4504157 4069700  681.00000  311  471  851.00000  341.00000  59.9%   2.6 1400s
 4524074 4087694  681.00000  313  461  851.00000  341.00000  59.9%   2.6 1405s
 4542807 4104701  681.00000  199  611  851.00000  341.00000  59.9%   2.6 1410s
 4559143 4119149  681.00000  302  481  851.00000  341.00000  59.9%   2.6 1415s
 4577457 4135832  681.00000  275  512  851.00000  341.00000  59.9%   2.6 1420s
 4592928 4149845  511.00000  159  657  851.00000  341.00000  59.9%   2.6 1425s
 4613204 4168148  681.00000  169  654  851.00000  341.00000  59.9%   2.6 1430s
 4629756 4183151  681.00000  209  589  851.00000  341.00000  59.9%   2.6 1435s
 4649081 4200393  511.00000  144  677  851.00000  341.00000  59.9%   2.6 1440s
 4667626 4216778  511.00000   95  742  851.00000  341.00000  59.9%   2.6 1445s
 4685135 4233002  681.00000  312  478  851.00000  341.00000  59.9%   2.6 1450s
 4704340 4250138  341.00000  116  722  851.00000  341.00000  59.9%   2.6 1455s
 4721221 4265460  511.00000  157  665  851.00000  341.00000  59.9%   2.6 1460s
 4738365 4280848  511.00000  119  715  851.00000  341.00000  59.9%   2.6 1465s
 4755480 4296536  511.00000  156  665  851.00000  341.00000  59.9%   2.6 1470s
 4775642 4314719  681.00000  183  617  851.00000  341.00000  59.9%   2.6 1475s
 4795055 4332128  681.00000  215  586  851.00000  341.00000  59.9%   2.6 1480s
 4814656 4349653  681.00000  322  463  851.00000  341.00000  59.9%   2.6 1485s
 4833989 4367153  681.00000  289  506  851.00000  341.00000  59.9%   2.6 1490s
 4848320 4380219  681.00000  176  648  851.00000  341.00000  59.9%   2.6 1495s
 4861911 4392024 infeasible  312       851.00000  341.00000  59.9%   2.6 1500s
 4878683 4407225  511.00000  144  674  851.00000  341.00000  59.9%   2.6 1505s
 4898440 4425114 infeasible  160       851.00000  341.00000  59.9%   2.6 1510s
 4916820 4441486  511.00000  119  713  851.00000  341.00000  59.9%   2.6 1515s
 4933753 4456939  681.00000  228  584  851.00000  341.00000  59.9%   2.6 1520s
 4952200 4473415  681.00000  258  528  851.00000  341.00000  59.9%   2.6 1525s
 4967849 4487586  681.00000  213  584  851.00000  341.00000  59.9%   2.6 1530s
 4986955 4504779  681.00000  139  672  851.00000  341.00000  59.9%   2.6 1535s
 5004471 4520131  511.00000  147  664  851.00000  341.00000  59.9%   2.6 1540s
 5021272 4535781  681.00000  220  570  851.00000  341.00000  59.9%   2.6 1545s
 5040286 4552979  681.00000  223  567  851.00000  341.00000  59.9%   2.6 1550s
 5056562 4567666  681.00000  198  602  851.00000  341.00000  59.9%   2.6 1555s
 5074473 4583902  681.00000  174  634  851.00000  341.00000  59.9%   2.6 1560s
 5093352 4600946  681.00000  174  638  851.00000  341.00000  59.9%   2.6 1565s
 5110333 4616091  681.00000  183  619  851.00000  341.00000  59.9%   2.6 1570s
 5126658 4631158  681.00000  194  615  851.00000  341.00000  59.9%   2.6 1575s
 5143308 4645869  681.00000  322  462  851.00000  341.00000  59.9%   2.6 1580s
 5162250 4662974  681.00000  223  597  851.00000  341.00000  59.9%   2.6 1585s
 5178634 4677826  681.00000  210  608  851.00000  341.00000  59.9%   2.6 1590s
 5197060 4694197  681.00000  136  697  851.00000  341.00000  59.9%   2.6 1595s
 5212920 4708830  681.00000  151  656  851.00000  341.00000  59.9%   2.6 1600s
 5231614 4725535  511.00000  138  690  851.00000  341.00000  59.9%   2.6 1605s
 5249955 4741928  681.00000  214  599  851.00000  341.00000  59.9%   2.6 1610s
 5266495 4757005  681.00000  236  567  851.00000  341.00000  59.9%   2.6 1615s
 5284307 4772921  341.00000  106  733  851.00000  341.00000  59.9%   2.6 1620s
 5303023 4790015  511.00000  109  725  851.00000  341.00000  59.9%   2.6 1625s
 5321901 4807295  681.00000  206  602  851.00000  341.00000  59.9%   2.6 1630s
 5337129 4821082  681.00000  198  609  851.00000  341.00000  59.9%   2.6 1635s
 5356034 4837955  341.00000   98  744  851.00000  341.00000  59.9%   2.6 1640s
 5374668 4854951  681.00000  260  534  851.00000  341.00000  59.9%   2.6 1645s
 5387775 4866595 infeasible  310       851.00000  341.00000  59.9%   2.6 1650s
 5404911 4882140  511.00000  148  661  851.00000  341.00000  59.9%   2.6 1655s
 5420027 4896038  681.00000  127  691  851.00000  341.00000  59.9%   2.6 1660s
 5438004 4912104  681.00000  174  649  851.00000  341.00000  59.9%   2.6 1665s
 5455791 4928033  681.00000  267  515  851.00000  341.00000  59.9%   2.6 1670s
 5473089 4943904  681.00000  264  521  851.00000  341.00000  59.9%   2.6 1675s
 5489307 4957981  681.00000  144  666  851.00000  341.00000  59.9%   2.6 1680s
 5506340 4973576  681.00000  180  632  851.00000  341.00000  59.9%   2.6 1685s
 5523333 4989229  681.00000  277  515  851.00000  341.00000  59.9%   2.6 1690s
 5541905 5005908  681.00000  172  644  851.00000  341.00000  59.9%   2.6 1695s
 5559258 5021757  511.00000  108  733  851.00000  341.00000  59.9%   2.6 1700s
 5575229 5036056  681.00000  294  494  851.00000  341.00000  59.9%   2.6 1705s
 5593555 5052746  681.00000  298  484  851.00000  341.00000  59.9%   2.6 1710s
 5611316 5069009  681.00000  209  597  851.00000  341.00000  59.9%   2.6 1715s
 5628835 5084737  511.00000  130  682  851.00000  341.00000  59.9%   2.6 1720s
 5647658 5101731  511.00000  130  688  851.00000  341.00000  59.9%   2.6 1725s
 5665582 5117504  681.00000  313  477  851.00000  341.00000  59.9%   2.6 1730s
 5683591 5133881  681.00000  288  489  851.00000  341.00000  59.9%   2.6 1735s
 5701732 5149930  681.00000  267  528  851.00000  341.00000  59.9%   2.6 1740s
 5716763 5163785  511.00000  139  674  851.00000  341.00000  59.9%   2.6 1745s
 5736085 5181375  511.00000  121  707  851.00000  341.00000  59.9%   2.6 1750s
 5754295 5197585  681.00000  224  571  851.00000  341.00000  59.9%   2.6 1755s
 5773294 5214942  681.00000  196  607  851.00000  341.00000  59.9%   2.6 1760s
 5788932 5229167  681.00000  168  643  851.00000  341.00000  59.9%   2.6 1765s
 5808306 5246561  511.00000  148  681  851.00000  341.00000  59.9%   2.6 1770s
 5826661 5263326  681.00000  251  521  851.00000  341.00000  59.9%   2.6 1775s
 5844136 5279043  681.00000  267  516  851.00000  341.00000  59.9%   2.6 1780s
 5861939 5295239  681.00000  200  605  851.00000  341.00000  59.9%   2.6 1785s
 5879943 5311258  681.00000  329  458  851.00000  341.00000  59.9%   2.6 1790s
 5894109 5323457  511.00000  108  730  851.00000  341.00000  59.9%   2.6 1795s
 5907320 5335723  681.00000  214  573  851.00000  341.00000  59.9%   2.6 1800s

Explored 5907569 nodes (15203446 simplex iterations) in 1800.04 seconds (1596.76 work units)
Thread count was 8 (of 8 available processors)

Solution count 4: 851 852 856 857 

Time limit reached
Best objective 8.510000000000e+02, best bound 3.410000000000e+02, gap 59.9295%
! --------------------------------------------------------
! Status: FEASIBLE (time limit reached)
! Best span = 851
! Labeling: 681 511 1 171 1 1 171 1 171 171 511 1 511 1 341 1 1 171 1 341 511 171 341 341 1 511 1 171 511 171 341 1 171 171 171 341 171 1 1 1 341 1 171 511 511 171 341 1 1 171 171 171 1 511 171 171 171 171 1 341 171 1 171 171 171 851 511 1 1 851 1 1 1 341 341 1 681 341 171 1 1 1 341 1 171 171 1 1 341 1 851 1 171 171 341 171 681 1 511 341 511 341 341 341 171 171 1 1 511 341 171 681 1 171 341 171 171 171 1 171 341 171 1 171 171 341 171 511 171 341 851 1 171 1 171 1 171 1 511 171 511 1 1 171 341 1 171 171 171 1 1 1 341 1 1 681 1 171 511 1 341 511 171 171 341 681 1 681 341 171 341 171 341 341 171 341 1 171 1 1 171 1 341 341 171 171 1 341 341 511 341 511 341 1 171 1 171 171 171 511 171 511 171 681 341 1 1 171 1 171 171 1 341 171 171 1 171 341 681 171 171 171 1 341 341 341 171 171 341 1 171 171 341 341 1 681 1 171 341 1 1 341 511 511 341 171 1 1 171 171 341 171 511 1 171 511 341 1 1 171 171 341 511 1 511 1 341 511 511 1 341 1 171 341 171 511 171 341 1 1 1 1 851 511 171 171 171 1 341 1 511 171 171 341 1 341 1 511 1 341 171 341 171 171 1 341 1 171 341 511 341 511 1 171 1 171 171 341 171 171 341 341 511 681 511 341 1 1 1 341 171 1 171 341 341 341 171 1 171 1 1 1 341 171 511 1 171 171 171 1 1 171 1 341 341 341 1 171 1 171 1 1 511 171 171 171 171 511 341 1 1 171 1 1 681 171 171 171 1 171 1 1 171 171 511 1 171 511 1 171 681 171 1 1 171 1 1 341 511 1 171 511 1 511 341 171 341 1 171 1 171 1 341 1 1 511 1 341 1 171 511 1 1 1 171 341 171 511 341 171 1 341 511 171 341 1 171 171 171 171 1 511 1 171 341 171 511 341 1 1 171 341 1 1 171 511 1 1 171 341 511 1 171 171 171 341 341 681 171 1 171 1 1 341 1 1 171 171 1 1 171 1 1 171 171 1 1 1 1 171 1 681 171 171 171 341 1 171 171 341 171 1 171 341 1 341 171 341 341 171 341 341 171 171 171 1 511 341 1 171 681 341 171 1 171 171 341 851 1 1 1 511 171 1 341 1 1 1 1 341 171 171 1 341 171 1 171 511 1 171 341 171 171 1 171 1 1 511 341 1 171 1 341 171 1 171 1 511 171 511 1 171 171 171 341 341 341 171 171 681 1 1 171 1 341 171 1 1 171 341 341 341 1 341 341 341 171 171 341 1 511 1 171 1 511 1 341 511 1 511 171 1 1 341 341 511 171 1 341 341 681 1 171 681 1 1 341 1 1 171 171 1 171 171 171 341 171 1 511 171 171 171 171 1 1 1 171 511 681 1 1 1 1 341 341 341 171 171 171 1 171 1 341 171 341 171 171 341 341 1 681 511 681 171 171 1 511 341 1 341 171 341 1 171 511 
! --------------------------------------------------------
! All verification passed
