! Solving for graph /home/truongxuanhieu/Gurobi-for-MinSpanLabeling/benchmarks/abp/X-can__715.mtx.rnd
! Target value is set to 145
! Lower bound is set to 146
! Upper bound is set to 894
! Time limit is set to 1800
! Vertices mode is set to Has hole
! Target value mode is set to Antibandwidth
Set parameter WLSAccessID
Set parameter WLSSecret
Set parameter LicenseID to value 2663665
Academic license 2663665 - for non-commercial use only - registered to tu___@vnu.edu.vn
Set parameter OutputFlag to value 1
Set parameter TimeLimit to value 1800
Gurobi Optimizer version 13.0.2 build v13.0.2rc1 (linux64 - "Debian GNU/Linux 12 (bookworm)")

CPU model: AMD EPYC 7B12, instruction set [SSE2|AVX|AVX2]
Thread count: 4 physical cores, 8 logical processors, using up to 8 threads

Non-default parameters:
TimeLimit  1800

Academic license 2663665 - for non-commercial use only - registered to tu___@vnu.edu.vn
Optimize a model with 5953 rows, 646591 columns and 13331 nonzeros (Min)
Model fingerprint: 0xb9aaad33
Model has 1 linear objective coefficients
Model has 4405 simple general constraints
  2975 ABS, 1430 INDICATOR
Variable types: 0 continuous, 646591 integer (639925 binary)
Coefficient statistics:
  Matrix range     [1e+00, 1e+00]
  Objective range  [1e+00, 1e+00]
  Bounds range     [1e+00, 9e+02]
  RHS range        [1e+00, 4e+02]
  GenCon rhs range [1e+00, 1e+00]
  GenCon coe range [1e+00, 1e+00]

Presolve added 8693 rows and 0 columns
Presolve removed 0 rows and 629685 columns
Presolve time: 0.16s
Presolved: 14646 rows, 16906 columns, 40360 nonzeros
Presolved model has 2975 SOS constraint(s)
Variable types: 0 continuous, 16906 integer (2860 binary)
Performing another presolve...
Presolve removed 6550 rows and 6550 columns
Presolve time: 0.09s
Found heuristic solution: objective 894.0000000

Root relaxation: objective 1.460000e+02, 7093 iterations, 0.06 seconds (0.04 work units)

    Nodes    |    Current Node    |     Objective Bounds      |     Work
 Expl Unexpl |  Obj  Depth IntInf | Incumbent    BestBd   Gap | It/Node Time

     0     0  146.00000    0 2140  894.00000  146.00000  83.7%     -    0s
H    0     0                     872.0000000  146.00000  83.3%     -    0s
     0     0  146.00000    0 2158  872.00000  146.00000  83.3%     -    0s
H    0     0                     871.0000000  146.00000  83.2%     -    0s
     0     0  146.00000    0 2144  871.00000  146.00000  83.2%     -    0s
     0     0  146.00000    0 2144  871.00000  146.00000  83.2%     -    1s
     0     2  146.00000    0 2144  871.00000  146.00000  83.2%     -    1s
  2697  2744  726.00000  344 1355  871.00000  146.00000  83.2%  14.3    5s
  5276  5028  581.00000  110    1  871.00000  146.00000  83.2%   9.6   10s
  8337  7116  726.00000  392 1240  871.00000  146.00000  83.2%  12.6   15s
 16003 12013  581.00000   93 1849  871.00000  291.00000  66.6%   8.7   20s
 23921 18058  726.00000  679  725  871.00000  291.00000  66.6%   8.9   25s
 33156 26809  726.00000  634  777  871.00000  291.00000  66.6%   8.5   30s
 38480 31640  581.00000   99 1858  871.00000  291.00000  66.6%   8.3   37s
 40319 33438  726.00000  118 1810  871.00000  291.00000  66.6%   8.1   40s
 49335 41801  581.00000  104 1850  871.00000  291.00000  66.6%   8.1   45s
 57691 49699  726.00000  847  459  871.00000  292.00000  66.5%   8.0   50s
 67153 58335  726.00000  768  486  871.00000  292.00000  66.5%   7.9   55s
 76648 67287  726.00000  789  581  871.00000  292.00000  66.5%   7.9   60s
 85688 75832  726.00000  739  659  871.00000  292.00000  66.5%   8.0   65s
 94807 84514  726.00000  809  509  871.00000  292.00000  66.5%   8.0   70s
 104297 93412  726.00000  916  351  871.00000  436.00000  49.9%   8.0   75s
 113323 101746  726.00000  951  246  871.00000  436.00000  49.9%   8.0   80s
 120856 108928  726.00000  656  728  871.00000  436.00000  49.9%   8.0   85s
 129005 116350  726.00000  380 1254  871.00000  436.00000  49.9%   8.0   90s
 137810 124551  726.00000  422 1139  871.00000  436.00000  49.9%   8.0   95s
 145945 132041  726.00000  403 1206  871.00000  436.00000  49.9%   8.0  100s
 154348 139633  726.00000  371 1280  871.00000  436.00000  49.9%   7.9  105s
 163401 148172  726.00000  349 1346  871.00000  436.00000  49.9%   8.0  110s
 172199 156278  727.00000  371 1274  871.00000  436.00000  49.9%   8.0  115s
 180727 164045  726.00000  310 1414  871.00000  436.00000  49.9%   7.9  120s
 189075 171495  436.00000  121 1852  871.00000  436.00000  49.9%   7.8  125s
 197461 179284  726.00000 1094   83  871.00000  436.00000  49.9%   7.8  130s
 206388 187641  726.00000 1096   26  871.00000  436.00000  49.9%   7.8  135s
 215204 196004  727.00000 1037  150  871.00000  436.00000  49.9%   7.8  140s
 223728 203884  726.00000  959  241  871.00000  436.00000  49.9%   7.8  145s
 233125 212548  727.00000  982  248  871.00000  436.00000  49.9%   7.8  150s
 241997 220817  726.00000  970  232  871.00000  436.00000  49.9%   7.8  155s
 249504 227715  727.00000  742  663  871.00000  436.00000  49.9%   7.8  160s
 257440 234870  726.00000  342 1352  871.00000  436.00000  49.9%   7.8  165s
H265692 17533                     726.0000000  436.00000  39.9%   7.8  170s
 272872 18043  436.00000   59 1950  726.00000  436.00000  39.9%   7.8  175s
 280141 19782  436.00000   52 2016  726.00000  436.00000  39.9%   7.7  180s
 288223 20516  436.00000  105 1863  726.00000  436.00000  39.9%   7.6  185s
 295050 20919  436.00000   62 1973  726.00000  436.00000  39.9%   7.6  190s
 301922 21842  581.00000   37 1983  726.00000  436.00000  39.9%   7.5  195s
 308842 23675  436.00000  100 1859  726.00000  436.00000  39.9%   7.5  200s
 316234 25354 infeasible   62       726.00000  436.00000  39.9%   7.4  205s
 324676 26696 infeasible   51       726.00000  436.00000  39.9%   7.3  210s
 333546 28268  436.00000   98 1851  726.00000  436.00000  39.9%   7.3  215s
 341396 29682 infeasible   88       726.00000  436.00000  39.9%   7.2  220s
 349164 31477  436.00000  105 1891  726.00000  436.00000  39.9%   7.2  225s
 355823 33185  581.00000  102 1818  726.00000  436.00000  39.9%   7.2  230s
 363024 35086 infeasible  112       726.00000  436.00000  39.9%   7.2  235s
 371037 36930 infeasible  104       726.00000  436.00000  39.9%   7.1  240s
 378761 38659 infeasible  116       726.00000  436.00000  39.9%   7.1  245s
 385729 39589 infeasible   61       726.00000  436.00000  39.9%   7.1  250s
 393322 40429  436.00000   57 1998  726.00000  436.00000  39.9%   7.1  255s
 401336 42064 infeasible   69       726.00000  436.00000  39.9%   7.0  260s
 409042 43652  436.00000   63 1991  726.00000  436.00000  39.9%   7.0  265s
 417706 45043 infeasible   71       726.00000  436.00000  39.9%   7.1  270s
 426014 46264  436.00000   63 1985  726.00000  436.00000  39.9%   7.1  275s
 434370 47476  582.00000   88 1823  726.00000  436.00000  39.9%   7.2  280s
 442582 48771  436.00000   58 1951  726.00000  436.00000  39.9%   7.2  285s
 450864 50074 infeasible  244       726.00000  436.00000  39.9%   7.2  290s
 459752 51671 infeasible  114       726.00000  436.00000  39.9%   7.1  295s
 468447 54052  436.00000  117 1827  726.00000  436.00000  39.9%   7.1  300s
 476697 55783 infeasible  114       726.00000  436.00000  39.9%   7.1  305s
 485039 57303  581.00000   75 1860  726.00000  436.00000  39.9%   7.0  310s
 493746 58844 infeasible   90       726.00000  436.00000  39.9%   7.0  315s
 502053 60762  581.00000  126 1796  726.00000  436.00000  39.9%   7.0  320s
 510618 62811  581.00000   94 1833  726.00000  436.00000  39.9%   7.0  325s
 518699 65864 infeasible   90       726.00000  436.00000  39.9%   6.9  330s
 527577 69243  581.00000  153 1649  726.00000  436.00000  39.9%   6.9  335s
 536654 71431  581.00000  121 1794  726.00000  436.00000  39.9%   6.9  340s
 545072 73575  581.00000  299 1384  726.00000  436.00000  39.9%   6.9  345s
 554447 75779 infeasible  105       726.00000  436.00000  39.9%   6.9  350s
 563372 78160  436.00000   93 1873  726.00000  436.00000  39.9%   6.9  355s
 571704 81067  581.00000  306 1379  726.00000  436.00000  39.9%   6.9  360s
 580915 83192  436.00000   83 1887  726.00000  436.00000  39.9%   6.8  365s
 588512 84783  581.00000   89 1840  726.00000  436.00000  39.9%   6.8  370s
 597684 86187  581.00000   95 1824  726.00000  436.00000  39.9%   6.8  375s
 607062 88212 infeasible  114       726.00000  436.00000  39.9%   6.8  380s
 616335 89573 infeasible  133       726.00000  436.00000  39.9%   6.7  385s
 625741 90641 infeasible  107       726.00000  436.00000  39.9%   6.7  390s
 636050 91386 infeasible  122       726.00000  436.00000  39.9%   6.7  395s
 645030 94367  581.00000  333 1309  726.00000  436.00000  39.9%   6.7  400s
 653762 96974 infeasible  126       726.00000  436.00000  39.9%   6.7  405s
 662297 99188  581.00000  465 1125  726.00000  436.00000  39.9%   6.7  410s
 671474 101451  581.00000   91 1812  726.00000  436.00000  39.9%   6.7  415s
 681729 103223 infeasible  107       726.00000  436.00000  39.9%   6.7  420s
 690791 104610 infeasible   90       726.00000  436.00000  39.9%   6.6  425s
 699800 107394  581.00000  425 1167  726.00000  436.00000  39.9%   6.6  430s
 709539 109274  436.00000   52 1991  726.00000  436.00000  39.9%   6.6  435s
 718866 111103  581.00000   96 1833  726.00000  436.00000  39.9%   6.6  440s
 728442 112643  436.00000   66 1943  726.00000  436.00000  39.9%   6.6  445s
 738502 114570 infeasible  128       726.00000  436.00000  39.9%   6.6  450s
 747470 116628 infeasible   70       726.00000  436.00000  39.9%   6.5  455s
 756488 118303 infeasible   70       726.00000  436.00000  39.9%   6.5  460s
 765719 119640  581.00000   67 1794  726.00000  436.00000  39.9%   6.5  465s
 775699 121019 infeasible   67       726.00000  436.00000  39.9%   6.5  470s
 785603 122199  581.00000   69 1817  726.00000  436.00000  39.9%   6.4  475s
 794760 123195  436.00000   64 1960  726.00000  436.00000  39.9%   6.4  480s
 804172 124010  581.00000   64 1805  726.00000  436.00000  39.9%   6.4  485s
 813721 125261 infeasible   67       726.00000  436.00000  39.9%   6.4  490s
 819532 125759  581.00000   62 1882  726.00000  436.00000  39.9%   6.4  495s
 829798 127118  581.00000   61 1819  726.00000  436.00000  39.9%   6.3  500s
 840147 128046  581.00000   69 1825  726.00000  436.00000  39.9%   6.3  505s
 850251 129581 infeasible   67       726.00000  436.00000  39.9%   6.3  510s
 860696 131292  581.00000  135 1710  726.00000  436.00000  39.9%   6.3  515s
 871720 132794 infeasible   87       726.00000  436.00000  39.9%   6.2  520s
 882115 134881  581.00000   65 1823  726.00000  436.00000  39.9%   6.2  525s
 892731 136816  436.00000   65 1968  726.00000  436.00000  39.9%   6.2  530s
 902275 138762  581.00000  108 1645  726.00000  436.00000  39.9%   6.2  535s
 912359 140379 infeasible   62       726.00000  436.00000  39.9%   6.2  540s
 922375 141643  581.00000   65 1806  726.00000  436.00000  39.9%   6.2  545s
 932623 142884 infeasible   65       726.00000  436.00000  39.9%   6.1  550s
 943107 143968 infeasible   65       726.00000  436.00000  39.9%   6.1  555s
 953142 145381  436.00000  120 1830  726.00000  436.00000  39.9%   6.1  560s
 964350 147195  436.00000   58 1969  726.00000  436.00000  39.9%   6.1  565s
 974188 149277  581.00000   61 1815  726.00000  436.00000  39.9%   6.1  570s
 985020 150770  581.00000   85 1834  726.00000  436.00000  39.9%   6.0  575s
 995814 152390 infeasible  120       726.00000  436.00000  39.9%   6.0  580s
 1006007 153878  581.00000   62 1864  726.00000  436.00000  39.9%   6.0  585s
 1016600 155460  436.00000   62 1969  726.00000  436.00000  39.9%   6.0  590s
 1026507 157398 infeasible  134       726.00000  436.00000  39.9%   6.0  595s
 1031782 158728 infeasible   68       726.00000  436.00000  39.9%   6.0  600s
 1036588 159608  581.00000   74 1869  726.00000  436.00000  39.9%   6.0  605s
 1041266 160607 infeasible   77       726.00000  436.00000  39.9%   6.0  610s
 1045965 161403 infeasible   63       726.00000  436.00000  39.9%   6.0  615s
 1050043 162005 infeasible   67       726.00000  436.00000  39.9%   5.9  620s
 1055614 162657 infeasible   68       726.00000  436.00000  39.9%   5.9  625s
 1061311 163600 infeasible   64       726.00000  436.00000  39.9%   5.9  630s
 1067225 164329  436.00000   60 1978  726.00000  436.00000  39.9%   5.9  635s
 1072442 164827  436.00000   60 1941  726.00000  436.00000  39.9%   5.9  640s
 1078141 166256  581.00000   64 1806  726.00000  436.00000  39.9%   5.9  645s
 1084134 167125  581.00000   68 1870  726.00000  436.00000  39.9%   5.9  650s
 1090535 168360  436.00000  118 1844  726.00000  436.00000  39.9%   5.9  655s
 1096081 169244  582.00000   63 1809  726.00000  436.00000  39.9%   5.9  660s
 1101927 170080  436.00000   63 1948  726.00000  436.00000  39.9%   5.9  665s
 1107922 171031  437.00000  113 1844  726.00000  436.00000  39.9%   5.9  670s
 1113586 171890 infeasible   72       726.00000  436.00000  39.9%   5.9  675s
 1119518 173185 infeasible   90       726.00000  436.00000  39.9%   5.9  680s
 1125737 174611  436.00000   56 1972  726.00000  436.00000  39.9%   5.9  685s
 1131650 175736 infeasible   68       726.00000  436.00000  39.9%   5.9  690s
 1137142 176387  436.00000   61 1960  726.00000  436.00000  39.9%   5.9  695s
 1142717 177087  436.00000   67 1948  726.00000  436.00000  39.9%   5.9  700s
 1148011 177752  436.00000   66 1960  726.00000  436.00000  39.9%   5.9  705s
 1154077 178420 infeasible  110       726.00000  436.00000  39.9%   5.9  710s
 1159283 178950  436.00000   85 1885  726.00000  436.00000  39.9%   5.9  715s
 1164934 179536 infeasible   98       726.00000  436.00000  39.9%   5.9  720s
 1171362 180612  581.00000   87 1791  726.00000  436.00000  39.9%   5.8  725s
 1178448 181849  581.00000  107 1732  726.00000  436.00000  39.9%   5.8  730s
 1184680 183855 infeasible   98       726.00000  436.00000  39.9%   5.8  735s
 1190948 184807  581.00000  114 1781  726.00000  436.00000  39.9%   5.8  740s
 1197258 186051 infeasible   53       726.00000  436.00000  39.9%   5.8  745s
 1203988 187132  437.00000  114 1845  726.00000  436.00000  39.9%   5.8  750s
 1210713 188158 infeasible   66       726.00000  436.00000  39.9%   5.8  755s
 1216431 188789  436.00000   65 1968  726.00000  436.00000  39.9%   5.8  760s
 1222062 189732  436.00000   60 1966  726.00000  436.00000  39.9%   5.8  765s
 1229085 190805  581.00000   61 1890  726.00000  436.00000  39.9%   5.8  770s
 1236049 192034  582.00000   96 1828  726.00000  436.00000  39.9%   5.8  775s
 1246612 193822  581.00000  117 1743  726.00000  436.00000  39.9%   5.8  780s
 1257298 195762  581.00000  131 1767  726.00000  436.00000  39.9%   5.8  785s
 1267434 197673 infeasible   85       726.00000  436.00000  39.9%   5.8  790s
 1277371 199646 infeasible   90       726.00000  436.00000  39.9%   5.8  795s
 1286920 201343 infeasible  110       726.00000  436.00000  39.9%   5.8  800s
 1297944 202795 infeasible   95       726.00000  436.00000  39.9%   5.7  805s
 1308317 205117  581.00000   98 1826  726.00000  436.00000  39.9%   5.7  810s
 1318361 207357  581.00000  122 1772  726.00000  436.00000  39.9%   5.7  815s
 1327882 209369  436.00000   66 1952  726.00000  436.00000  39.9%   5.7  820s
 1337106 211432  581.00000   95 1846  726.00000  436.00000  39.9%   5.7  825s
 1346470 213556  581.00000   73 1879  726.00000  436.00000  39.9%   5.7  830s
 1354887 214809 infeasible   60       726.00000  436.00000  39.9%   5.7  835s
 1361499 215709  436.00000   52 1985  726.00000  436.00000  39.9%   5.7  840s
 1369955 216911 infeasible   60       726.00000  436.00000  39.9%   5.7  845s
 1380065 218502 infeasible   73       726.00000  436.00000  39.9%   5.7  850s
 1390216 220881 infeasible   78       726.00000  436.00000  39.9%   5.7  855s
 1400524 222800 infeasible   99       726.00000  436.00000  39.9%   5.7  860s
 1411066 225244  581.00000  101 1701  726.00000  436.00000  39.9%   5.7  865s
 1421649 227446 infeasible  132       726.00000  436.00000  39.9%   5.7  870s
 1432745 229607  581.00000   67 1790  726.00000  436.00000  39.9%   5.7  875s
 1443305 231775  581.00000   79 1763  726.00000  436.00000  39.9%   5.6  880s
 1454072 234173  581.00000   83 1813  726.00000  436.00000  39.9%   5.6  885s
 1464470 237052 infeasible  113       726.00000  436.00000  39.9%   5.6  890s
 1475075 239371  581.00000  100 1709  726.00000  436.00000  39.9%   5.6  895s
 1485129 241965 infeasible   74       726.00000  436.00000  39.9%   5.6  900s
 1495137 244530  581.00000   72 1862  726.00000  436.00000  39.9%   5.6  905s
 1505564 246650  581.00000   86 1754  726.00000  436.00000  39.9%   5.6  910s
 1511241 248082  436.00000   65 1959  726.00000  436.00000  39.9%   5.6  915s
 1520538 250556 infeasible   79       726.00000  436.00000  39.9%   5.6  920s
 1530652 252170  581.00000   63 1856  726.00000  436.00000  39.9%   5.6  925s
 1541273 254421  581.00000   94 1729  726.00000  436.00000  39.9%   5.6  930s
 1551123 256191  581.00000   67 1796  726.00000  436.00000  39.9%   5.6  935s
 1560938 258336  436.00000   65 1950  726.00000  436.00000  39.9%   5.6  940s
 1571442 260183  581.00000  101 1704  726.00000  436.00000  39.9%   5.6  945s
 1582060 262526 infeasible   66       726.00000  436.00000  39.9%   5.6  950s
 1592576 264248  581.00000   95 1810  726.00000  436.00000  39.9%   5.5  955s
 1602848 266434 infeasible   79       726.00000  436.00000  39.9%   5.5  960s
 1613182 268645 infeasible   86       726.00000  436.00000  39.9%   5.5  965s
 1623245 270906  581.00000   76 1785  726.00000  436.00000  39.9%   5.5  970s
 1632884 272601 infeasible   69       726.00000  436.00000  39.9%   5.5  975s
 1642801 274363  436.00000   57 1991  726.00000  436.00000  39.9%   5.5  980s
 1652671 276383  581.00000  115 1635  726.00000  436.00000  39.9%   5.5  985s
 1662706 278529 infeasible  102       726.00000  436.00000  39.9%   5.5  990s
 1672938 280226 infeasible   69       726.00000  436.00000  39.9%   5.5  995s
 1682494 282547  581.00000   63 1849  726.00000  436.00000  39.9%   5.5 1000s
 1692961 283923  436.00000   68 1962  726.00000  436.00000  39.9%   5.5 1005s
 1703124 285729  436.00000   64 1976  726.00000  436.00000  39.9%   5.5 1010s
 1713244 287738 infeasible   98       726.00000  436.00000  39.9%   5.5 1015s
 1723478 289538  436.00000   61 1970  726.00000  436.00000  39.9%   5.5 1020s
 1733258 291421 infeasible  108       726.00000  436.00000  39.9%   5.5 1025s
 1743324 293366  581.00000   73 1783  726.00000  436.00000  39.9%   5.5 1030s
 1753221 294797  581.00000   79 1777  726.00000  436.00000  39.9%   5.5 1035s
 1762813 295560  436.00000   60 1970  726.00000  436.00000  39.9%   5.5 1040s
 1772842 296860  581.00000   83 1709  726.00000  436.00000  39.9%   5.4 1045s
 1782988 298074 infeasible   96       726.00000  436.00000  39.9%   5.4 1050s
 1793353 299502 infeasible   70       726.00000  436.00000  39.9%   5.4 1055s
 1802745 300997  581.00000   83 1769  726.00000  436.00000  39.9%   5.4 1060s
 1811839 302596  436.00000   62 1974  726.00000  436.00000  39.9%   5.4 1065s
 1821288 303889  581.00000   70 1789  726.00000  436.00000  39.9%   5.4 1070s
 1830692 305147  436.00000   56 1992  726.00000  436.00000  39.9%   5.4 1075s
 1839767 306904 infeasible   66       726.00000  436.00000  39.9%   5.4 1080s
 1849473 308624  436.00000   65 1977  726.00000  436.00000  39.9%   5.4 1085s
 1858121 309651  436.00000   63 1961  726.00000  436.00000  39.9%   5.4 1090s
 1868234 311297  581.00000   76 1763  726.00000  436.00000  39.9%   5.4 1095s
 1877032 312854  581.00000   87 1754  726.00000  436.00000  39.9%   5.4 1100s
 1884643 313521  581.00000  111 1731  726.00000  436.00000  39.9%   5.4 1105s
 1891356 314262 infeasible   55       726.00000  436.00000  39.9%   5.4 1110s
 1899458 315249  581.00000   68 1806  726.00000  436.00000  39.9%   5.4 1115s
 1907714 316321  436.00000  117 1850  726.00000  436.00000  39.9%   5.4 1120s
 1916258 317479 infeasible   61       726.00000  436.00000  39.9%   5.4 1125s
 1924307 318584 infeasible   68       726.00000  436.00000  39.9%   5.4 1130s
 1931843 319313  436.00000   62 1969  726.00000  436.00000  39.9%   5.4 1135s
 1939317 320223 infeasible   62       726.00000  436.00000  39.9%   5.4 1140s
 1946822 320893 infeasible   68       726.00000  436.00000  39.9%   5.4 1145s
 1953894 321602  581.00000   66 1816  726.00000  436.00000  39.9%   5.4 1150s
 1961547 322225 infeasible   64       726.00000  436.00000  39.9%   5.4 1155s
 1968337 322945 infeasible   68       726.00000  436.00000  39.9%   5.4 1160s
 1974919 323479 infeasible   66       726.00000  436.00000  39.9%   5.3 1165s
 1983092 324132  581.00000   64 1870  726.00000  436.00000  39.9%   5.3 1170s
 1990936 325299 infeasible   59       726.00000  436.00000  39.9%   5.3 1175s
 1999261 326482 infeasible   61       726.00000  436.00000  39.9%   5.3 1180s
 2008241 328040  581.00000  126 1639  726.00000  436.00000  39.9%   5.3 1185s
 2017433 329754 infeasible   61       726.00000  436.00000  39.9%   5.3 1190s
 2026170 331258  436.00000   49 2011  726.00000  436.00000  39.9%   5.3 1195s
 2034196 332697  581.00000  121 1667  726.00000  436.00000  39.9%   5.3 1200s
 2041206 333803 infeasible  108       726.00000  436.00000  39.9%   5.3 1205s
 2046804 334838 infeasible   64       726.00000  436.00000  39.9%   5.3 1210s
 2051706 335483 infeasible   65       726.00000  436.00000  39.9%   5.3 1215s
 2060160 336525  436.00000   49 2016  726.00000  436.00000  39.9%   5.3 1220s
 2068887 338940 infeasible   59       726.00000  436.00000  39.9%   5.3 1225s
 2078213 341262  581.00000  114 1641  726.00000  436.00000  39.9%   5.3 1230s
 2087221 343175 infeasible   69       726.00000  436.00000  39.9%   5.3 1235s
 2097006 344695 infeasible   73       726.00000  436.00000  39.9%   5.3 1240s
 2104617 345877  581.00000   73 1826  726.00000  436.00000  39.9%   5.3 1245s
 2113335 346740 infeasible   62       726.00000  436.00000  39.9%   5.3 1250s
 2122654 347308  436.00000   55 1989  726.00000  436.00000  39.9%   5.3 1255s
 2130571 347751  436.00000   57 1986  726.00000  436.00000  39.9%   5.3 1260s
 2138334 348024 infeasible   61       726.00000  436.00000  39.9%   5.2 1265s
 2145578 348632  436.00000   57 1977  726.00000  436.00000  39.9%   5.2 1270s
 2152647 349197 infeasible   66       726.00000  436.00000  39.9%   5.2 1275s
 2160185 349940 infeasible   68       726.00000  436.00000  39.9%   5.2 1280s
 2168325 351414  581.00000  126 1651  726.00000  436.00000  39.9%   5.2 1285s
 2178218 353419  581.00000  124 1683  726.00000  436.00000  39.9%   5.2 1290s
 2188106 355526  581.00000   75 1857  726.00000  436.00000  39.9%   5.2 1295s
 2198319 357111 infeasible   58       726.00000  436.00000  39.9%   5.2 1300s
 2207712 359017  436.00000   94 1872  726.00000  436.00000  39.9%   5.2 1305s
 2216370 360488 infeasible   59       726.00000  436.00000  39.9%   5.2 1310s
 2223503 361204 infeasible   68       726.00000  436.00000  39.9%   5.2 1315s
 2231187 362049  436.00000   63 1964  726.00000  436.00000  39.9%   5.2 1320s
 2238632 362668 infeasible   85       726.00000  436.00000  39.9%   5.2 1325s
 2246346 363643  581.00000  121 1807  726.00000  436.00000  39.9%   5.2 1330s
 2254996 364699  581.00000  118 1803  726.00000  436.00000  39.9%   5.2 1335s
 2264435 365986 infeasible   62       726.00000  436.00000  39.9%   5.2 1340s
 2273865 367234 infeasible   66       726.00000  436.00000  39.9%   5.2 1345s
 2282508 368655 infeasible   66       726.00000  436.00000  39.9%   5.2 1350s
 2291438 369504 infeasible   59       726.00000  436.00000  39.9%   5.2 1355s
 2300390 369954  436.00000   73 1945  726.00000  436.00000  39.9%   5.2 1360s
 2309920 370621 infeasible   50       726.00000  436.00000  39.9%   5.2 1365s
 2318282 371843 infeasible  125       726.00000  436.00000  39.9%   5.3 1370s
 2326369 372859 infeasible   60       726.00000  436.00000  39.9%   5.3 1375s
 2336144 374985  581.00000  121 1806  726.00000  436.00000  39.9%   5.3 1380s
 2344957 377058  581.00000  160 1659  726.00000  436.00000  39.9%   5.3 1385s
 2354336 378280  436.00000  104 1866  726.00000  436.00000  39.9%   5.3 1390s
 2363699 379706 infeasible  139       726.00000  436.00000  39.9%   5.3 1395s
 2373845 381046  436.00000  125 1856  726.00000  436.00000  39.9%   5.3 1400s
 2382642 383145  436.00000   96 1862  726.00000  436.00000  39.9%   5.3 1405s
 2391629 384703 infeasible  114       726.00000  436.00000  39.9%   5.3 1410s
 2401101 386002 infeasible   94       726.00000  436.00000  39.9%   5.2 1415s
 2410950 387552  436.00000  113 1854  726.00000  436.00000  39.9%   5.2 1420s
 2420284 389306  581.00000  102 1825  726.00000  436.00000  39.9%   5.2 1425s
 2429908 391589  581.00000  129 1613  726.00000  436.00000  39.9%   5.2 1430s
 2438591 394372 infeasible  135       726.00000  436.00000  39.9%   5.3 1435s
 2447745 396162 infeasible  108       726.00000  436.00000  39.9%   5.3 1440s
 2456544 397882  436.00000   89 1870  726.00000  436.00000  39.9%   5.3 1445s
 2465734 399461  581.00000  181 1633  726.00000  436.00000  39.9%   5.3 1450s
 2475206 400587 infeasible  103       726.00000  436.00000  39.9%   5.3 1455s
 2484463 402546 infeasible  153       726.00000  436.00000  39.9%   5.3 1460s
 2492232 403561  436.00000  112 1869  726.00000  436.00000  39.9%   5.3 1465s
 2501830 404883 infeasible  148       726.00000  436.00000  39.9%   5.2 1470s
 2512224 406729 infeasible  157       726.00000  436.00000  39.9%   5.2 1475s
 2521510 407401 infeasible   68       726.00000  436.00000  39.9%   5.2 1480s
 2529676 407885  436.00000   58 1977  726.00000  436.00000  39.9%   5.2 1485s
 2539165 409427  581.00000   48 1912  726.00000  436.00000  39.9%   5.2 1490s
 2547893 412368  581.00000   61 1885  726.00000  436.00000  39.9%   5.2 1495s
 2557379 413785 infeasible   70       726.00000  436.00000  39.9%   5.2 1500s
 2565851 415014 infeasible   66       726.00000  436.00000  39.9%   5.2 1505s
 2575031 416639  581.00000   71 1868  726.00000  436.00000  39.9%   5.2 1510s
 2583724 418354  436.00000   52 2009  726.00000  436.00000  39.9%   5.3 1515s
 2593633 419575  581.00000   66 1886  726.00000  436.00000  39.9%   5.3 1520s
 2603786 420618  581.00000   66 1799  726.00000  436.00000  39.9%   5.3 1525s
 2613057 421847 infeasible   68       726.00000  436.00000  39.9%   5.3 1530s
 2623267 423155 infeasible   59       726.00000  436.00000  39.9%   5.3 1535s
 2632534 424054  581.00000   61 1893  726.00000  436.00000  39.9%   5.3 1540s
 2642428 425281 infeasible   69       726.00000  436.00000  39.9%   5.3 1545s
 2653080 426323  581.00000   64 1813  726.00000  436.00000  39.9%   5.3 1550s
 2662644 427502  581.00000   60 1869  726.00000  436.00000  39.9%   5.3 1555s
 2672769 428676  436.00000   56 1988  726.00000  436.00000  39.9%   5.4 1560s
 2682781 430081 infeasible   67       726.00000  436.00000  39.9%   5.4 1565s
 2688728 430863 infeasible   72       726.00000  436.00000  39.9%   5.4 1570s
 2697648 432245  436.00000   53 2006  726.00000  436.00000  39.9%   5.4 1575s
 2707864 433445 infeasible   64       726.00000  436.00000  39.9%   5.4 1580s
 2717509 434872  581.00000   74 1881  726.00000  436.00000  39.9%   5.4 1585s
 2726807 435980 infeasible   63       726.00000  436.00000  39.9%   5.4 1590s
 2736988 437340  436.00000   61 1976  726.00000  436.00000  39.9%   5.4 1595s
 2746666 438404  436.00000   54 2004  726.00000  436.00000  39.9%   5.4 1600s
 2757534 439358  581.00000   65 1872  726.00000  436.00000  39.9%   5.4 1605s
 2767890 440788  581.00000   70 1870  726.00000  436.00000  39.9%   5.4 1610s
 2778908 442526  582.00000   60 1803  726.00000  436.00000  39.9%   5.4 1615s
 2789898 443982  581.00000   63 1883  726.00000  436.00000  39.9%   5.5 1620s
 2798838 445182 infeasible   62       726.00000  436.00000  39.9%   5.5 1625s
 2808380 446307 infeasible   73       726.00000  436.00000  39.9%   5.5 1630s
 2818459 447347  436.00000   57 1994  726.00000  436.00000  39.9%   5.5 1635s
 2828679 448499 infeasible   61       726.00000  436.00000  39.9%   5.5 1640s
 2838772 449569  581.00000   65 1894  726.00000  436.00000  39.9%   5.5 1645s
 2849425 450502  581.00000   66 1801  726.00000  436.00000  39.9%   5.5 1650s
 2859584 451526 infeasible   65       726.00000  436.00000  39.9%   5.5 1655s
 2869268 452929 infeasible   64       726.00000  436.00000  39.9%   5.5 1660s
 2878902 454217 infeasible   62       726.00000  436.00000  39.9%   5.5 1665s
 2889160 455530 infeasible   66       726.00000  436.00000  39.9%   5.5 1670s
 2899602 456649  581.00000   66 1877  726.00000  436.00000  39.9%   5.5 1675s
 2909632 457532  581.00000   62 1865  726.00000  436.00000  39.9%   5.6 1680s
 2918924 458590 infeasible   69       726.00000  436.00000  39.9%   5.6 1685s
 2928950 459716 infeasible   67       726.00000  436.00000  39.9%   5.6 1690s
 2939059 460789 infeasible   69       726.00000  436.00000  39.9%   5.6 1695s
 2948813 462327 infeasible   64       726.00000  436.00000  39.9%   5.6 1700s
 2958787 463485  436.00000   56 1995  726.00000  436.00000  39.9%   5.6 1705s
 2969204 464493  581.00000   62 1887  726.00000  436.00000  39.9%   5.6 1710s
 2979250 465583  581.00000   65 1883  726.00000  436.00000  39.9%   5.6 1715s
 2989668 466356  581.00000   62 1801  726.00000  436.00000  39.9%   5.6 1720s
 3000046 468114  581.00000   67 1882  726.00000  436.00000  39.9%   5.6 1725s
 3010376 470178  581.00000   88 1767  726.00000  436.00000  39.9%   5.6 1730s
 3022295 472220  581.00000   74 1782  726.00000  436.00000  39.9%   5.6 1735s
 3033216 474442 infeasible   67       726.00000  436.00000  39.9%   5.6 1740s
 3044640 476291 infeasible   90       726.00000  436.00000  39.9%   5.6 1745s
 3055791 477988 infeasible   63       726.00000  436.00000  39.9%   5.6 1750s
 3066393 479698 infeasible   80       726.00000  436.00000  39.9%   5.6 1755s
 3076244 481208 infeasible  100       726.00000  436.00000  39.9%   5.6 1760s
 3086521 482265  581.00000   63 1874  726.00000  436.00000  39.9%   5.6 1765s
 3095913 484519  436.00000   61 1914  726.00000  436.00000  39.9%   5.6 1770s
 3105859 487114  581.00000   77 1852  726.00000  436.00000  39.9%   5.6 1775s
 3115441 488968  581.00000   66 1868  726.00000  436.00000  39.9%   5.6 1780s
 3126511 492109 infeasible   68       726.00000  436.00000  39.9%   5.6 1785s
 3137318 494102  581.00000   72 1850  726.00000  436.00000  39.9%   5.6 1790s
 3149147 496226 infeasible   56       726.00000  436.00000  39.9%   5.6 1795s
 3159748 497836 infeasible   62       726.00000  436.00000  39.9%   5.6 1800s

Cutting planes:
  MIR: 1

Explored 3160069 nodes (17768722 simplex iterations) in 1800.02 seconds (2503.01 work units)
Thread count was 8 (of 8 available processors)

Solution count 4: 726 871 872 894 

Time limit reached
Best objective 7.260000000000e+02, best bound 4.360000000000e+02, gap 39.9449%
! --------------------------------------------------------
! Status: FEASIBLE (time limit reached)
! Best span = 726
! Labeling: 146 436 291 291 146 146 291 146 146 1 146 146 436 291 146 436 291 436 146 1 436 436 581 146 726 146 581 726 436 1 436 581 146 1 1 146 1 436 436 146 581 436 291 1 581 146 291 146 291 146 581 1 726 291 581 581 146 436 436 581 581 436 436 436 581 436 146 1 291 436 726 146 146 146 291 436 291 1 581 581 146 1 146 1 291 146 436 581 1 436 436 581 291 291 146 436 291 436 726 436 726 436 1 436 581 1 1 146 291 146 146 581 436 1 581 291 291 581 146 436 1 581 436 581 291 291 146 581 1 436 146 436 1 146 436 436 581 581 1 1 146 291 581 436 291 436 146 146 146 1 1 581 1 291 581 436 581 436 291 146 146 291 1 436 581 1 291 146 291 1 146 436 291 1 291 581 291 1 436 1 291 436 1 146 581 1 581 581 146 291 1 291 146 146 1 146 1 436 291 436 291 581 581 581 291 291 291 581 581 291 146 436 436 1 146 291 1 1 291 146 1 146 726 1 146 436 146 146 1 436 1 436 291 436 291 146 146 146 291 291 1 291 436 581 291 581 436 146 146 291 581 1 291 146 581 436 146 1 291 1 436 291 291 146 1 726 146 436 1 291 581 436 291 291 436 436 1 291 146 146 1 436 291 436 1 291 1 1 581 726 146 291 291 146 581 146 1 291 146 1 436 1 291 146 436 581 436 146 436 291 291 1 146 1 436 726 146 1 726 146 1 146 146 1 291 146 726 1 1 291 1 726 1 291 291 1 146 146 726 436 436 146 436 436 581 146 291 1 581 1 146 726 1 1 581 1 146 146 1 1 1 726 581 581 291 146 1 1 146 726 146 291 291 581 146 146 291 1 436 581 1 436 146 291 436 581 436 436 291 1 291 581 146 291 436 436 436 726 581 726 291 581 581 1 436 581 726 581 146 1 436 436 1 581 146 146 146 146 1 581 726 291 581 146 436 726 291 436 436 146 581 436 1 291 436 291 146 291 436 146 291 1 436 581 1 436 146 726 1 1 291 146 436 1 581 146 146 1 1 291 291 581 581 581 1 291 1 436 581 581 581 1 1 581 146 581 726 146 1 1 291 1 291 146 726 436 291 291 146 436 291 436 1 146 146 581 581 726 1 581 726 1 291 146 436 1 1 291 291 581 581 1 146 1 581 146 436 726 291 581 146 1 1 291 146 291 291 1 146 146 146 146 436 146 726 146 146 146 291 1 581 1 1 436 1 1 146 436 291 581 146 1 581 291 1 1 146 1 291 291 436 146 1 726 291 146 436 146 581 436 291 291 436 291 146 291 726 1 146 291 146 436 146 291 581 581 291 581 581 146 291 146 726 436 146 146 581 581 581 436 581 291 1 726 146 291 146 146 146 146 726 146 581 436 1 146 436 436 291 726 291 1 726 1 146 436 291 436 146 1 726 436 436 726 1 291 291 436 726 1 436 146 436 581 581 1 146 581 146 146 436 291 436 436 726 291 436 146 726 726 146 1 1 146 291 726 291 436 726 726 581 436 146 1 1 146 146 726 581 436 726 1 291 1 726 726 726 581 1 581 436 436 146 726 146 581 146 436 436 146 146 1 581 291 146 436 146 1 436 436 726 436 1 436 1 
! --------------------------------------------------------
! All verification passed
