! Solving for graph /home/truongxuanhieu/Gurobi-for-MinSpanLabeling/benchmarks/cabp/H-impcol_b.mtx.rnd
! Target value is set to 3
! Lower bound is set to 4
! Upper bound is set to 29
! Time limit is set to 1800
! Vertices mode is set to No hole
! Target value mode is set to Cyclic Antibandwidth
Set parameter WLSAccessID
Set parameter WLSSecret
Set parameter LicenseID to value 2663665
Academic license 2663665 - for non-commercial use only - registered to tu___@vnu.edu.vn
Set parameter OutputFlag to value 1
Set parameter TimeLimit to value 1800
Gurobi Optimizer version 13.0.2 build v13.0.2rc1 (linux64 - "Debian GNU/Linux 12 (bookworm)")

CPU model: Intel(R) Xeon(R) CPU @ 2.20GHz, instruction set [SSE2|AVX|AVX2]
Thread count: 4 physical cores, 8 logical processors, using up to 8 threads

Non-default parameters:
TimeLimit  1800

Academic license 2663665 - for non-commercial use only - registered to tu___@vnu.edu.vn
Optimize a model with 993 rows, 2392 columns and 7026 nonzeros (Min)
Model fingerprint: 0x80bf1afc
Model has 1 linear objective coefficients
Model has 399 simple general constraints
  281 ABS, 118 INDICATOR
Variable types: 0 continuous, 2392 integer (1770 binary)
Coefficient statistics:
  Matrix range     [1e+00, 3e+01]
  Objective range  [1e+00, 1e+00]
  Bounds range     [1e+00, 3e+01]
  RHS range        [1e+00, 3e+01]
  GenCon rhs range [1e+00, 1e+00]
  GenCon coe range [1e+00, 1e+00]

Presolve added 737 rows and 548 columns
Presolve time: 0.05s
Presolved: 1730 rows, 2940 columns, 9357 nonzeros
Variable types: 0 continuous, 2940 integer (2037 binary)

Root relaxation: objective 6.000000e+00, 789 iterations, 0.01 seconds (0.01 work units)

    Nodes    |    Current Node    |     Objective Bounds      |     Work
 Expl Unexpl |  Obj  Depth IntInf | Incumbent    BestBd   Gap | It/Node Time

     0     0    6.00000    0   95          -    6.00000      -     -    0s
     0     0    6.00000    0  544          -    6.00000      -     -    0s
     0     0    6.00000    0  364          -    6.00000      -     -    0s
     0     0    6.00000    0  848          -    6.00000      -     -    0s
     0     0    6.00000    0  178          -    6.00000      -     -    0s
     0     0    6.00000    0  174          -    6.00000      -     -    0s
     0     0    6.00000    0  132          -    6.00000      -     -    0s
     0     2    6.00000    0  129          -    6.00000      -     -    1s
  1295  1123    6.00000    4  229          -    6.00000      -  43.0    5s
  1307  1133   12.00000  115  132          -    7.00000      -  65.8   10s
  1316  1139   12.00000  155  246          -    7.00000      -  65.4   15s
  2057  1594   10.00000   65  227          -    7.00000      -  78.6   20s
  2407  1774   25.00000   75  433          -    7.00000      -  72.8   25s
H 2439  1193                      29.0000000    7.00000  75.9%  72.3   26s
H 2570  1113                      28.0000000    7.00000  75.0%  71.5   27s
H 3237  1168                      27.0000000    7.00000  74.1%  64.3   29s
  3377  1450   12.00000  100  312   27.00000    7.00000  74.1%  62.5   30s
H 4480  1767                      26.0000000    7.00000  73.1%  53.8   32s
  7706  5161   20.00000  227  161   26.00000    7.00000  73.1%  44.6   35s
H 8972  4221                      25.0000000    7.00000  72.0%  41.9   36s
H10873  4513                      24.0000000    8.00000  66.7%  39.3   38s
 13889  6862   21.00000  324  222   24.00000    8.00000  66.7%  34.1   40s
 15916  8568   23.00000  181  292   24.00000    8.00000  66.7%  31.2   45s
 16727  9066   10.00000   86  214   24.00000    8.00000  66.7%  37.4   50s
 19682 11009   10.00000  213  174   24.00000    8.00000  66.7%  40.7   55s
 27391 14674 infeasible  242        24.00000    8.00000  66.7%  34.8   60s
 32141 19992   12.00000  104  198   24.00000    8.00000  66.7%  33.0   65s
 45966 29041   15.00000   82  185   24.00000    8.00000  66.7%  26.4   73s
 51166 31530   12.00000  100  286   24.00000    8.00000  66.7%  25.4   75s
 59623 38082   10.00000   64  497   24.00000    8.00000  66.7%  24.4   80s
 70237 47430   11.00000   65  507   24.00000    8.00000  66.7%  23.5   85s
 83337 58998   21.00000  140  206   24.00000    8.00000  66.7%  22.5   90s
 88304 63230   10.00000   70  419   24.00000    8.00000  66.7%  22.6   95s
 95069 70414   17.00000   84  164   24.00000    8.00000  66.7%  22.6  100s
 104798 81251   13.00000   77  281   24.00000    8.00000  66.7%  22.2  108s
 109396 81345   17.00000   88  130   24.00000    8.00000  66.7%  22.0  110s
 116202 86948 infeasible   99        24.00000    8.00000  66.7%  22.2  115s
 119846 96168   15.00000   75  319   24.00000    8.00000  66.7%  22.1  120s
 130309 99245   18.00000   67  220   24.00000    8.00000  66.7%  22.6  125s
 135453 107494   17.00000  117  238   24.00000    8.00000  66.7%  22.8  133s
 143583 107524 infeasible   84        24.00000    9.00000  62.5%  23.1  135s
 149299 111318 infeasible   62        24.00000    9.00000  62.5%  23.6  140s
 150564 116993   15.00000   62  221   24.00000    9.00000  62.5%  23.7  145s
 160565 119570   15.00000   70  242   24.00000    9.00000  62.5%  24.4  150s
 166271 126976   18.00000   83  329   24.00000    9.00000  62.5%  24.7  156s
 173922 127881 infeasible   90        24.00000    9.00000  62.5%  25.0  160s
 178368 131182   16.00000   84  181   24.00000    9.00000  62.5%  25.4  165s
 181359 137239   14.00000   72  273   24.00000    9.00000  62.5%  25.7  171s
 189742 137754   18.00000   78  216   24.00000    9.00000  62.5%  26.1  175s
 195951 141092 infeasible   99        24.00000    9.00000  62.5%  26.4  180s
 204220 146201   19.00000   70  172   24.00000    9.00000  62.5%  26.7  185s
 208738 148970 infeasible   88        24.00000    9.00000  62.5%  26.9  190s
 210808 155280   18.00000   75  221   24.00000    9.00000  62.5%  27.1  195s
 221027 156520 infeasible   97        24.00000    9.00000  62.5%  27.3  200s
 226360 164826   18.00000   72  226   24.00000    9.00000  62.5%  27.4  209s
 234432 164842 infeasible   74        24.00000    9.00000  62.5%  27.5  210s
 236531 165797 infeasible   77        24.00000    9.00000  62.5%  27.8  215s
 240942 168456 infeasible   91        24.00000    9.00000  62.5%  27.9  220s
 241026 173684   18.00000   84  186   24.00000    9.00000  62.5%  27.9  226s
 249382 173984   18.00000   74  196   24.00000    9.00000  62.5%  28.0  230s
 253440 176697   21.00000   75  341   24.00000    9.00000  62.5%  28.3  235s
 256051 181740   15.00000   83  230   24.00000    9.00000  62.5%  28.3  241s
 263467 182440   16.00000   73  222   24.00000    9.00000  62.5%  28.6  245s
 266261 183641   15.00000   74  329   24.00000    9.00000  62.5%  28.8  250s
 271388 185620   13.00000   64  207   24.00000    9.00000  62.5%  29.1  255s
 271477 188535    9.00000   65  670   24.00000    9.00000  62.5%  29.1  261s
 279796 189594 infeasible  200        24.00000    9.00000  62.5%  29.6  265s
 284987 192624 infeasible   72        24.00000    9.00000  62.5%  29.8  270s
 286542 197786   21.00000   85  326   24.00000    9.00000  62.5%  29.8  276s
 294684 198141 infeasible   71        24.00000    9.00000  62.5%  30.1  280s
 297217 199526 infeasible  318        24.00000    9.00000  62.5%  30.2  285s
 301935 205442   15.00000   65  358   24.00000    9.00000  62.5%  30.3  294s
 308190 205457   12.00000  113  392   24.00000    9.00000  62.5%  30.6  295s
 311363 207923   19.00000   68  408   24.00000    9.00000  62.5%  30.8  300s
 316507 212205   21.00000   89  334   24.00000    9.00000  62.5%  31.0  310s
 324030 212939   19.00000   72  180   24.00000    9.00000  62.5%  31.6  315s
 330694 216951 infeasible  188        24.00000    9.00000  62.5%  31.6  320s
 332093 221635   21.00000   89  424   24.00000    9.00000  62.5%  31.7  326s
 339619 221722   19.00000   71  197   24.00000    9.00000  62.5%  32.0  330s
 344010 224177 infeasible  148        24.00000    9.00000  62.5%  32.1  335s
 346548 229345   21.00000   74  177   24.00000    9.00000  62.5%  32.2  343s
 353782 229360 infeasible   70        24.00000    9.00000  62.5%  32.4  345s
 355605 230116   15.00000   61  322   24.00000    9.00000  62.5%  32.5  350s
 360381 233441   18.00000   66  263   24.00000    9.00000  62.5%  32.6  355s
 361356 237735   18.00000   67  267   24.00000    9.00000  62.5%  32.6  360s
 369172 237819   18.00000   71  261   24.00000    9.00000  62.5%  32.8  365s
 374060 240461    9.00000   50  506   24.00000    9.00000  62.5%  32.9  370s
 376851 246182   16.00000   71  236   24.00000    9.00000  62.5%  33.0  378s
 384525 246238 infeasible   89        24.00000    9.00000  62.5%  33.1  380s
 390236 250367   15.00000   81  202   24.00000    9.00000  62.5%  33.2  385s
 391450 254175   21.00000   71  196   24.00000    9.00000  62.5%  33.2  390s
 398590 254262   16.00000   54  214   24.00000    9.00000  62.5%  33.4  395s
 403249 256993   21.00000   75  295   24.00000    9.00000  62.5%  33.5  400s
 406777 259944   22.00000   66  191   24.00000    9.00000  62.5%  33.6  413s
 410742 263197   21.00000   66  182   24.00000    9.00000  62.5%  34.0  416s
 419414 265572 infeasible   86        24.00000    9.00000  62.5%  33.9  420s
 421429 271113    9.00000   61  349   24.00000    9.00000  62.5%  33.9  428s
 428964 271139   15.00000   85  243   24.00000    9.00000  62.5%  34.0  430s
 433615 273887   18.00000   71  211   24.00000    9.00000  62.5%  34.0  435s
 437322 279796   15.00000   73  252   24.00000    9.00000  62.5%  34.1  444s
 444748 279814 infeasible   72        24.00000    9.00000  62.5%  34.1  445s
 447833 282693   18.00000   94  275   24.00000    9.00000  62.5%  34.1  450s
 452049 286781   19.00000   86  178   24.00000    9.00000  62.5%  34.2  458s
 457913 286800   17.00000   76  276   24.00000    9.00000  62.5%  34.4  460s
 458205 286837   12.00000   66  228   24.00000    9.00000  62.5%  34.4  465s
 464287 290563   21.00000   75  182   24.00000    9.00000  62.5%  34.4  470s
 468738 292774 infeasible   70        24.00000    9.00000  62.5%  34.5  475s
 474289 296675   19.00000   81  242   24.00000    9.00000  62.5%  34.6  480s
 482069 300767 infeasible  345        24.00000    9.00000  62.5%  34.5  485s
 482170 304561    9.00000   70  366   24.00000    9.00000  62.5%  34.5  490s
 491216 306638   15.00000   72  252   24.00000    9.00000  62.5%  34.7  495s
 497160 313547   21.00000   66  240   24.00000    9.00000  62.5%  34.7  504s
 504976 313563 infeasible  174        24.00000    9.00000  62.5%  34.6  505s
 510077 315774   23.00000  205  461   24.00000    9.50000  60.4%  34.6  510s
 512096 319289   16.00000  129  185   24.00000   10.00000  58.3%  34.7  516s
 520404 319334   16.00000   72  147   24.00000   10.00000  58.3%  34.8  520s
 524052 320942 infeasible  107        24.00000   10.00000  58.3%  34.8  525s
 527042 326972 infeasible   79        24.00000   10.00000  58.3%  34.8  531s
 535463 327858   18.00000   76  311   24.00000   10.00000  58.3%  34.8  535s
 541154 330896   16.00000   78  283   24.00000   10.00000  58.3%  34.8  540s
 542405 335891   22.00000   73  250   24.00000   10.00000  58.3%  34.8  545s
 552933 337649   18.00000   71  229   24.00000   10.00000  58.3%  34.8  550s
 557648 344374   18.00000   84  197   24.00000   10.00000  58.3%  34.8  559s
 565582 344373 infeasible   67        24.00000   10.00000  58.3%  34.7  560s
 567153 344949   12.00000   68  316   24.00000   10.00000  58.3%  34.8  565s
 572794 353116   19.00000   81  238   24.00000   10.00000  58.3%  34.8  573s
 580814 353117   15.00000   70  275   24.00000   10.00000  58.3%  34.7  575s
 582306 354141   20.00000   69  170   24.00000   10.00000  58.3%  34.7  580s
 587916 361069   13.00000  209  338   24.00000   10.00000  58.3%  34.7  588s
 595848 361066   12.00000   65  358   24.00000   10.00000  58.3%  34.7  590s
 597388 362254   21.00000   74  171   24.00000   10.00000  58.3%  34.8  595s
 602816 370165   18.00000  215  185   24.00000   10.00000  58.3%  34.7  603s
 611044 370237   18.00000   80  193   24.00000   10.00000  58.3%  34.6  605s
 616669 372978 infeasible   76        24.00000   10.00000  58.3%  34.6  610s
 617898 378768   18.00000   71  304   24.00000   10.00000  58.3%  34.6  615s
 627817 379880   21.00000   76  284   24.00000   10.00000  58.3%  34.6  620s
 633190 387070   18.00000   63  350   24.00000   10.00000  58.3%  34.5  627s
 641481 387113 infeasible   62        24.00000   10.00000  58.3%  34.5  630s
 646874 390021 infeasible   91        24.00000   10.00000  58.3%  34.5  635s
 650732 392145 infeasible   81        24.00000   10.00000  58.3%  34.5  640s
 655861 394846 infeasible   77        24.00000   10.00000  58.3%  34.5  645s
 662185 398301 infeasible   81        24.00000   10.00000  58.3%  34.6  650s
 670383 403367 infeasible   93        24.00000   10.00000  58.3%  34.5  655s
 673887 405479   16.00000   67  209   24.00000   10.00000  58.3%  34.5  660s
 676979 410504 infeasible   94        24.00000   10.00000  58.3%  34.5  665s
 686378 410986   18.00000  176  143   24.00000   10.00000  58.3%  34.5  670s
 691705 418471   16.00000   77  236   24.00000   10.00000  58.3%  34.6  678s
 699814 418497   17.00000   76  261   24.00000   10.00000  58.3%  34.5  680s
 701657 419305 infeasible   67        24.00000   10.00000  58.3%  34.6  685s
 707236 427442   18.00000   96  324   24.00000   10.00000  58.3%  34.6  692s
 715557 427474 infeasible   71        24.00000   10.00000  58.3%  34.5  695s
 719073 429260   15.00000   77  325   24.00000   10.00000  58.3%  34.5  700s
 721157 430184   16.00000   62  211   24.00000   10.00000  58.3%  34.6  705s
 721960 431400   16.00000   86  177   24.00000   10.00000  58.3%  34.6  713s
 725132 434526   21.00000   81  235   24.00000   10.00000  58.3%  34.7  715s
 734598 436594 infeasible  118        24.00000   10.00000  58.3%  34.7  720s
 740622 439879   12.00000   69  299   24.00000   10.00000  58.3%  34.7  725s
 746621 443141   16.00000   75  257   24.00000   10.00000  58.3%  34.7  730s
 751137 446135 infeasible   72        24.00000   10.00000  58.3%  34.7  741s
 761143 451102   16.00000   77  195   24.00000   10.00000  58.3%  34.8  745s
 766340 457638   21.00000   85  181   24.00000   10.00000  58.3%  34.8  751s
 774679 457714 infeasible   77        24.00000   10.00000  58.3%  34.8  755s
 779891 460295 infeasible  114        24.00000   10.00000  58.3%  34.8  760s
 781110 464076   19.00000   72  181   24.00000   10.00000  58.3%  34.8  765s
 789661 464192   19.00000   69  302   24.00000   10.00000  58.3%  35.0  770s
 793168 465435 infeasible   66        24.00000   10.00000  58.3%  35.0  775s
 795565 467632   22.00000  155  165   24.00000   10.00000  58.3%  35.1  783s
 799998 468147   19.00000   74  246   24.00000   10.00000  58.3%  35.2  785s
 806132 469844   12.00000   68  277   24.00000   10.00000  58.3%  35.3  790s
 810596 471584 infeasible   79        24.00000   10.00000  58.3%  35.3  795s
 810683 474093   12.00000   75  378   24.00000   10.00000  58.3%  35.4  801s
 819666 474661   18.00000   67  219   24.00000   10.00000  58.3%  35.5  805s
 823783 476204 infeasible   77        24.00000   10.00000  58.3%  35.6  810s
 825429 478655   22.00000   71  205   24.00000   10.00000  58.3%  35.6  817s
 831207 479354   18.00000   75  276   24.00000   10.00000  58.3%  35.8  820s
 836071 480894   21.00000  102  220   24.00000   10.00000  58.3%  35.8  825s
 840300 484127   21.00000   71  278   24.00000   10.00000  58.3%  35.9  835s
 849297 485123 infeasible   74        24.00000   10.00000  58.3%  36.1  840s
 853306 487087   18.00000   90  195   24.00000   10.00000  58.3%  36.1  845s
 854853 489639   18.00000   63  175   24.00000   10.00000  58.3%  36.1  851s
 863013 490152   18.00000  127  230   24.00000   10.00000  58.3%  36.3  855s
 867369 491307   18.00000   79  138   24.00000   10.09524  57.9%  36.3  860s
 869886 493426   18.00000   83  394   24.00000   10.22500  57.4%  36.3  867s
 876717 493995   18.00000   79  164   24.00000   10.91821  54.5%  36.5  870s
 879043 494092   11.00000   71  356   24.00000   11.00000  54.2%  36.5  875s
 879735 494093 infeasible   75        24.00000   11.00000  54.2%  36.5  880s
 883464 494875 infeasible  169        24.00000   11.00000  54.2%  36.6  885s
 885240 496502   16.00000  148  195   24.00000   11.00000  54.2%  36.6  891s
 891429 497180 infeasible  111        24.00000   11.00000  54.2%  36.7  895s
 896604 498930   16.00000  180  273   24.00000   11.00000  54.2%  36.7  900s
 899902 501532   19.00000  143  200   24.00000   11.00000  54.2%  36.8  908s
 905228 501526 infeasible   75        24.00000   11.00000  54.2%  36.8  910s
 905584 501600   18.00000   57  165   24.00000   11.00000  54.2%  36.9  916s
 908368 503102   15.00000   76  345   24.00000   11.00000  54.2%  36.9  920s
 913091 504481   17.00000   70  215   24.00000   11.00000  54.2%  37.0  925s
 914416 506256   15.00000   93  181   24.00000   11.00000  54.2%  37.0  932s
 920181 507072   21.00000   81  262   24.00000   11.00000  54.2%  37.1  935s
 925876 508868   21.00000   78  173   24.00000   11.00000  54.2%  37.1  940s
 929715 511336   12.00000  214  256   24.00000   11.00000  54.2%  37.2  949s
 934984 511370   16.00000   66  186   24.00000   11.00000  54.2%  37.2  950s
 938134 513059   18.00000  211  233   24.00000   11.00000  54.2%  37.3  955s
 943419 514865   17.00000   98  181   24.00000   11.00000  54.2%  37.3  960s
 944979 517250   16.00000  212  460   24.00000   11.00000  54.2%  37.3  966s
 952850 517923   15.00000   73  264   24.00000   11.00000  54.2%  37.4  970s
 957689 519605   17.00000   70  260   24.00000   11.00000  54.2%  37.4  975s
 960325 522076   21.00000   84  166   24.00000   11.00000  54.2%  37.5  984s
 966853 522093   17.00000   66  217   24.00000   11.00000  54.2%  37.6  985s
 970629 523440   12.00000   82  543   24.00000   11.00000  54.2%  37.6  990s
 974538 525135   15.00000   75  235   24.00000   11.00000  54.2%  37.7  995s
 976285 527435   22.00000   75  250   24.00000   11.00000  54.2%  37.7 1001s
 983130 528077   21.00000   79  192   24.00000   11.00000  54.2%  37.8 1005s
 988170 529619   21.00000   73  402   24.00000   11.00000  54.2%  37.8 1010s
 991027 531912   19.00000   74  208   24.00000   11.00000  54.2%  37.8 1019s
 996519 531921 infeasible   77        24.00000   11.00000  54.2%  37.9 1020s
 998915 533055   16.00000   88  216   24.00000   11.00000  54.2%  37.9 1025s
 1003903 534363   15.00000  212  210   24.00000   11.00000  54.2%  38.0 1030s
 1006731 537286   11.00000   71  328   24.00000   11.00000  54.2%  38.0 1039s
 1013269 537302 infeasible   75        24.00000   11.00000  54.2%  38.0 1040s
 1016737 538432 infeasible   83        24.00000   11.00000  54.2%  38.1 1045s
 1022194 540352   15.00000   85  213   24.00000   11.00000  54.2%  38.1 1050s
 1022303 542836   11.00000   93  332   24.00000   11.00000  54.2%  38.1 1055s
 1031808 543328 infeasible  215        24.00000   11.00000  54.2%  38.2 1060s
 1036312 544824   18.00000  217  141   24.00000   11.00000  54.2%  38.2 1065s
 1037702 547403   15.00000   70  293   24.00000   11.00000  54.2%  38.2 1072s
 1044664 547433   17.00000   74  227   24.00000   11.00000  54.2%  38.3 1075s
 1048852 548834   18.00000   71  206   24.00000   11.00000  54.2%  38.3 1080s
 1052268 551232 infeasible   73        24.00000   11.00000  54.2%  38.4 1095s
 1066562 554821 infeasible   94        24.00000   11.00000  54.2%  38.5 1100s
 1071548 556915   16.00000   80  209   24.00000   11.00000  54.2%  38.5 1105s
 1077054 558581 infeasible   68        24.00000   11.00000  54.2%  38.5 1110s
 1079637 559313   15.00000   64  252   24.00000   11.00000  54.2%  38.6 1115s
 1081785 562252   19.00000   91  345   24.00000   11.00000  54.2%  38.6 1123s
 1089916 562250 infeasible   84        24.00000   12.00000  50.0%  38.6 1125s
 1093617 562531   21.00000  106  161   24.00000   12.00000  50.0%  38.6 1130s
 1097339 563929   20.00000  189  260   24.00000   12.00000  50.0%  38.6 1138s
 1105523 563954   23.00000  224  155   24.00000   12.00000  50.0%  38.7 1140s
 1109211 564600   23.00000  118  172   24.00000   12.00000  50.0%  38.7 1145s
 1112709 566116   15.00000   91  269   24.00000   12.00000  50.0%  38.7 1153s
 1120649 566130   19.00000   87  185   24.00000   12.00000  50.0%  38.7 1155s
 1125234 566980   16.00000  119  244   24.00000   12.00000  50.0%  38.8 1160s
 1128155 569252   23.00000  116  142   24.00000   12.00000  50.0%  38.8 1167s
 1136414 569288   18.00000   79  170   24.00000   12.00000  50.0%  38.8 1170s
 1140518 570481   22.00000  186  205   24.00000   12.00000  50.0%  38.8 1175s
 1142863 572627   19.00000   79  166   24.00000   12.00000  50.0%  38.9 1180s
 1151336 572949   21.00000   83  272   24.00000   12.00000  50.0%  38.9 1185s
 1156029 574440   15.00000   64  254   24.00000   12.00000  50.0%  38.9 1190s
 1157304 576550   18.00000   78  249   24.00000   12.00000  50.0%  38.9 1196s
 1165496 576562   19.00000  259  211   24.00000   12.00000  50.0%  39.0 1200s
 1167644 577469   18.00000   81  358   24.00000   12.00000  50.0%  39.0 1205s
 1171965 580443   21.00000   71  398   24.00000   12.00000  50.0%  39.0 1215s
 1181544 581424   21.00000   64  428   24.00000   12.00000  50.0%  39.1 1220s
 1186433 583496   15.00000   71  221   24.00000   12.00000  50.0%  39.1 1230s
 1190853 584638   21.00000   67  448   24.00000   12.00000  50.0%  39.2 1236s
 1196529 585372 infeasible   83        24.00000   12.00000  50.0%  39.2 1240s
 1200837 586675 infeasible   72        24.00000   12.00000  50.0%  39.2 1245s
 1208932 589117 infeasible   64        24.00000   12.00000  50.0%  39.2 1250s
 1209500 589527   21.00000   94  289   24.00000   12.00000  50.0%  39.2 1255s
 1215322 590976   19.00000   82  212   24.00000   12.00000  50.0%  39.2 1260s
 1215424 592941   21.00000   84  391   24.00000   12.00000  50.0%  39.2 1265s
 1224324 594087   21.00000   78  423   24.00000   12.00000  50.0%  39.3 1270s
 1229335 595699   21.00000   73  474   24.00000   12.00000  50.0%  39.3 1275s
 1230822 597462   21.00000   92  209   24.00000   12.00000  50.0%  39.3 1281s
 1238796 597996 infeasible   96        24.00000   12.00000  50.0%  39.4 1285s
 1244139 599743   13.00000   93  241   24.00000   12.00000  50.0%  39.4 1290s
 1246590 602864   18.00000   76  276   24.00000   12.00000  50.0%  39.4 1297s
 1254809 602889   18.00000  214  184   24.00000   12.00000  50.0%  39.4 1300s
 1257497 603858   18.00000   85  222   24.00000   12.00000  50.0%  39.4 1305s
 1261827 607131   16.00000   79  241   24.00000   12.00000  50.0%  39.5 1313s
 1270017 607137   19.00000   78  186   24.00000   12.00000  50.0%  39.4 1315s
 1272494 607789 infeasible  174        24.00000   12.00000  50.0%  39.5 1320s
 1277158 611267   21.00000   99  198   24.00000   12.00000  50.0%  39.5 1330s
 1284533 611314 infeasible   94        24.00000   12.00000  50.0%  39.6 1335s
 1289599 613103   18.00000   79  253   24.00000   12.00000  50.0%  39.6 1340s
 1292063 616001   18.00000   80  196   24.00000   12.00000  50.0%  39.6 1348s
 1300093 615996 infeasible   80        24.00000   12.00000  50.0%  39.6 1350s
 1300470 616027 infeasible   75        24.00000   12.00000  50.0%  39.7 1355s
 1304348 617203 infeasible   75        24.00000   12.00000  50.0%  39.7 1360s
 1306203 617717 infeasible   76        24.00000   12.00000  50.0%  39.7 1365s
 1308053 620542   18.00000   61  221   24.00000   12.00000  50.0%  39.7 1371s
 1316108 621060   18.00000   61  144   24.00000   12.00000  50.0%  39.8 1375s
 1321093 622125 infeasible   81        24.00000   12.00000  50.0%  39.8 1380s
 1322718 624917   18.00000   68  241   24.00000   12.00000  50.0%  39.8 1386s
 1331133 625156   21.00000   58  193   24.00000   12.00000  50.0%  39.8 1390s
 1336437 626448 infeasible  139        24.00000   12.00000  50.0%  39.8 1395s
 1337739 628910   19.00000   68  210   24.00000   12.00000  50.0%  39.8 1401s
 1346159 628934   15.00000   78  231   24.00000   12.00000  50.0%  39.8 1405s
 1351115 630529   18.00000  113  353   24.00000   12.00000  50.0%  39.8 1410s
 1352202 632332   19.00000   67  234   24.00000   12.00000  50.0%  39.8 1415s
 1360869 633066   15.00000   72  278   24.00000   12.00000  50.0%  39.9 1420s
 1366209 634456 infeasible   91        24.00000   12.00000  50.0%  39.9 1425s
 1370708 635828   15.00000   69  171   24.00000   12.00000  50.0%  39.9 1430s
 1375109 637058 infeasible  187        24.00000   12.00000  50.0%  39.9 1435s
 1379545 638777   18.00000   63  264   24.00000   12.00000  50.0%  39.9 1440s
 1382152 640527   20.00000   76  195   24.00000   12.00000  50.0%  40.0 1447s
 1388171 641222   20.00000   91  287   24.00000   12.00000  50.0%  40.0 1450s
 1393741 642320 infeasible   86        24.00000   12.00000  50.0%  40.0 1455s
 1396933 645740   19.00000   82  312   24.00000   12.00000  50.0%  40.0 1463s
 1405096 645756   16.00000   81  529   24.00000   12.00000  50.0%  40.0 1465s
 1407694 646884   19.00000   83  216   24.00000   12.00000  50.0%  40.1 1470s
 1412334 650066   21.00000   76  386   24.00000   12.00000  50.0%  40.1 1479s
 1419462 650072 infeasible   75        24.00000   12.00000  50.0%  40.1 1480s
 1419821 650084   21.00000   69  169   24.00000   12.00000  50.0%  40.1 1485s
 1420234 650554   19.00000   70  208   24.00000   12.00000  50.0%  40.1 1490s
 1421934 650578   18.00000   71  231   24.00000   12.00000  50.0%  40.1 1495s
 1424164 651651   18.00000  102  239   24.00000   12.00000  50.0%  40.2 1500s
 1427760 653290 infeasible   77        24.00000   12.00000  50.0%  40.2 1510s
 1436355 654456   21.00000   60  294   24.00000   12.00000  50.0%  40.2 1515s
 1441035 655857 infeasible   85        24.00000   12.00000  50.0%  40.3 1520s
 1442876 658356   17.00000   83  163   24.00000   12.00000  50.0%  40.3 1528s
 1450009 658884   15.00000   99  214   24.00000   12.00000  50.0%  40.3 1530s
 1454482 659745   16.00000   81  189   24.00000   12.00000  50.0%  40.3 1535s
 1457874 663423   22.00000   79  145   24.00000   12.00000  50.0%  40.4 1543s
 1466061 663428   15.00000   84  208   24.00000   12.00000  50.0%  40.3 1545s
 1468411 664104 infeasible  112        24.00000   12.00000  50.0%  40.4 1550s
 1472918 665597   15.00000   73  229   24.00000   12.00000  50.0%  40.4 1555s
 1473015 668041   21.00000   77  285   24.00000   12.00000  50.0%  40.4 1561s
 1481278 668063 infeasible   89        24.00000   12.00000  50.0%  40.4 1565s
 1483796 668805   13.00000   67  305   24.00000   12.00000  50.0%  40.4 1570s
 1488386 670197 infeasible  152        24.00000   12.00000  50.0%  40.5 1575s
 1492953 671616   18.00000   89  211   24.00000   12.00000  50.0%  40.5 1580s
 1497075 673142   18.00000   85  236   24.00000   12.00000  50.0%  40.5 1585s
 1501933 674622   16.00000   74  216   24.00000   12.00000  50.0%  40.5 1590s
 1503318 676589   21.00000   75  310   24.00000   12.00000  50.0%  40.5 1597s
 1510452 676600 infeasible   66        24.00000   12.00000  50.0%  40.6 1600s
 1512699 677233   18.00000   85  207   24.00000   12.00000  50.0%  40.6 1605s
 1517628 678746 infeasible   88        24.00000   12.00000  50.0%  40.6 1610s
 1524127 680864 infeasible   84        24.00000   12.00000  50.0%  40.6 1615s
 1525636 681221 infeasible   69        24.00000   12.00000  50.0%  40.6 1620s
 1528825 682479   20.00000   75  225   24.00000   12.00000  50.0%  40.6 1625s
 1532518 684505   16.00000   75  374   24.00000   12.00000  50.0%  40.6 1637s
 1540495 685405 infeasible   73        24.00000   12.00000  50.0%  40.7 1640s
 1540722 685419   15.00000   84  308   24.00000   12.00000  50.0%  40.7 1645s
 1541148 685464 infeasible   72        24.00000   12.00000  50.0%  40.7 1650s
 1541562 685507 infeasible   83        24.00000   12.00000  50.0%  40.8 1655s
 1546248 686772 infeasible   80        24.00000   12.00000  50.0%  40.8 1660s
 1547423 689291   15.00000   79  214   24.00000   12.00000  50.0%  40.8 1668s
 1555309 689288 infeasible   81        24.00000   12.00000  50.0%  40.8 1670s
 1558069 690042   21.00000   68  190   24.00000   12.00000  50.0%  40.9 1675s
 1562724 692537   21.00000   79  356   24.00000   12.00000  50.0%  40.9 1685s
 1571970 693892 infeasible   69        24.00000   12.00000  50.0%  40.9 1690s
 1576317 695180 infeasible   81        24.00000   12.00000  50.0%  41.0 1695s
 1578083 697198   19.00000   91  186   24.00000   12.00000  50.0%  41.0 1702s
 1583977 697831   21.00000   76  262   24.00000   12.00000  50.0%  41.0 1705s
 1590197 699154 infeasible   81        24.00000   12.00000  50.0%  41.0 1710s
 1593387 702456   18.00000   80  227   24.00000   12.00000  50.0%  41.0 1717s
 1601622 702450   19.00000   71  337   24.00000   12.00000  50.0%  41.0 1720s
 1603853 703111 infeasible   68        24.00000   12.00000  50.0%  41.1 1725s
 1608065 705862   18.00000   83  332   24.00000   12.00000  50.0%  41.1 1736s
 1616050 706690   22.00000   87  230   24.00000   12.00000  50.0%  41.1 1740s
 1621864 707869   16.00000   72  204   24.00000   12.00000  50.0%  41.1 1745s
 1623559 709925   18.00000   79  189   24.00000   12.00000  50.0%  41.1 1752s
 1630009 710350   21.00000   75  207   24.00000   12.00000  50.0%  41.2 1755s
 1634532 711295   20.00000   95  168   24.00000   12.00000  50.0%  41.2 1760s
 1638765 714401   21.00000  130  190   24.00000   12.00000  50.0%  41.2 1769s
 1646765 714395 infeasible   80        24.00000   12.00000  50.0%  41.2 1770s
 1647206 714446   18.00000   75  228   24.00000   12.00000  50.0%  41.2 1775s
 1651329 715615 infeasible   60        24.00000   12.00000  50.0%  41.2 1780s
 1653329 717610   15.00000   76  216   24.00000   12.00000  50.0%  41.3 1786s
 1660837 718142   19.00000   83  172   24.00000   12.00000  50.0%  41.3 1790s
 1665599 719509 infeasible   84        24.00000   12.00000  50.0%  41.3 1795s
 1668748 721135   21.00000   70  375   24.00000   12.00000  50.0%  41.3 1800s

Cutting planes:
  Gomory: 11
  Cover: 40
  Implied bound: 217
  Clique: 7
  MIR: 103
  Mixing: 1
  StrongCG: 37
  Flow cover: 243
  GUB cover: 76
  Zero half: 9
  Relax-and-lift: 16

Explored 1670818 nodes (69003490 simplex iterations) in 1800.01 seconds (1214.14 work units)
Thread count was 8 (of 8 available processors)

Solution count 6: 24 25 26 ... 29

Time limit reached
Best objective 2.400000000000e+01, best bound 1.200000000000e+01, gap 50.0000%
! --------------------------------------------------------
! Status: FEASIBLE (time limit reached)
! Best span = 24
! Labeling: 2 10 7 14 10 21 7 3 6 20 24 16 6 6 8 20 1 13 24 3 18 3 4 7 13 23 3 13 17 9 19 16 12 17 7 7 17 10 23 5 13 13 16 11 16 6 24 21 19 6 24 21 15 21 22 1 16 10 7 
! --------------------------------------------------------
! All verification passed
