! Solving for graph /home/truongxuanhieu/Gurobi-for-MinSpanLabeling/benchmarks/abp/M-bcsstk06.mtx.rnd
! Target value is set to 34
! Lower bound is set to 35
! Upper bound is set to 420
! Time limit is set to 1800
! Vertices mode is set to Has hole
! Target value mode is set to Antibandwidth
Set parameter WLSAccessID
Set parameter WLSSecret
Set parameter LicenseID to value 2663665
Academic license 2663665 - for non-commercial use only - registered to tu___@vnu.edu.vn
Set parameter OutputFlag to value 1
Set parameter TimeLimit to value 1800
Gurobi Optimizer version 13.0.2 build v13.0.2rc1 (linux64 - "Debian GNU/Linux 12 (bookworm)")

CPU model: AMD EPYC 7B12, instruction set [SSE2|AVX|AVX2]
Thread count: 4 physical cores, 8 logical processors, using up to 8 threads

Non-default parameters:
TimeLimit  1800

Academic license 2663665 - for non-commercial use only - registered to tu___@vnu.edu.vn
Optimize a model with 7443 rows, 184681 columns and 15721 nonzeros (Min)
Model fingerprint: 0xb462a487
Model has 1 linear objective coefficients
Model has 4560 simple general constraints
  3720 ABS, 840 INDICATOR
Variable types: 0 continuous, 184681 integer (176820 binary)
Coefficient statistics:
  Matrix range     [1e+00, 1e+00]
  Objective range  [1e+00, 1e+00]
  Bounds range     [1e+00, 4e+02]
  RHS range        [1e+00, 2e+02]
  GenCon rhs range [1e+00, 1e+00]
  GenCon coe range [1e+00, 1e+00]

Presolve added 18238 rows and 0 columns
Presolve removed 0 rows and 159420 columns
Presolve time: 0.05s
Presolved: 25681 rows, 25261 columns, 63780 nonzeros
Variable types: 0 continuous, 25261 integer (9120 binary)
Performing another presolve...
Presolve removed 9540 rows and 9540 columns
Presolve time: 0.12s

Root relaxation: objective 3.500000e+01, 12794 iterations, 0.15 seconds (0.15 work units)

    Nodes    |    Current Node    |     Objective Bounds      |     Work
 Expl Unexpl |  Obj  Depth IntInf | Incumbent    BestBd   Gap | It/Node Time

     0     0   35.00000    0 1713          -   35.00000      -     -    0s
     0     0   35.00000    0 8753          -   35.00000      -     -    1s
     0     0   35.00000    0 7901          -   35.00000      -     -    2s
     0     0   35.00000    0 8592          -   35.00000      -     -    2s
     0     0   35.00000    0 2031          -   35.00000      -     -    3s
     0     0   35.00000    0 3249          -   35.00000      -     -    3s
     0     0   35.00000    0 7715          -   35.00000      -     -    3s
     0     0   35.00000    0 1949          -   35.00000      -     -    4s
     0     0   35.00000    0 6173          -   35.00000      -     -    4s
     0     0   35.00000    0 8990          -   35.00000      -     -    5s
     0     0   35.00000    0 2964          -   35.00000      -     -    5s
     0     0   35.00000    0 2962          -   35.00000      -     -    6s
     0     0   35.00000    0 2674          -   35.00000      -     -    6s
     0     2   35.00000    0 2586          -   35.00000      -     -    9s
    11    28   35.00000    4 8174          -   35.00000      -  3222   10s
    99   298   69.00000   19 3495          -   35.00000      -   532   15s
  1334  1375  205.00000  238  761          -   35.00000      -   105   20s
  2781  2531  171.00000   77 2600          -   35.00000      -  72.8   28s
  3020  2708  239.00000  412 9707          -   35.00000      -  76.8   30s
  3024  2711   69.00000   37 9204          -   69.00000      -  76.6   38s
  3025  2711  137.00000  143 4809          -   70.37947      -  76.6   42s
  3026  2712  375.00000  360 8611          -   70.37947      -  76.6   51s
  3027  2713  103.00000   71 8822          -  103.00000      -  76.6   55s
H 3027  2577                     410.0000000  103.00000  74.9%  76.6   57s
H 3027  2448                     409.0000000  103.00000  74.8%  76.6   57s
  3030  2450  171.00000  216 10363  409.00000  103.00000  74.8%  76.5   62s
  3031  2450  205.00000  212 3757  409.00000  103.00000  74.8%  76.5   66s
  3033  2452  205.00000  304 1864  409.00000  103.00000  74.8%  76.4   70s
  3036  2454  137.00000  145 7765  409.00000  103.00000  74.8%  76.3   75s
  3039  2456  205.00000  231 3237  409.00000  103.00000  74.8%  76.3   81s
  3041  2457  171.00000  192 3067  409.00000  103.00000  74.8%  76.2   85s
  3049  2463  205.00000  208 8015  409.00000  131.01189  68.0%   137   96s
  3051  2465  139.00000   60 8879  409.00000  132.00000  67.7%   136  101s
  3053  2466  239.00000  376 10527  409.00000  132.00000  67.7%   136  106s
  3054  2467  137.00000  265 2268  409.00000  132.00000  67.7%   136  112s
  3056  2468  205.00000  322 2347  409.00000  132.00000  67.7%   136  117s
  3058  2469  273.00000  416 3488  409.00000  132.55642  67.6%   136  121s
  3060  2471  133.00000   50 8322  409.00000  133.00000  67.5%   136  125s
  3064  2473  135.86207  112 3691  409.00000  135.86207  66.8%   136  133s
  3066  2475  375.00000  429 7587  409.00000  136.00000  66.7%   136  135s
  3069  2477  171.00000  276 9106  409.00000  136.00000  66.7%   136  141s
  3070  2477  137.00000   71 4074  409.00000  136.46492  66.6%   136  145s
  3074  2480  171.00000  322 9727  409.00000  137.00000  66.5%   135  151s
  3076  2481  137.00000   27 2303  409.00000  137.00000  66.5%   135  157s
  3078  2483  205.00000   83 2968  409.00000  137.00000  66.5%   135  162s
  3080  2484  137.00000   16 3062  409.00000  137.00000  66.5%   135  166s
  3082  2485  171.00000  325 1336  409.00000  137.00000  66.5%   135  171s
  3084  2487  137.00000   49 2731  409.00000  137.00000  66.5%   135  175s
  3092  2493  137.00000  131 1592  409.00000  137.00000  66.5%   230  184s
  3093  2494  239.00000  406 3218  409.00000  137.00000  66.5%   230  192s
  3094  2495  137.00000   14 1345  409.00000  137.00000  66.5%   230  195s
  3096  2496  137.00000  101 2295  409.00000  137.00000  66.5%   230  201s
  3098  2497  171.00000   78 3775  409.00000  137.00000  66.5%   229  205s
  3101  2499  171.00000  153 5320  409.00000  137.00000  66.5%   229  211s
  3103  2501  375.00000  531 7341  409.00000  137.00000  66.5%   229  216s
  3105  2502  137.00000   44 5840  409.00000  137.00000  66.5%   229  220s
  3107  2503  137.00000   50 1823  409.00000  137.00000  66.5%   229  227s
  3171  2577  137.00000   41 1828  409.00000  137.00000  66.5%   282  230s
  4042  3238  239.00000  117 1492  409.00000  137.00000  66.5%   237  235s
  4883  3825  205.00000  209 1200  409.00000  137.00000  66.5%   204  240s
  5664  4305  341.00000  322 1163  409.00000  137.00000  66.5%   181  245s
  6998  4743  273.00000  176 1560  409.00000  137.00000  66.5%   153  250s
  7487  5194  273.00000  179 1232  409.00000  137.00000  66.5%   147  255s
  7891  5379  273.00000  181 1246  409.00000  137.00000  66.5%   142  261s
  8290  5627  273.00000  182 1247  409.00000  137.00000  66.5%   137  265s
  8700  5789  273.00000  226 1194  409.00000  137.00000  66.5%   132  271s
  8782  5865  273.00000  228 1055  409.00000  137.00000  66.5%   132  276s
  8852  5919  273.00000  229 1043  409.00000  137.00000  66.5%   131  280s
  9176  6156  307.00000  317  819  409.00000  137.00000  66.5%   128  286s
  9431  6250  341.00000  387  653  409.00000  137.00000  66.5%   125  291s
  9614  6418 infeasible  407       409.00000  137.00000  66.5%   124  296s
 10017  6668  375.00000  447  445  409.00000  137.00000  66.5%   120  302s
 10193  6810 infeasible  473       409.00000  137.00000  66.5%   119  305s
 10588  7335  375.00000  483  384  409.00000  137.00000  66.5%   115  316s
 12372  8510  307.00000  382  888  409.00000  137.00000  66.5%   104  322s
 13176  9741  307.00000  476  632  409.00000  137.00000  66.5%  99.5  326s
 13990 10412  341.00000  553  501  409.00000  137.00000  66.5%  95.6  330s
 14813 11070  137.00000  118 1981  409.00000  137.00000  66.5%  91.9  335s
 16182 11843  205.00000  341 1395  409.00000  137.00000  66.5%  86.3  341s
 16508 12269  239.00000  391 1086  409.00000  137.00000  66.5%  85.4  345s
 17134 12907  307.00000  452  965  409.00000  137.00000  66.5%  83.9  351s
 17382 12915  341.00000  486  851  409.00000  137.00000  66.5%  83.3  355s
 17391 12922  307.00000  486  898  409.00000  137.00000  66.5%  83.3  360s
 17411 12989  307.00000  489  879  409.00000  137.00000  66.5%  83.2  367s
 17504 13090  307.00000  488  891  409.00000  137.00000  66.5%  82.9  372s
 17642 13235  377.00000  494  826  409.00000  137.00000  66.5%  82.6  377s
 18324 13959 infeasible  585       409.00000  137.00000  66.5%  80.5  382s
 19225 14826 infeasible  264       409.00000  137.00000  66.5%  78.5  386s
 20210 16123  137.00000  186 2427  409.00000  137.00000  66.5%  76.4  390s
 20897 16618 infeasible  189       409.00000  137.00000  66.5%  74.9  460s
 21942 17296  137.00000  116 5543  409.00000  137.00000  66.5%  75.8  465s
 23640 18652 infeasible  349       409.00000  137.00000  66.5%  72.8  471s
 24355 19672  171.00000  189 1961  409.00000  137.00000  66.5%  74.4  476s
 24947 20224  239.00000  236 1750  409.00000  137.00000  66.5%  74.0  480s
 26292 21129  307.00000  355 1386  409.00000  137.00000  66.5%  72.3  486s
 26832 21772  308.00000  453  967  409.00000  137.00000  66.5%  71.4  490s
 27266 22382  308.00000  496  814  409.00000  137.00000  66.5%  71.0  495s
 27845 22774  137.00000   76 5423  409.00000  137.00000  66.5%  70.3  500s
 28364 23203  307.00000  180 1576  409.00000  137.00000  66.5%  69.9  505s
 29285 23855  239.00000  194 1509  409.00000  137.00000  66.5%  69.7  512s
 29943 24404 infeasible  310       409.00000  137.00000  66.5%  69.2  518s
 30055 24635  205.00000  142 2017  409.00000  137.00000  66.5%  69.3  521s
 30413 25222  206.00000  199 1739  409.00000  137.00000  66.5%  69.4  526s
 31107 26282  341.00000  281 2349  409.00000  137.00000  66.5%  68.9  531s
 32127 26515 infeasible  459       409.00000  137.00000  66.5%  67.9  535s
 32979 27554  341.00000  538 1636  409.00000  137.00000  66.5%  67.3  540s
 34143 28518  137.00000  130 2206  409.00000  137.00000  66.5%  66.3  545s
 35059 29494  172.00000  147 2362  409.00000  137.00000  66.5%  66.1  550s
 36239 30127 infeasible  358       409.00000  137.00000  66.5%  65.1  556s
 37011 31243  205.00000  206 2537  409.00000  137.00000  66.5%  65.2  560s
 38433 32097  273.00000  241 1978  409.00000  137.00000  66.5%  64.0  566s
 39097 32717 infeasible  305       409.00000  137.00000  66.5%  63.3  570s
 39755 33656  171.00000  132 3152  409.00000  137.00000  66.5%  63.6  575s
 41250 34637  341.00000  207 1756  409.00000  137.00000  66.5%  62.7  581s
 41911 35262  375.00000  356 1624  409.00000  137.00000  66.5%  62.4  587s
 42007 35480  375.00000  356 1528  409.00000  137.00000  66.5%  62.4  590s
 42492 36411  375.00000  390 1535  409.00000  137.00000  66.5%  62.5  598s
 43332 36508  310.00000  248 1235  409.00000  137.00000  66.5%  61.8  602s
 44338 37974  341.00000  377  801  409.00000  137.00000  66.5%  61.0  606s
 45279 38786  205.00000  118 2631  409.00000  137.00000  66.5%  60.6  610s
 46778 40100  239.00000  105 2728  409.00000  137.00000  66.5%  59.7  616s
 48023 40874  341.00000  250 1625  409.00000  137.00000  66.5%  58.8  620s
 49086 41764 infeasible  413       409.00000  137.00000  66.5%  58.1  625s
 49664 42607  273.00000  190 1382  409.00000  137.00000  66.5%  58.2  630s
 50465 43050 infeasible  403       409.00000  137.00000  66.5%  57.9  637s
 51019 43539  274.00000  201 1326  409.00000  137.00000  66.5%  57.9  640s
 51631 44264 infeasible  327       409.00000  137.00000  66.5%  57.7  645s
 52899 45236  307.00000  272 1579  409.00000  137.00000  66.5%  57.2  652s
 53140 45681  342.00000  339 1073  409.00000  137.00000  66.5%  57.2  657s
 53413 45992  342.00000  404 1274  409.00000  137.00000  66.5%  57.1  660s
 53950 46843  376.00000  474  781  409.00000  137.00000  66.5%  57.0  666s
 55018 47767  307.00000  222 2037  409.00000  137.00000  66.5%  56.4  671s
 56661 48582 infeasible  469       409.00000  137.00000  66.5%  55.4  676s
 57889 50021  341.00000  171 1460  409.00000  137.00000  66.5%  55.5  681s
 58980 50666  341.00000  211 1530  409.00000  137.00000  66.5%  55.0  685s
 60488 52158 infeasible  502       409.00000  137.00000  66.5%  54.7  691s
 61800 53644  274.00000  295 2303  409.00000  137.00000  66.5%  54.4  695s
 62535 55163  274.00000  296 2216  409.00000  137.00000  66.5%  54.2  703s
 63962 55195  307.00000  297 2192  409.00000  137.00000  66.5%  53.7  706s
 64293 56016  274.00000  299 1724  409.00000  137.00000  66.5%  53.7  710s
 65434 56694  375.00000  350 1095  409.00000  137.00000  66.5%  53.8  716s
 67446 58300 infeasible  582       409.00000  137.00000  66.5%  52.8  721s
 67652 58396  205.00000  128 2606  409.00000  137.00000  66.5%  53.0  726s
 67660 58404  205.00000  127 2663  409.00000  137.00000  66.5%  53.0  730s
 67668 58412  205.00000  128 2535  409.00000  137.00000  66.5%  53.0  735s
 67680 58424  205.00000  131 2833  409.00000  137.00000  66.5%  53.0  741s
 67688 58432  239.00000  131 2468  409.00000  137.00000  66.5%  53.0  745s
 67700 58444  205.00000  133 2759  409.00000  137.00000  66.5%  53.0  750s
 67708 58452  205.00000  135 2781  409.00000  137.00000  66.5%  53.0  755s
 67720 58464  205.00000  138 2752  409.00000  137.00000  66.5%  53.0  761s
 67728 58472  205.00000  140 2739  409.00000  137.00000  66.5%  53.0  765s
 67736 58480  205.00000  142 2753  409.00000  137.00000  66.5%  53.0  770s
 67749 58491  239.00000  144 2312  409.00000  137.00000  66.5%  53.0  776s
 67757 58499  239.00000  146 2168  409.00000  137.00000  66.5%  53.0  781s
 67765 58507  239.00000  147 2188  409.00000  137.00000  66.5%  53.0  785s
 67773 58515  239.00000  147 2178  409.00000  137.00000  66.5%  53.0  790s
 67785 58527  239.00000  150 2174  409.00000  137.00000  66.5%  53.0  797s
 67789 58531  239.00000  151 2172  409.00000  137.00000  66.5%  53.0  800s
 67797 58539  239.00000  153 2435  409.00000  137.00000  66.5%  53.0  805s
 67805 58547  239.00000  155 2408  409.00000  137.00000  66.5%  53.0  810s
 67848 58618  239.00000  157 2404  409.00000  137.00000  66.5%  53.0  815s
 67951 58724  239.00000  160 1979  409.00000  137.00000  66.5%  53.0  821s
 68058 58824  239.00000  194 2576  409.00000  137.00000  66.5%  52.9  826s
 68122 58903  239.00000  196 2656  409.00000  137.00000  66.5%  52.9  831s
 68202 58975  239.00000  198 2658  409.00000  137.00000  66.5%  52.9  835s
 68282 59054  239.00000  200 1829  409.00000  137.00000  66.5%  52.8  841s
 68389 59198  239.00000  202 1884  409.00000  137.00000  66.5%  52.8  847s
 68460 59228  239.00000  203 1898  409.00000  137.00000  66.5%  52.8  850s
 68517 59280  239.00000  205 1871  409.00000  137.00000  66.5%  52.7  855s
 68567 59335  239.00000  205 1881  409.00000  137.00000  66.5%  52.7  862s
 68597 59353  239.00000  203 1926  409.00000  137.00000  66.5%  52.7  865s
 68633 59402  239.00000  205 1899  409.00000  137.00000  66.5%  52.7  872s
 68664 59473  239.00000  204 1910  409.00000  137.00000  66.5%  52.7  875s
 68853 59662  239.00000  244 1935  409.00000  137.00000  66.5%  52.7  882s
 68934 59744  239.00000  258 1758  409.00000  137.00000  66.5%  52.7  885s
 69123 59924  273.00000  305 1532  409.00000  137.00000  66.5%  52.6  894s
 69204 59995  307.00000  335 1443  409.00000  137.00000  66.5%  52.6  899s
 69277 60058  324.00000  355 1435  409.00000  137.00000  66.5%  52.6  902s
 69342 60160  307.00000  353 1443  409.00000  137.00000  66.5%  52.6  906s
 69450 60294  341.00000  371  922  409.00000  137.00000  66.5%  52.5  910s
 69722 60912  324.00000  424  854  409.00000  137.00000  66.5%  52.4  917s
 70287 62012  324.00000  497  695  409.00000  137.00000  66.5%  52.3  920s
 71707 63098  137.00000  149 2509  409.00000  137.00000  66.5%  52.2  925s
 74166 64374 infeasible  377       409.00000  137.00000  66.5%  51.4  930s
 75373 65554  342.00000  275 1497  409.00000  137.00000  66.5%  51.4  935s
 76617 67046  205.00000  133 2850  409.00000  137.00000  66.5%  51.0  940s
 77822 67915  344.00000  267 1418  409.00000  137.00000  66.5%  50.8  946s
 78692 68654  240.00000  207 2332  409.00000  137.00000  66.5%  50.9  950s
 80144 70414  307.00000  426 1413  409.00000  137.00000  66.5%  50.6  956s
 81490 71150 infeasible  136       409.00000  137.00000  66.5%  50.2  960s
 82900 72880  273.00000  306 1159  409.00000  137.00000  66.5%  50.1  965s
 83952 74325  137.00000   96 4379  409.00000  137.00000  66.5%  50.0  972s
 85186 74910  273.00000  254 1866  409.00000  137.00000  66.5%  49.7  975s
 86986 76090  375.00000  442 1391  409.00000  137.00000  66.5%  49.5  981s
 87795 77286  239.00000  176 2025  409.00000  137.00000  66.5%  49.5  985s
 89243 78664  307.00000  369 1371  409.00000  137.00000  66.5%  49.3  991s
 90499 79258  205.00000  189 2870  409.00000  137.00000  66.5%  49.1  995s
 91297 79996  307.00000  351 1227  409.00000  137.00000  66.5%  49.0 1000s
 92203 80950 infeasible  545       409.00000  137.00000  66.5%  49.1 1006s
 92978 81985  376.00000  278 1386  409.00000  137.00000  66.5%  49.0 1011s
 93724 82516  308.00000  442 1252  409.00000  137.00000  66.5%  48.9 1015s
 94235 83954  205.00000  202 1680  409.00000  137.00000  66.5%  48.8 1026s
 95978 84754  205.00000  201 1615  409.00000  137.00000  66.5%  48.7 1031s
 97421 85581 infeasible  263       409.00000  137.00000  66.5%  48.5 1035s
 98588 86922  273.00000  353 1194  409.00000  137.00000  66.5%  48.4 1041s
 99414 87845  307.00000  416 1318  409.00000  137.00000  66.5%  48.3 1045s
 101778 89807  341.00000  317 1111  409.00000  137.00000  66.5%  47.8 1051s
 103883 91277  307.00000  255 1930  409.00000  137.00000  66.5%  47.5 1056s
 104718 92693  307.00000  406 1436  409.00000  137.00000  66.5%  47.3 1060s
 106349 93889  308.00000  334 1976  409.00000  137.00000  66.5%  47.2 1065s
 108105 94931  307.00000  280 1369  409.00000  137.00000  66.5%  46.9 1070s
 109054 95956  341.00000  360 1002  409.00000  137.00000  66.5%  46.8 1075s
 109649 96374  341.00000  361 1002  409.00000  137.00000  66.5%  46.6 1080s
 110281 97060  307.00000  358 1082  409.00000  137.00000  66.5%  46.6 1085s
 110939 97466  341.00000  360 1051  409.00000  137.00000  66.5%  46.6 1090s
 111653 98573  341.00000  361 1066  409.00000  137.00000  66.5%  46.6 1095s
 112777 99189  341.00000  362  999  409.00000  137.00000  66.5%  46.5 1100s
 113373 99878  341.00000  361  999  409.00000  137.00000  66.5%  46.4 1107s
 113823 100298  341.00000  363  943  409.00000  137.00000  66.5%  46.4 1111s
 114583 100845  341.00000  365  956  409.00000  137.00000  66.5%  46.2 1115s
 115219 101651  341.00000  366  941  409.00000  137.00000  66.5%  46.2 1120s
 115502 101910  341.00000  367  931  409.00000  137.00000  66.5%  46.2 1125s
 115827 103440  341.00000  377  922  409.00000  137.00000  66.5%  46.2 1130s
 118361 104699  341.00000  438 1320  409.00000  137.00000  66.5%  45.8 1135s
 120538 106359 infeasible  385       409.00000  137.00000  66.5%  45.6 1141s
 121688 107578  137.00000  121 2785  409.00000  137.00000  66.5%  45.5 1145s
 122811 108657  307.00000  243 2499  409.00000  137.00000  66.5%  45.5 1150s
 124874 110085 infeasible  547       409.00000  137.00000  66.5%  45.2 1155s
 125694 111114 infeasible  184       409.00000  137.00000  66.5%  45.2 1160s
 127889 112816 infeasible  337       409.00000  137.00000  66.5%  44.9 1166s
 129485 114189 infeasible  204       409.00000  137.00000  66.5%  44.9 1170s
 130824 115681  171.00000  140 2124  409.00000  137.00000  66.5%  44.9 1175s
 132250 117090  137.00000  125 4391  409.00000  137.00000  66.5%  44.8 1180s
 133623 117773 infeasible  342       409.00000  137.00000  66.5%  44.7 1185s
 134645 118812  307.00000  349 1219  409.00000  137.00000  66.5%  44.7 1191s
 135256 119562  341.00000  464  748  409.00000  137.00000  66.5%  44.7 1195s
 136228 120367  222.00000  194 2087  409.00000  137.00000  66.5%  44.6 1202s
 136560 121531  273.00000  268 1709  409.00000  137.00000  66.5%  44.6 1205s
 138122 122272  273.00000  230 1649  409.00000  137.00000  66.5%  44.5 1211s
 139127 122779 infeasible  413       409.00000  137.00000  66.5%  44.5 1216s
 140301 124330  307.00000  311 1581  409.00000  137.00000  66.5%  44.5 1221s
 141880 125601  171.00000  150 2028  409.00000  137.00000  66.5%  44.4 1225s
 143505 126582 infeasible  401       409.00000  137.00000  66.5%  44.3 1230s
 144936 128384  206.00000  228 1498  409.00000  137.00000  66.5%  44.4 1235s
 147054 130085 infeasible  492       409.00000  137.00000  66.5%  44.1 1242s
 148616 131419 infeasible  334       409.00000  137.00000  66.5%  44.1 1245s
 150441 132943  308.00000  258 1232  409.00000  137.00000  66.5%  44.0 1250s
 151838 134248  240.00000  136 2278  409.00000  137.00000  66.5%  44.0 1255s
 152958 135203 infeasible  334       409.00000  137.00000  66.5%  44.0 1260s
 154615 136620  205.00000  134 3092  409.00000  137.00000  66.5%  43.9 1266s
 155639 137537  205.00000  136 3216  409.00000  137.00000  66.5%  43.8 1271s
 156328 138232  205.00000  139 3204  409.00000  137.00000  66.5%  43.8 1276s
 156958 139291  239.00000  142 2325  409.00000  137.00000  66.5%  43.8 1280s
 157562 142175  239.00000  144 2264  409.00000  137.00000  66.5%  43.8 1301s
 161757 144022  206.00000  280 1729  409.00000  137.00000  66.5%  43.6 1306s
 163452 145236  171.00000  102 2792  409.00000  137.00000  66.5%  43.5 1310s
 165481 146756 infeasible  389       409.00000  137.00000  66.5%  43.4 1316s
 166469 147872  239.00000  211 2439  409.00000  137.00000  66.5%  43.4 1320s
 167778 149140 infeasible  456       409.00000  137.00000  66.5%  43.3 1325s
 169155 150319  273.00000  344 1466  409.00000  137.00000  66.5%  43.3 1330s
 170249 150989  171.00000  131 2966  409.00000  137.00000  66.5%  43.3 1336s
 171008 152009  274.00000  289 1558  409.00000  137.00000  66.5%  43.2 1341s
 172182 152744  239.00000  201 1797  409.00000  137.00000  66.5%  43.2 1346s
 172896 153255 infeasible  298       409.00000  137.00000  66.5%  43.1 1350s
 173665 154063  137.00000  111 2535  409.00000  137.00000  66.5%  43.1 1355s
 174473 155220  171.00000  137 3385  409.00000  137.00000  66.5%  43.1 1361s
 175366 155701  240.00000  192 1734  409.00000  137.00000  66.5%  43.1 1365s
 176182 156405  171.00000  104 3331  409.00000  137.00000  66.5%  43.1 1371s
 176820 156899  273.00000  247 1716  409.00000  137.00000  66.5%  43.0 1375s
 177699 158137  341.00000  464 1411  409.00000  137.00000  66.5%  43.0 1381s
 178464 160083  171.00000  131 3296  409.00000  137.00000  66.5%  42.9 1389s
 180509 160103 infeasible  550       409.00000  137.00000  66.5%  42.7 1391s
 180972 160576  137.00000   91 5731  409.00000  137.00000  66.5%  42.7 1396s
 181784 161885  307.00000  265 1710  409.00000  137.00000  66.5%  42.7 1400s
 183909 163536  240.00000  201 1591  409.00000  137.00000  66.5%  42.6 1406s
 185076 164263  341.00000  417 1023  409.00000  137.00000  66.5%  42.4 1410s
 186308 165765  342.00000  567  777  409.00000  137.00000  66.5%  42.4 1415s
 188161 166869 infeasible  126       409.00000  137.00000  66.5%  42.3 1420s
 190182 168851  137.00000   91 2721  409.00000  137.00000  66.5%  42.3 1425s
 191823 170433  137.00000   81 2244  409.00000  137.00000  66.5%  42.3 1430s
 193552 171775  206.00000  194 1783  409.00000  137.00000  66.5%  42.2 1436s
 194690 172742 infeasible  405       409.00000  137.00000  66.5%  42.2 1440s
 196569 174887  172.00000  173 1651  409.00000  137.00000  66.5%  42.1 1445s
 198463 176488  205.00000  121 1564  409.00000  137.00000  66.5%  42.0 1450s
 200068 178177  273.00000  279 1113  409.00000  137.00000  66.5%  42.0 1455s
 201944 179442  274.00000  172 1807  409.00000  137.00000  66.5%  41.9 1461s
 203387 181078  137.00000   97 4440  409.00000  137.00000  66.5%  41.9 1465s
 205183 182284 infeasible  417       409.00000  137.00000  66.5%  41.8 1470s
 206673 183958  239.00000  239 1238  409.00000  137.00000  66.5%  41.9 1475s
 208187 185252  239.00000  170 1809  409.00000  137.00000  66.5%  41.8 1480s
 209166 185784 infeasible  343       409.00000  137.00000  66.5%  41.7 1485s
 209816 187047  307.00000  255 1305  409.00000  137.00000  66.5%  41.7 1490s
 211262 187690  273.00000  235 1328  409.00000  137.00000  66.5%  41.6 1496s
 211851 188212  137.00000  130 2375  409.00000  137.00000  66.5%  41.5 1500s
 212789 189472  208.00000  187 1515  409.00000  137.00000  66.5%  41.5 1505s
 214129 190524  137.00000  120 5905  409.00000  137.00000  66.5%  41.5 1511s
 215213 191228 infeasible  367       409.00000  137.00000  66.5%  41.4 1516s
 215888 191749  274.00000  241 1777  409.00000  137.00000  66.5%  41.4 1520s
 216847 192646  342.00000  445 1979  409.00000  137.00000  66.5%  41.4 1525s
 217519 193564  205.00000  134 4814  409.00000  137.00000  66.5%  41.5 1530s
 218808 194382 infeasible  461       409.00000  137.00000  66.5%  41.4 1536s
 219538 195175 infeasible  326       409.00000  137.00000  66.5%  41.4 1541s
 219934 195776  171.00000  173 1731  409.00000  137.00000  66.5%  41.5 1545s
 220655 197464  171.00000  103 4479  409.00000  137.00000  66.5%  41.5 1552s
 222442 197929  206.00000  171 2224  409.00000  137.00000  66.5%  41.4 1556s
 222996 198383  308.00000  267 1409  409.00000  137.00000  66.5%  41.4 1560s
 224196 199217 infeasible  428       409.00000  137.00000  66.5%  41.3 1566s
 226071 201006  308.00000  136 1438  409.00000  137.00000  66.5%  41.2 1570s
 228086 202662 infeasible  382       409.00000  137.00000  66.5%  41.2 1576s
 229780 204711  343.00000  321 1354  409.00000  137.00000  66.5%  41.1 1580s
 231356 205696 infeasible  280       409.00000  137.00000  66.5%  41.0 1586s
 232889 206843  341.00000  324  984  409.00000  137.00000  66.5%  41.0 1590s
 234433 208257 infeasible  360       409.00000  137.00000  66.5%  40.9 1595s
 236272 209936  307.00000  295 1527  409.00000  137.00000  66.5%  40.8 1600s
 238314 211790  240.00000  179 2700  409.00000  137.00000  66.5%  40.7 1605s
 239906 213259  137.00000  100 4969  409.00000  137.00000  66.5%  40.7 1610s
 241237 214589  307.00000  311 1964  409.00000  137.00000  66.5%  40.6 1615s
 242742 216115  274.00000  224 1457  409.00000  137.00000  66.5%  40.6 1620s
 244651 217718  239.00000  134 2752  409.00000  137.00000  66.5%  40.5 1625s
 246963 219389  170.00000  119 2168  409.00000  137.00000  66.5%  40.3 1631s
 248174 220505  239.00000  137 1902  409.00000  137.00000  66.5%  40.4 1635s
 250215 222275 infeasible  352       409.00000  137.00000  66.5%  40.3 1640s
 251974 224085 infeasible  290       409.00000  137.00000  66.5%  40.3 1647s
 253996 225546 infeasible  258       409.00000  137.00000  66.5%  40.2 1650s
 255594 227369  275.00000  242 1362  409.00000  137.00000  66.5%  40.2 1655s
 256856 228353  273.00000  225 1449  409.00000  137.00000  66.5%  40.1 1660s
 257709 228958  205.00000  210 1510  409.00000  137.00000  66.5%  40.1 1665s
 258237 229514  307.00000  344 1219  409.00000  137.00000  66.5%  40.1 1670s
 258992 230154 infeasible  453       409.00000  137.00000  66.5%  40.1 1676s
 259766 231208  341.00000  345 1271  409.00000  137.00000  66.5%  40.0 1680s
 260903 231786  239.00000  196 1542  409.00000  137.00000  66.5%  40.0 1685s
 261623 232697  206.00000  171 1796  409.00000  137.00000  66.5%  40.0 1691s
 262237 233649  308.00000  320 1501  409.00000  137.00000  66.5%  40.0 1695s
 263326 234101  274.00000  152 2028  409.00000  137.00000  66.5%  39.9 1701s
 263757 234921  273.00000  202 1701  409.00000  137.00000  66.5%  39.9 1705s
 265341 235787  273.00000  265 1105  409.00000  137.00000  66.5%  39.8 1711s
 266840 237069 infeasible  589       409.00000  137.00000  66.5%  39.7 1716s
 267890 238730  341.00000  309 1000  409.00000  137.00000  66.5%  39.7 1720s
 269653 239662  342.00000  356 1412  409.00000  137.00000  66.5%  39.6 1725s
 271510 241914  273.00000  280 1371  409.00000  137.00000  66.5%  39.5 1730s
 273566 243501  206.00000  206 1455  409.00000  137.00000  66.5%  39.4 1735s
 276034 245330  274.00000  355 1312  409.00000  137.00000  66.5%  39.3 1740s
 277254 246730  205.00000  127 2055  409.00000  137.00000  66.5%  39.2 1745s
 278929 248316  307.00000  291 1345  409.00000  137.00000  66.5%  39.1 1750s
 280577 249497  171.00000  252 2418  409.00000  137.00000  66.5%  39.1 1756s
 282033 250999  375.00000  460 1179  409.00000  137.00000  66.5%  39.1 1760s
 283553 252749  274.00000  331 1214  409.00000  137.00000  66.5%  39.0 1766s
 285146 253789  376.00000  560  718  409.00000  137.00000  66.5%  38.9 1770s
 286997 255152 infeasible  418       409.00000  137.00000  66.5%  38.8 1776s
 288845 256775  308.00000  353 1110  409.00000  137.00000  66.5%  38.8 1781s
 289960 257766  342.00000  474  991  409.00000  137.00000  66.5%  38.7 1786s
 291216 259286  205.00000  161 1988  409.00000  137.00000  66.5%  38.7 1790s
 292416 260165  307.00000  407 1429  409.00000  137.00000  66.5%  38.6 1795s
 293217 260697  307.00000  409 1243  409.00000  137.00000  66.5%  38.6 1800s

Cutting planes:
  Gomory: 20
  Cover: 2
  Implied bound: 14
  Projected implied bound: 17
  MIR: 356
  Mixing: 1
  StrongCG: 24
  Flow cover: 4211
  Zero half: 69
  RLT: 45
  Relax-and-lift: 23

Explored 293246 nodes (11402029 simplex iterations) in 1800.02 seconds (1951.74 work units)
Thread count was 8 (of 8 available processors)

Solution count 2: 409 410 

Time limit reached
Best objective 4.090000000000e+02, best bound 1.370000000000e+02, gap 66.5037%
! --------------------------------------------------------
! Status: FEASIBLE (time limit reached)
! Best span = 409
! Labeling: 205 375 341 171 341 341 205 409 35 273 69 273 137 103 239 69 103 69 307 205 273 341 171 307 103 103 171 341 307 239 171 137 239 375 375 103 35 205 341 69 239 205 307 409 409 171 137 1 409 307 103 273 273 205 69 1 35 239 239 239 375 1 69 137 137 35 103 137 341 103 273 35 1 341 171 273 205 137 1 273 1 205 35 69 1 103 273 307 103 409 35 307 239 103 307 239 205 1 103 35 171 35 307 171 35 239 69 1 307 103 341 69 1 1 35 103 69 273 205 171 307 239 69 69 239 341 375 307 69 1 205 239 273 307 307 375 1 239 35 103 375 103 273 375 239 375 171 225 1 35 239 35 171 69 69 409 341 35 409 35 171 273 273 205 341 35 307 239 239 35 375 307 137 103 103 375 307 239 375 409 137 69 375 239 205 273 205 409 69 69 171 171 1 103 137 307 35 103 239 1 239 205 1 273 171 69 1 137 409 205 35 69 341 375 35 375 103 205 409 273 205 171 375 171 35 1 35 307 103 307 1 171 103 171 171 1 103 1 408 137 69 1 137 69 1 239 137 409 1 137 1 137 35 1 341 35 307 273 137 103 239 171 35 103 35 69 273 69 103 409 171 307 205 1 103 103 1 137 171 69 137 103 35 35 273 69 239 35 341 205 273 205 409 103 171 103 137 137 171 137 341 1 341 341 35 69 35 35 35 375 69 1 137 69 341 374 69 137 239 137 307 408 103 171 205 341 341 69 69 35 409 35 273 137 273 1 273 35 137 205 137 205 273 1 137 1 171 205 409 35 307 103 341 409 1 35 69 205 307 307 341 239 35 103 171 1 307 307 35 273 375 205 137 307 69 273 137 273 171 171 69 239 307 1 69 375 341 171 1 171 341 1 273 205 103 137 1 137 69 69 205 69 69 171 1 341 1 103 409 103 137 1 205 307 69 1 239 69 1 69 
! --------------------------------------------------------
! All verification passed
