! Solving for graph /home/truongxuanhieu/Gurobi-for-MinSpanLabeling/benchmarks/abp/N-bcsstk07.mtx.rnd
! Target value is set to 34
! Lower bound is set to 35
! Upper bound is set to 420
! Time limit is set to 1800
! Vertices mode is set to Has hole
! Target value mode is set to Antibandwidth
Set parameter WLSAccessID
Set parameter WLSSecret
Set parameter LicenseID to value 2663665
Academic license 2663665 - for non-commercial use only - registered to tu___@vnu.edu.vn
Set parameter OutputFlag to value 1
Set parameter TimeLimit to value 1800
Gurobi Optimizer version 13.0.2 build v13.0.2rc1 (linux64 - "Debian GNU/Linux 12 (bookworm)")

CPU model: AMD EPYC 7B12, instruction set [SSE2|AVX|AVX2]
Thread count: 4 physical cores, 8 logical processors, using up to 8 threads

Non-default parameters:
TimeLimit  1800

Academic license 2663665 - for non-commercial use only - registered to tu___@vnu.edu.vn
Optimize a model with 7443 rows, 184681 columns and 15721 nonzeros (Min)
Model fingerprint: 0xb462a487
Model has 1 linear objective coefficients
Model has 4560 simple general constraints
  3720 ABS, 840 INDICATOR
Variable types: 0 continuous, 184681 integer (176820 binary)
Coefficient statistics:
  Matrix range     [1e+00, 1e+00]
  Objective range  [1e+00, 1e+00]
  Bounds range     [1e+00, 4e+02]
  RHS range        [1e+00, 2e+02]
  GenCon rhs range [1e+00, 1e+00]
  GenCon coe range [1e+00, 1e+00]

Presolve added 18238 rows and 0 columns
Presolve removed 0 rows and 159420 columns
Presolve time: 0.05s
Presolved: 25681 rows, 25261 columns, 63780 nonzeros
Variable types: 0 continuous, 25261 integer (9120 binary)
Performing another presolve...
Presolve removed 9540 rows and 9540 columns
Presolve time: 0.10s

Root relaxation: objective 3.500000e+01, 12794 iterations, 0.15 seconds (0.15 work units)

    Nodes    |    Current Node    |     Objective Bounds      |     Work
 Expl Unexpl |  Obj  Depth IntInf | Incumbent    BestBd   Gap | It/Node Time

     0     0   35.00000    0 1713          -   35.00000      -     -    0s
     0     0   35.00000    0 8753          -   35.00000      -     -    1s
     0     0   35.00000    0 7901          -   35.00000      -     -    2s
     0     0   35.00000    0 8592          -   35.00000      -     -    2s
     0     0   35.00000    0 2031          -   35.00000      -     -    3s
     0     0   35.00000    0 3249          -   35.00000      -     -    3s
     0     0   35.00000    0 7715          -   35.00000      -     -    3s
     0     0   35.00000    0 1949          -   35.00000      -     -    4s
     0     0   35.00000    0 6173          -   35.00000      -     -    4s
     0     0   35.00000    0 8990          -   35.00000      -     -    5s
     0     0   35.00000    0 2964          -   35.00000      -     -    5s
     0     0   35.00000    0 2962          -   35.00000      -     -    6s
     0     0   35.00000    0 2674          -   35.00000      -     -    6s
     0     2   35.00000    0 2586          -   35.00000      -     -    9s
    11    28   35.00000    4 8174          -   35.00000      -  3222   10s
    99   298   69.00000   19 3495          -   35.00000      -   532   15s
  1423  1411  205.00000  252  707          -   35.00000      -   102   20s
  2781  2531  171.00000   77 2600          -   35.00000      -  72.8   27s
  3022  2709  103.00000   84 4296          -   35.00000      -  76.7   30s
  3025  2711  137.00000  143 4809          -   70.37947      -  76.6   38s
  3026  2712  375.00000  360 8611          -   70.37947      -  76.6   47s
  3027  2713  103.00000   71 8822          -  103.00000      -  76.6   50s
H 3027  2577                     410.0000000  103.00000  74.9%  76.6   52s
H 3027  2448                     409.0000000  103.00000  74.8%  76.6   52s
  3029  2449  103.00000  108 10361  409.00000  103.00000  74.8%  76.5   55s
  3031  2450  205.00000  212 3757  409.00000  103.00000  74.8%  76.5   61s
  3033  2452  205.00000  304 1864  409.00000  103.00000  74.8%  76.4   65s
  3036  2454  137.00000  145 7765  409.00000  103.00000  74.8%  76.3   70s
  3039  2456  205.00000  231 3237  409.00000  103.00000  74.8%  76.3   75s
  3041  2457  171.00000  192 3067  409.00000  103.00000  74.8%  76.2   80s
  3049  2463  205.00000  208 8015  409.00000  131.01189  68.0%   137   90s
  3052  2465  137.00000  197 9782  409.00000  132.00000  67.7%   136   96s
  3054  2467  137.00000  265 2268  409.00000  132.00000  67.7%   136  104s
  3055  2467  171.00000  181 5541  409.00000  132.00000  67.7%   136  106s
  3057  2469  132.00000   35 4510  409.00000  132.00000  67.7%   136  110s
  3060  2471  133.00000   50 8322  409.00000  133.00000  67.5%   136  116s
  3063  2473  133.03171   25 9846  409.00000  133.03171  67.5%   136  120s
  3065  2474  137.00000  283 6633  409.00000  136.00000  66.7%   136  125s
  3068  2476  171.00000  251 8798  409.00000  136.00000  66.7%   136  130s
  3070  2477  137.00000   71 4074  409.00000  136.46492  66.6%   136  136s
  3073  2479  239.00000  304 7945  409.00000  137.00000  66.5%   135  140s
  3076  2481  137.00000   27 2303  409.00000  137.00000  66.5%   135  149s
  3077  2482  375.00000  461 5874  409.00000  137.00000  66.5%   135  151s
  3079  2483  307.00000  362 6735  409.00000  137.00000  66.5%   135  156s
  3082  2485  171.00000  325 1336  409.00000  137.00000  66.5%   135  163s
  3084  2487  137.00000   49 2731  409.00000  137.00000  66.5%   135  167s
  3091  2493  137.00000  161 7899  409.00000  137.00000  66.5%   230  171s
  3092  2493  137.00000  131 1592  409.00000  137.00000  66.5%   230  177s
  3093  2494  239.00000  406 3218  409.00000  137.00000  66.5%   230  184s
  3094  2495  137.00000   14 1345  409.00000  137.00000  66.5%   230  187s
  3096  2496  137.00000  101 2295  409.00000  137.00000  66.5%   230  192s
  3098  2497  171.00000   78 3775  409.00000  137.00000  66.5%   229  196s
  3100  2499  137.00000   47 4167  409.00000  137.00000  66.5%   229  200s
  3103  2501  375.00000  531 7341  409.00000  137.00000  66.5%   229  206s
  3105  2502  137.00000   44 5840  409.00000  137.00000  66.5%   229  211s
  3107  2503  137.00000   50 1823  409.00000  137.00000  66.5%   229  217s
  3171  2577  137.00000   41 1828  409.00000  137.00000  66.5%   282  220s
  4233  3304  137.00000  136 1791  409.00000  137.00000  66.5%   228  226s
  5145  3997  205.00000  243 1161  409.00000  137.00000  66.5%   195  230s
  6293  4539  307.00000  384  701  409.00000  137.00000  66.5%   165  235s
  7181  4941  273.00000  177 1236  409.00000  137.00000  66.5%   150  240s
  7686  5212  273.00000  179 1234  409.00000  137.00000  66.5%   145  245s
  8020  5543  273.00000  181 1226  409.00000  137.00000  66.5%   140  250s
  8612  5758  273.00000  210 1170  409.00000  137.00000  66.5%   133  255s
  8724  5807  273.00000  227 1067  409.00000  137.00000  66.5%   132  260s
  8829  5872  273.00000  228 1060  409.00000  137.00000  66.5%   131  265s
  9045  6110  307.00000  279  873  409.00000  137.00000  66.5%   129  270s
  9431  6250  341.00000  387  653  409.00000  137.00000  66.5%   125  275s
  9614  6418 infeasible  407       409.00000  137.00000  66.5%   124  280s
 10193  6810 infeasible  473       409.00000  137.00000  66.5%   119  287s
 10436  6864 infeasible  478       409.00000  137.00000  66.5%   117  291s
 10588  7335  375.00000  483  384  409.00000  137.00000  66.5%   115  298s
 11172  8428  137.00000  222 2122  409.00000  137.00000  66.5%   111  300s
 12488  9163  307.00000  392  865  409.00000  137.00000  66.5%   104  305s
 13990 10412  341.00000  553  501  409.00000  137.00000  66.5%  95.6  310s
 15377 11266  171.00000  238 1630  409.00000  137.00000  66.5%  89.4  316s
 16243 12108  205.00000  351 1183  409.00000  137.00000  66.5%  86.0  321s
 16669 12472  239.00000  410 1078  409.00000  137.00000  66.5%  85.2  325s
 17378 12911  341.00000  487  840  409.00000  137.00000  66.5%  83.3  330s
 17386 12918 infeasible  490       409.00000  137.00000  66.5%  83.3  335s
 17395 12926  341.00000  489  845  409.00000  137.00000  66.5%  83.3  340s
 17411 12989  307.00000  489  879  409.00000  137.00000  66.5%  83.2  345s
 17565 13157  307.00000  489  889  409.00000  137.00000  66.5%  82.8  352s
 17642 13235  377.00000  494  826  409.00000  137.00000  66.5%  82.6  355s
 18539 14582  171.00000  147 1967  409.00000  137.00000  66.5%  80.2  360s
 20210 16123  137.00000  186 2427  409.00000  137.00000  66.5%  76.4  366s
 20897 16618 infeasible  189       409.00000  137.00000  66.5%  74.9  434s
 21494 17025  205.00000  195 5275  409.00000  137.00000  66.5%  74.1  436s
 22217 18056  137.00000  130 2873  409.00000  137.00000  66.5%  75.9  440s
 23717 19173  137.00000   88 2978  409.00000  137.00000  66.5%  74.0  445s
 24808 19783  205.00000  235 1731  409.00000  137.00000  66.5%  73.9  451s
 25691 21050  239.00000  280 1573  409.00000  137.00000  66.5%  73.1  456s
 26372 21565  273.00000  352 1367  409.00000  137.00000  66.5%  72.3  460s
 27266 22382  308.00000  496  814  409.00000  137.00000  66.5%  71.0  466s
 27845 22774  137.00000   76 5423  409.00000  137.00000  66.5%  70.3  471s
 28364 23203  307.00000  180 1576  409.00000  137.00000  66.5%  69.9  475s
 29285 23855  239.00000  194 1509  409.00000  137.00000  66.5%  69.7  482s
 29943 24404 infeasible  310       409.00000  137.00000  66.5%  69.2  488s
 30055 24635  205.00000  142 2017  409.00000  137.00000  66.5%  69.3  491s
 30413 25222  206.00000  199 1739  409.00000  137.00000  66.5%  69.4  495s
 31107 26282  341.00000  281 2349  409.00000  137.00000  66.5%  68.9  501s
 32363 26958  307.00000  469 1032  409.00000  137.00000  66.5%  67.9  506s
 33501 28024  342.00000  620  422  409.00000  137.00000  66.5%  66.8  510s
 34607 28775  205.00000  189 1723  409.00000  137.00000  66.5%  65.9  515s
 35649 29526  307.00000  230 1522  409.00000  137.00000  66.5%  65.4  521s
 36373 30475  137.00000   98 4800  409.00000  137.00000  66.5%  65.5  525s
 37548 31529 infeasible  266       409.00000  137.00000  66.5%  64.8  530s
 38475 32676  273.00000  242 2165  409.00000  137.00000  66.5%  64.0  535s
 39640 33170  171.00000  103 3967  409.00000  137.00000  66.5%  63.4  540s
 40822 34221  239.00000  263 2089  409.00000  137.00000  66.5%  62.8  545s
 41335 35170  341.00000  214 1552  409.00000  137.00000  66.5%  62.8  551s
 42007 35480  375.00000  356 1528  409.00000  137.00000  66.5%  62.4  557s
 42270 35668 infeasible  389       409.00000  137.00000  66.5%  62.5  561s
 43332 36508  310.00000  248 1235  409.00000  137.00000  66.5%  61.8  568s
 43443 37330  307.00000  251 1118  409.00000  137.00000  66.5%  61.8  570s
 45279 38786  205.00000  118 2631  409.00000  137.00000  66.5%  60.6  576s
 46675 39572 infeasible  315       409.00000  137.00000  66.5%  59.5  580s
 48023 40874  341.00000  250 1625  409.00000  137.00000  66.5%  58.8  585s
 49086 41764 infeasible  413       409.00000  137.00000  66.5%  58.1  590s
 49664 42607  273.00000  190 1382  409.00000  137.00000  66.5%  58.2  595s
 50465 43050 infeasible  403       409.00000  137.00000  66.5%  57.9  602s
 51019 43539  274.00000  201 1326  409.00000  137.00000  66.5%  57.9  606s
 51631 44264 infeasible  327       409.00000  137.00000  66.5%  57.7  610s
 52899 45236  307.00000  272 1579  409.00000  137.00000  66.5%  57.2  616s
 53140 45681  342.00000  339 1073  409.00000  137.00000  66.5%  57.2  622s
 53760 46163  376.00000  449  831  409.00000  137.00000  66.5%  57.0  628s
 53950 46843  376.00000  474  781  409.00000  137.00000  66.5%  57.0  631s
 55018 47767  307.00000  222 2037  409.00000  137.00000  66.5%  56.4  636s
 56661 48582 infeasible  469       409.00000  137.00000  66.5%  55.4  641s
 57449 49568  273.00000  214 1821  409.00000  137.00000  66.5%  55.5  645s
 58980 50666  341.00000  211 1530  409.00000  137.00000  66.5%  55.0  651s
 60488 52158 infeasible  502       409.00000  137.00000  66.5%  54.7  656s
 61800 53644  274.00000  295 2303  409.00000  137.00000  66.5%  54.4  661s
 62304 53838  307.00000  296 2660  409.00000  137.00000  66.5%  54.2  665s
 63962 55195  307.00000  297 2192  409.00000  137.00000  66.5%  53.7  671s
 64293 56016  274.00000  299 1724  409.00000  137.00000  66.5%  53.7  675s
 65434 56694  375.00000  350 1095  409.00000  137.00000  66.5%  53.8  681s
 67446 58300 infeasible  582       409.00000  137.00000  66.5%  52.8  686s
 67652 58396  205.00000  128 2606  409.00000  137.00000  66.5%  53.0  691s
 67660 58404  205.00000  127 2663  409.00000  137.00000  66.5%  53.0  695s
 67668 58412  205.00000  128 2535  409.00000  137.00000  66.5%  53.0  700s
 67680 58424  205.00000  131 2833  409.00000  137.00000  66.5%  53.0  706s
 67692 58436  239.00000  132 2374  409.00000  137.00000  66.5%  53.0  711s
 67700 58444  205.00000  133 2759  409.00000  137.00000  66.5%  53.0  715s
 67712 58456  205.00000  136 2753  409.00000  137.00000  66.5%  53.0  721s
 67720 58464  205.00000  138 2752  409.00000  137.00000  66.5%  53.0  726s
 67728 58472  205.00000  140 2739  409.00000  137.00000  66.5%  53.0  730s
 67740 58483  239.00000  142 2208  409.00000  137.00000  66.5%  53.0  736s
 67749 58491  239.00000  144 2312  409.00000  137.00000  66.5%  53.0  741s
 67757 58499  239.00000  146 2168  409.00000  137.00000  66.5%  53.0  745s
 67765 58507  239.00000  147 2188  409.00000  137.00000  66.5%  53.0  750s
 67777 58519  239.00000  148 2176  409.00000  137.00000  66.5%  53.0  757s
 67785 58527  239.00000  150 2174  409.00000  137.00000  66.5%  53.0  761s
 67793 58535  239.00000  152 2440  409.00000  137.00000  66.5%  53.0  766s
 67801 58543  239.00000  154 2411  409.00000  137.00000  66.5%  53.0  771s
 67809 58586  239.00000  156 2406  409.00000  137.00000  66.5%  53.0  776s
 67880 58652  239.00000  158 2545  409.00000  137.00000  66.5%  53.0  780s
 67951 58724  239.00000  160 1979  409.00000  137.00000  66.5%  53.0  785s
 68086 58860  239.00000  195 2654  409.00000  137.00000  66.5%  52.9  791s
 68165 58940  239.00000  197 2656  409.00000  137.00000  66.5%  52.9  795s
 68237 59020  239.00000  199 1827  409.00000  137.00000  66.5%  52.8  801s
 68316 59127  239.00000  201 1829  409.00000  137.00000  66.5%  52.8  806s
 68460 59228  239.00000  203 1898  409.00000  137.00000  66.5%  52.8  811s
 68517 59280  239.00000  205 1871  409.00000  137.00000  66.5%  52.7  817s
 68567 59335  239.00000  205 1881  409.00000  137.00000  66.5%  52.7  822s
 68597 59353  239.00000  203 1926  409.00000  137.00000  66.5%  52.7  825s
 68633 59402  239.00000  205 1899  409.00000  137.00000  66.5%  52.7  831s
 68739 59587  239.00000  223 1799  409.00000  137.00000  66.5%  52.7  837s
 68853 59662  239.00000  244 1935  409.00000  137.00000  66.5%  52.7  840s
 69020 59847  273.00000  276 1765  409.00000  137.00000  66.5%  52.6  847s
 69123 59924  273.00000  305 1532  409.00000  137.00000  66.5%  52.6  850s
 69277 60058  324.00000  355 1435  409.00000  137.00000  66.5%  52.6  857s
 69342 60160  307.00000  353 1443  409.00000  137.00000  66.5%  52.6  861s
 69450 60294  341.00000  371  922  409.00000  137.00000  66.5%  52.5  865s
 69722 60912  324.00000  424  854  409.00000  137.00000  66.5%  52.4  872s
 71500 62153 infeasible  611       409.00000  137.00000  66.5%  51.8  877s
 72758 64377  307.00000  171 1168  409.00000  137.00000  66.5%  51.9  882s
 74612 64950  308.00000  176 1793  409.00000  137.00000  66.5%  51.6  886s
 75479 66024  342.00000  277 1381  409.00000  137.00000  66.5%  51.4  890s
 76617 67046  205.00000  133 2850  409.00000  137.00000  66.5%  51.0  895s
 77822 67915  344.00000  267 1418  409.00000  137.00000  66.5%  50.8  901s
 78692 68654  240.00000  207 2332  409.00000  137.00000  66.5%  50.9  905s
 80144 70414  307.00000  426 1413  409.00000  137.00000  66.5%  50.6  910s
 81490 71150 infeasible  136       409.00000  137.00000  66.5%  50.2  915s
 82900 72880  273.00000  306 1159  409.00000  137.00000  66.5%  50.1  920s
 83952 74325  137.00000   96 4379  409.00000  137.00000  66.5%  50.0  926s
 85788 74998  307.00000  312 1455  409.00000  137.00000  66.5%  49.5  930s
 86986 76090  375.00000  442 1391  409.00000  137.00000  66.5%  49.5  935s
 88385 77465  274.00000  274 1471  409.00000  137.00000  66.5%  49.4  940s
 89850 78725 infeasible  464       409.00000  137.00000  66.5%  49.1  946s
 90548 79769  205.00000  196 2180  409.00000  137.00000  66.5%  49.1  950s
 91649 80384  341.00000  447 1178  409.00000  137.00000  66.5%  49.1  956s
 92373 81417  171.00000  137 2635  409.00000  137.00000  66.5%  49.1  960s
 93463 82063  376.00000  426  945  409.00000  137.00000  66.5%  48.9  965s
 94044 82633 infeasible  557       409.00000  137.00000  66.5%  48.8  972s
 94235 83954  205.00000  202 1680  409.00000  137.00000  66.5%  48.8  978s
 95852 84072  205.00000  167 1523  409.00000  137.00000  66.5%  48.7  981s
 96743 85376  205.00000  154 2530  409.00000  137.00000  66.5%  48.6  985s
 98458 86359  273.00000  352 1399  409.00000  137.00000  66.5%  48.4  991s
 99414 87845  307.00000  416 1318  409.00000  137.00000  66.5%  48.3  995s
 101778 89807  341.00000  317 1111  409.00000  137.00000  66.5%  47.8 1000s
 103883 91277  307.00000  255 1930  409.00000  137.00000  66.5%  47.5 1006s
 104718 92693  307.00000  406 1436  409.00000  137.00000  66.5%  47.3 1010s
 106955 93909 infeasible  409       409.00000  137.00000  66.5%  47.0 1015s
 108521 95703  307.00000  280 1924  409.00000  137.00000  66.5%  46.8 1020s
 109297 96112  341.00000  362 1001  409.00000  137.00000  66.5%  46.7 1025s
 110232 96843  341.00000  358 1060  409.00000  137.00000  66.5%  46.5 1030s
 110649 97384  307.00000  359 1080  409.00000  137.00000  66.5%  46.6 1035s
 111452 98082  341.00000  361  980  409.00000  137.00000  66.5%  46.6 1040s
 112267 99110  341.00000  361  978  409.00000  137.00000  66.5%  46.6 1045s
 113353 99692 infeasible  359       409.00000  137.00000  66.5%  46.4 1051s
 113580 100111  341.00000  362  952  409.00000  137.00000  66.5%  46.4 1056s
 114583 100845  341.00000  365  956  409.00000  137.00000  66.5%  46.2 1061s
 115219 101651  341.00000  366  941  409.00000  137.00000  66.5%  46.2 1066s
 115502 101910  341.00000  367  931  409.00000  137.00000  66.5%  46.2 1071s
 115827 103440  341.00000  377  922  409.00000  137.00000  66.5%  46.2 1076s
 118361 104699  341.00000  438 1320  409.00000  137.00000  66.5%  45.8 1081s
 119828 106125  307.00000  266 1958  409.00000  137.00000  66.5%  45.7 1085s
 121571 107050 infeasible  525       409.00000  137.00000  66.5%  45.4 1090s
 122811 108657  307.00000  243 2499  409.00000  137.00000  66.5%  45.5 1095s
 124874 110085 infeasible  547       409.00000  137.00000  66.5%  45.2 1101s
 125694 111114 infeasible  184       409.00000  137.00000  66.5%  45.2 1105s
 127490 112575  307.00000  287 1599  409.00000  137.00000  66.5%  45.0 1110s
 128945 114043  137.00000  103 1887  409.00000  137.00000  66.5%  44.9 1115s
 130752 115164  137.00000  131 2266  409.00000  137.00000  66.5%  44.7 1121s
 131992 116484 infeasible  320       409.00000  137.00000  66.5%  44.8 1125s
 133528 117658 infeasible  344       409.00000  137.00000  66.5%  44.6 1131s
 134087 118161  239.00000  212 1318  409.00000  137.00000  66.5%  44.7 1135s
 135221 119160  341.00000  457  748  409.00000  137.00000  66.5%  44.6 1141s
 135766 120074  137.00000   88 5545  409.00000  137.00000  66.5%  44.6 1146s
 136560 121531  273.00000  268 1709  409.00000  137.00000  66.5%  44.6 1152s
 137958 121718  206.00000  169 2904  409.00000  137.00000  66.5%  44.5 1156s
 138698 122366  341.00000  338 2173  409.00000  137.00000  66.5%  44.4 1160s
 139314 123517  205.00000  153 2798  409.00000  137.00000  66.5%  44.5 1166s
 141000 124976  341.00000  421 1076  409.00000  137.00000  66.5%  44.5 1170s
 142523 125681  273.00000  237 1228  409.00000  137.00000  66.5%  44.3 1175s
 143648 127076  137.00000  101 2536  409.00000  137.00000  66.5%  44.4 1180s
 145537 128495  308.00000  292 1206  409.00000  137.00000  66.5%  44.3 1185s
 147054 130085 infeasible  492       409.00000  137.00000  66.5%  44.1 1190s
 148911 132110  239.00000  174 1767  409.00000  137.00000  66.5%  44.1 1195s
 151023 133486 infeasible  346       409.00000  137.00000  66.5%  44.1 1201s
 152484 134743  273.00000  247 1781  409.00000  137.00000  66.5%  44.0 1205s
 153706 136147  341.00000  214 1873  409.00000  137.00000  66.5%  43.9 1210s
 154683 137096  205.00000  135 3089  409.00000  137.00000  66.5%  43.9 1215s
 155639 137537  205.00000  136 3216  409.00000  137.00000  66.5%  43.8 1220s
 156393 138646  205.00000  140 3203  409.00000  137.00000  66.5%  43.8 1226s
 157508 139311  239.00000  143 2280  409.00000  137.00000  66.5%  43.7 1232s
 157562 142175  239.00000  144 2264  409.00000  137.00000  66.5%  43.8 1249s
 160719 142326 infeasible  314       409.00000  137.00000  66.5%  43.7 1251s
 162661 144617  274.00000  407 1557  409.00000  137.00000  66.5%  43.5 1255s
 164756 146016  375.00000  317 1078  409.00000  137.00000  66.5%  43.4 1261s
 165643 147374  341.00000  388 1061  409.00000  137.00000  66.5%  43.4 1265s
 167012 148607  341.00000  294 1304  409.00000  137.00000  66.5%  43.4 1270s
 169116 149856  307.00000  347 1433  409.00000  137.00000  66.5%  43.3 1276s
 169644 150392  376.00000  410 1045  409.00000  137.00000  66.5%  43.3 1281s
 170453 151491  205.00000  154 2696  409.00000  137.00000  66.5%  43.3 1285s
 171606 152077  137.00000   82 5702  409.00000  137.00000  66.5%  43.2 1290s
 172360 153248  274.00000  236 1470  409.00000  137.00000  66.5%  43.2 1295s
 173624 153866 infeasible  298       409.00000  137.00000  66.5%  43.0 1300s
 174362 154618 infeasible  235       409.00000  137.00000  66.5%  43.1 1306s
 175366 155701  240.00000  192 1734  409.00000  137.00000  66.5%  43.1 1312s
 175970 156197  342.00000  348 1212  409.00000  137.00000  66.5%  43.1 1316s
 176392 156820  205.00000  171 2980  409.00000  137.00000  66.5%  43.1 1320s
 177547 157640  341.00000  415 1316  409.00000  137.00000  66.5%  43.0 1325s
 178276 158275 infeasible  582       409.00000  137.00000  66.5%  42.9 1330s
 178464 160083  171.00000  131 3296  409.00000  137.00000  66.5%  42.9 1335s
 180598 160473  137.00000  142 5130  409.00000  137.00000  66.5%  42.7 1341s
 181674 161189  275.00000  250 1472  409.00000  137.00000  66.5%  42.7 1345s
 183293 163109  171.00000  106 3203  409.00000  137.00000  66.5%  42.6 1351s
 185076 164263  341.00000  417 1023  409.00000  137.00000  66.5%  42.4 1356s
 186174 165192 infeasible  569       409.00000  137.00000  66.5%  42.4 1360s
 187685 166725  376.00000  690  415  409.00000  137.00000  66.5%  42.3 1365s
 188938 168497  239.00000  191 1447  409.00000  137.00000  66.5%  42.3 1370s
 191766 169977 infeasible  327       409.00000  137.00000  66.5%  42.2 1376s
 192805 170997  341.00000  261 1271  409.00000  137.00000  66.5%  42.3 1380s
 194237 172300  308.00000  353 1300  409.00000  137.00000  66.5%  42.2 1385s
 196011 173903 infeasible  587       409.00000  137.00000  66.5%  42.2 1390s
 197729 175951  240.00000  249 1504  409.00000  137.00000  66.5%  42.1 1395s
 199488 177513 infeasible  258       409.00000  137.00000  66.5%  42.0 1400s
 201561 179195  137.00000  110 5789  409.00000  137.00000  66.5%  41.9 1405s
 203327 180483 infeasible  443       409.00000  137.00000  66.5%  41.9 1411s
 204690 182108  342.00000  291 1378  409.00000  137.00000  66.5%  41.8 1415s
 206456 183452  205.00000  184 1357  409.00000  137.00000  66.5%  41.9 1421s
 207835 184816  137.00000  118 5162  409.00000  137.00000  66.5%  41.8 1425s
 209166 185784 infeasible  343       409.00000  137.00000  66.5%  41.7 1431s
 209816 187047  307.00000  255 1305  409.00000  137.00000  66.5%  41.7 1437s
 210878 187478  205.00000  148 1506  409.00000  137.00000  66.5%  41.6 1440s
 212064 188762  205.00000  182 2500  409.00000  137.00000  66.5%  41.5 1446s
 212789 189472  208.00000  187 1515  409.00000  137.00000  66.5%  41.5 1450s
 213965 190068 infeasible  424       409.00000  137.00000  66.5%  41.5 1455s
 214680 191096  205.00000  217 3374  409.00000  137.00000  66.5%  41.5 1460s
 215888 191749  274.00000  241 1777  409.00000  137.00000  66.5%  41.4 1466s
 216847 192646  342.00000  445 1979  409.00000  137.00000  66.5%  41.4 1471s
 217446 193110 infeasible  533       409.00000  137.00000  66.5%  41.4 1475s
 218170 194308  307.00000  294 1606  409.00000  137.00000  66.5%  41.5 1480s
 218935 194631  274.00000  184 2709  409.00000  137.00000  66.5%  41.4 1485s
 219795 195308  137.00000  149 4149  409.00000  137.00000  66.5%  41.4 1491s
 220477 195908  307.00000  256 1219  409.00000  137.00000  66.5%  41.4 1497s
 220655 197464  171.00000  103 4479  409.00000  137.00000  66.5%  41.5 1502s
 222442 197929  206.00000  171 2224  409.00000  137.00000  66.5%  41.4 1506s
 222996 198383  308.00000  267 1409  409.00000  137.00000  66.5%  41.4 1510s
 224196 199217 infeasible  428       409.00000  137.00000  66.5%  41.3 1517s
 226071 201006  308.00000  136 1438  409.00000  137.00000  66.5%  41.2 1521s
 227378 202495  273.00000  254 1779  409.00000  137.00000  66.5%  41.3 1525s
 229196 204061  309.00000  193 2075  409.00000  137.00000  66.5%  41.2 1530s
 231356 205696 infeasible  280       409.00000  137.00000  66.5%  41.0 1536s
 232889 206843  341.00000  324  984  409.00000  137.00000  66.5%  41.0 1540s
 234433 208257 infeasible  360       409.00000  137.00000  66.5%  40.9 1545s
 235665 209813  273.00000  227 2320  409.00000  137.00000  66.5%  40.9 1550s
 237822 211570  171.00000  116 2601  409.00000  137.00000  66.5%  40.7 1555s
 239750 212968 infeasible  376       409.00000  137.00000  66.5%  40.7 1560s
 241148 214214  307.00000  289 1757  409.00000  137.00000  66.5%  40.6 1565s
 242742 216115  274.00000  224 1457  409.00000  137.00000  66.5%  40.6 1570s
 244551 217235  137.00000  107 4545  409.00000  137.00000  66.5%  40.5 1575s
 246412 219341  344.00000  449  887  409.00000  137.00000  66.5%  40.4 1580s
 247683 220392  274.00000  257 1267  409.00000  137.00000  66.5%  40.3 1585s
 249586 222148  239.00000  251 2334  409.00000  137.00000  66.5%  40.3 1590s
 250931 223180  137.00000  141 1714  409.00000  137.00000  66.5%  40.3 1595s
 253335 225487  137.00000  146 2815  409.00000  137.00000  66.5%  40.2 1600s
 255372 226897  273.00000  195 1473  409.00000  137.00000  66.5%  40.2 1605s
 256731 228030  205.00000  186 1366  409.00000  137.00000  66.5%  40.1 1610s
 257276 228843  137.00000  143 2389  409.00000  137.00000  66.5%  40.1 1615s
 258016 229290  273.00000  300 1442  409.00000  137.00000  66.5%  40.1 1620s
 258668 229965 infeasible  419       409.00000  137.00000  66.5%  40.1 1625s
 259718 230690  341.00000  340 1396  409.00000  137.00000  66.5%  40.0 1631s
 260425 231702  137.00000   97 5124  409.00000  137.00000  66.5%  40.0 1635s
 261012 232305  307.00000  246 1187  409.00000  137.00000  66.5%  40.0 1640s
 262067 232849  274.00000  277 1603  409.00000  137.00000  66.5%  40.0 1645s
 263160 233869  171.00000  115 3195  409.00000  137.00000  66.5%  39.9 1651s
 263605 234231  171.00000  149 3489  409.00000  137.00000  66.5%  39.9 1656s
 264464 235085 infeasible  347       409.00000  137.00000  66.5%  39.8 1660s
 265512 236428  307.00000  307 1197  409.00000  137.00000  66.5%  39.8 1665s
 266923 237745  239.00000  168 1550  409.00000  137.00000  66.5%  39.7 1670s
 268734 238830 infeasible  427       409.00000  137.00000  66.5%  39.6 1675s
 270691 240545 infeasible  488       409.00000  137.00000  66.5%  39.5 1681s
 272340 241995 infeasible  408       409.00000  137.00000  66.5%  39.4 1685s
 274094 244023  240.00000  287 1334  409.00000  137.00000  66.5%  39.4 1690s
 276034 245330  274.00000  355 1312  409.00000  137.00000  66.5%  39.3 1695s
 277695 247130  274.00000  197 1401  409.00000  137.00000  66.5%  39.2 1700s
 278929 248316  307.00000  291 1345  409.00000  137.00000  66.5%  39.1 1705s
 280508 249283 infeasible  262       409.00000  137.00000  66.5%  39.1 1710s
 281476 250615  341.00000  352 1596  409.00000  137.00000  66.5%  39.1 1715s
 283066 251971  307.00000  237 1998  409.00000  137.00000  66.5%  39.0 1721s
 284433 252766  376.00000  419  890  409.00000  137.00000  66.5%  38.9 1725s
 286461 254803  273.00000  330 1233  409.00000  137.00000  66.5%  38.9 1730s
 287623 255728 infeasible  509       409.00000  137.00000  66.5%  38.8 1735s
 289534 257382  342.00000  453  817  409.00000  137.00000  66.5%  38.7 1740s
 290677 258723  342.00000  578  672  409.00000  137.00000  66.5%  38.7 1745s
 292209 259795  307.00000  409 1189  409.00000  137.00000  66.5%  38.6 1750s
 292820 260702  307.00000  408 1420  409.00000  137.00000  66.5%  38.6 1755s
 293420 261556  307.00000  406 1426  409.00000  137.00000  66.5%  38.6 1760s
 294550 262010  307.00000  408 1237  409.00000  137.00000  66.5%  38.6 1765s
 295425 263154  307.00000  409 1236  409.00000  137.00000  66.5%  38.5 1771s
 296787 264323  307.00000  412 1260  409.00000  137.00000  66.5%  38.5 1775s
 298067 265381  307.00000  415 1260  409.00000  137.00000  66.5%  38.4 1780s
 298981 265946  307.00000  418 1233  409.00000  137.00000  66.5%  38.4 1785s
 299940 267088  307.00000  419 1291  409.00000  137.00000  66.5%  38.4 1791s
 301092 267931  307.00000  421 1237  409.00000  137.00000  66.5%  38.3 1796s
 302009 268502  307.00000  424 1249  409.00000  137.00000  66.5%  38.3 1800s

Cutting planes:
  Gomory: 20
  Cover: 2
  Implied bound: 14
  Projected implied bound: 17
  MIR: 356
  Mixing: 1
  StrongCG: 24
  Flow cover: 4211
  Zero half: 69
  RLT: 45
  Relax-and-lift: 23

Explored 302017 nodes (11653507 simplex iterations) in 1800.01 seconds (2011.31 work units)
Thread count was 8 (of 8 available processors)

Solution count 2: 409 410 

Time limit reached
Best objective 4.090000000000e+02, best bound 1.370000000000e+02, gap 66.5037%
! --------------------------------------------------------
! Status: FEASIBLE (time limit reached)
! Best span = 409
! Labeling: 205 375 341 171 341 341 205 409 35 273 69 273 137 103 239 69 103 69 307 205 273 341 171 307 103 103 171 341 307 239 171 137 239 375 375 103 35 205 341 69 239 205 307 409 409 171 137 1 409 307 103 273 273 205 69 1 35 239 239 239 375 1 69 137 137 35 103 137 341 103 273 35 1 341 171 273 205 137 1 273 1 205 35 69 1 103 273 307 103 409 35 307 239 103 307 239 205 1 103 35 171 35 307 171 35 239 69 1 307 103 341 69 1 1 35 103 69 273 205 171 307 239 69 69 239 341 375 307 69 1 205 239 273 307 307 375 1 239 35 103 375 103 273 375 239 375 171 225 1 35 239 35 171 69 69 409 341 35 409 35 171 273 273 205 341 35 307 239 239 35 375 307 137 103 103 375 307 239 375 409 137 69 375 239 205 273 205 409 69 69 171 171 1 103 137 307 35 103 239 1 239 205 1 273 171 69 1 137 409 205 35 69 341 375 35 375 103 205 409 273 205 171 375 171 35 1 35 307 103 307 1 171 103 171 171 1 103 1 408 137 69 1 137 69 1 239 137 409 1 137 1 137 35 1 341 35 307 273 137 103 239 171 35 103 35 69 273 69 103 409 171 307 205 1 103 103 1 137 171 69 137 103 35 35 273 69 239 35 341 205 273 205 409 103 171 103 137 137 171 137 341 1 341 341 35 69 35 35 35 375 69 1 137 69 341 374 69 137 239 137 307 408 103 171 205 341 341 69 69 35 409 35 273 137 273 1 273 35 137 205 137 205 273 1 137 1 171 205 409 35 307 103 341 409 1 35 69 205 307 307 341 239 35 103 171 1 307 307 35 273 375 205 137 307 69 273 137 273 171 171 69 239 307 1 69 375 341 171 1 171 341 1 273 205 103 137 1 137 69 69 205 69 69 171 1 341 1 103 409 103 137 1 205 307 69 1 239 69 1 69 
! --------------------------------------------------------
! All verification passed
