! Solving for graph /home/truongxuanhieu/Gurobi-for-MinSpanLabeling/benchmarks/abp/P-can__445.mtx.rnd
! Target value is set to 90
! Lower bound is set to 91
! Upper bound is set to 445
! Time limit is set to 1800
! Vertices mode is set to Has hole
! Target value mode is set to Antibandwidth
Set parameter WLSAccessID
Set parameter WLSSecret
Set parameter LicenseID to value 2663665
Academic license 2663665 - for non-commercial use only - registered to tu___@vnu.edu.vn
Set parameter OutputFlag to value 1
Set parameter TimeLimit to value 1800
Gurobi Optimizer version 13.0.2 build v13.0.2rc1 (linux64 - "Debian GNU/Linux 12 (bookworm)")

CPU model: AMD EPYC 7B12, instruction set [SSE2|AVX|AVX2]
Thread count: 4 physical cores, 8 logical processors, using up to 8 threads

Non-default parameters:
TimeLimit  1800

Academic license 2663665 - for non-commercial use only - registered to tu___@vnu.edu.vn
Optimize a model with 3367 rows, 202280 columns and 7619 nonzeros (Min)
Model fingerprint: 0x832f5856
Model has 1 linear objective coefficients
Model has 2572 simple general constraints
  1682 ABS, 890 INDICATOR
Variable types: 0 continuous, 202280 integer (198470 binary)
Coefficient statistics:
  Matrix range     [1e+00, 1e+00]
  Objective range  [1e+00, 1e+00]
  Bounds range     [1e+00, 4e+02]
  RHS range        [1e+00, 2e+02]
  GenCon rhs range [1e+00, 1e+00]
  GenCon coe range [1e+00, 1e+00]

Presolve added 10286 rows and 0 columns
Presolve removed 0 rows and 189072 columns
Presolve time: 0.05s
Presolved: 13653 rows, 13208 columns, 33685 nonzeros
Variable types: 0 continuous, 13208 integer (5144 binary)
Performing another presolve...
Presolve removed 5589 rows and 5589 columns
Presolve time: 0.06s

Root relaxation: objective 9.100000e+01, 5396 iterations, 0.03 seconds (0.02 work units)

    Nodes    |    Current Node    |     Objective Bounds      |     Work
 Expl Unexpl |  Obj  Depth IntInf | Incumbent    BestBd   Gap | It/Node Time

     0     0   91.00000    0  776          -   91.00000      -     -    0s
     0     0   91.00000    0 4314          -   91.00000      -     -    0s
     0     0   91.00000    0 3524          -   91.00000      -     -    0s
     0     0   91.00000    0 3791          -   91.00000      -     -    0s
     0     0   91.00000    0 1059          -   91.00000      -     -    0s
     0     0   91.00000    0 1365          -   91.00000      -     -    1s
     0     0   91.00000    0 3863          -   91.00000      -     -    1s
     0     0   91.00000    0 1318          -   91.00000      -     -    1s
     0     0   91.00000    0 1318          -   91.00000      -     -    1s
     0     0   91.00000    0 1031          -   91.00000      -     -    1s
     0     2   91.00000    0  957          -   91.00000      -     -    2s
  1730  1388  271.00000   66 4645          -   91.00000      -  44.5    5s
  1739  1394   95.00000   34 2326          -   91.00000      -  44.2   10s
  2322  1927  271.00000   66 1061          -   91.00000      -  72.7   15s
  4534  2993 infeasible  238               -   91.00000      -  48.0   20s
* 4701  1924             288     361.0000000   91.00000  74.8%  48.1   20s
  6208  2594 infeasible   23       361.00000   91.00000  74.8%  43.5   25s
  7793  3768  181.00000   19 1517  361.00000   91.00000  74.8%  43.9   30s
  9792  5628  181.00000   31 1447  361.00000   91.00000  74.8%  42.8   35s
 10392  5633  181.00000   56 4270  361.00000   91.00000  74.8%  41.0   41s
 10394  5634  271.00000   38 4419  361.00000   91.00000  74.8%  41.0   45s
 10398  5637  271.00000  129 1312  361.00000   91.00000  74.8%  41.0   50s
 10961  5749  181.00000   34  602  361.00000   92.00000  74.5%  52.0   55s
 12118  6075  181.00000   39  562  361.00000   92.00000  74.5%  54.8   60s
 13676  6515  181.00000   52  480  361.00000   92.00000  74.5%  57.7   65s
 14856  6676  271.00000   41  507  361.00000   92.00000  74.5%  62.5   70s
 16748  6877 infeasible   48       361.00000   92.00000  74.5%  64.9   75s
 18120  7101  271.00000   40  715  361.00000   92.00000  74.5%  65.8   80s
 20282  7868  181.00000   36  505  361.00000   96.96781  73.1%  64.8   85s
 23903  7910 infeasible   45       361.00000  181.00000  49.9%  63.4   90s
 24787  7943  181.00000   45  502  361.00000  181.00000  49.9%  65.1   95s
 28143  7761 infeasible   48       361.00000  181.00000  49.9%  63.0  100s
 30719  8300 infeasible   67       361.00000  181.00000  49.9%  63.4  105s
 31497  8320  272.00000   50 3810  361.00000  181.00000  49.9%  63.6  133s
 31502  8323  271.00000   42 4231  361.00000  181.00000  49.9%  63.6  135s
 31506  8326  181.00000   38 4499  361.00000  181.00000  49.9%  63.5  142s
 31509  8328  271.00000   55 1719  361.00000  181.00000  49.9%  63.5  147s
 31511  8329  181.00000   48 4743  361.00000  181.00000  49.9%  63.5  151s
 31513  8331  271.00000   48 5158  361.00000  181.00000  49.9%  63.5  156s
 31516  8333  181.00000   39 5097  361.00000  181.00000  49.9%  63.5  161s
 31520  8335  271.00000   58 5299  361.00000  181.00000  49.9%  63.5  165s
 31527  8340  272.00000   43 5034  361.00000  181.00000  49.9%  63.5  171s
 31532  8343  272.00000   86 5079  361.00000  181.00000  49.9%  63.5  176s
 31538  8347  271.00000   63 5082  361.00000  181.00000  49.9%  63.5  180s
 31541  8349  271.00000   41 5162  361.00000  181.00000  49.9%  63.5  186s
 31543  8351  271.00000   47 3739  361.00000  181.00000  49.9%  63.5  193s
 31544  8351  271.00000   45 2777  361.00000  181.00000  49.9%  63.5  195s
 31548  8354  271.00000   70 4913  361.00000  181.00000  49.9%  63.5  201s
 31551  8356  271.00000   57 5076  361.00000  181.00000  49.9%  63.5  205s
 31558  8361  271.00000   57 1104  361.00000  181.00000  49.9%  63.4  211s
 31561  8363  271.00000   59 4003  361.00000  181.00000  49.9%  63.4  215s
 31563  8364  272.00000   77 4552  361.00000  181.00000  49.9%  63.4  220s
 31565  8365  271.00000   58 3705  361.00000  181.00000  49.9%  63.4  227s
 31616  8400  181.00000   46 1061  361.00000  181.00000  49.9%  74.9  232s
 31721  8411 infeasible   57       361.00000  181.00000  49.9%  75.4  235s
 32164  8314  181.00000   47 3001  361.00000  181.00000  49.9%  77.8  241s
 32365  8253  271.00000   46 1793  361.00000  181.00000  49.9%  80.8  245s
 32563  8197  271.00000   46 2012  361.00000  181.00000  49.9%  84.1  250s
 32753  8152  271.00000   49 1771  361.00000  181.00000  49.9%  87.0  255s
 33017  8076  271.00000   51 2024  361.00000  181.00000  49.9%  91.6  261s
 33144  8028  271.00000   53 2163  361.00000  181.00000  49.9%  95.8  266s
 33629  8008 infeasible   60       361.00000  181.00000  49.9%  97.5  271s
 34272  8148  271.00000   52 2239  361.00000  181.00000  49.9%   100  276s
 35162  8053  271.00000   47 2061  361.00000  181.00000  49.9%   102  281s
 35801  8098 infeasible   49       361.00000  181.00000  49.9%   102  285s
 36325  8118 infeasible   55       361.00000  181.00000  49.9%   105  290s
 36972  8132 infeasible   49       361.00000  181.00000  49.9%   107  296s
 37080  8101  271.00000   47 2116  361.00000  181.00000  49.9%   109  300s
 37882  8195  271.00000   57 2162  361.00000  181.00000  49.9%   111  306s
 38593  8206 infeasible   64       361.00000  181.00000  49.9%   112  310s
 38852  8155 infeasible   51       361.00000  181.00000  49.9%   116  316s
 39613  8178 infeasible   54       361.00000  181.00000  49.9%   117  322s
 39770  8497  271.00000   74 2991  361.00000  181.00000  49.9%   119  326s
 40588  8518  271.00000   52 2358  361.00000  181.00000  49.9%   120  332s
 41372  8288 infeasible   49       361.00000  181.00000  49.9%   122  337s
 41474  8345  271.00000   52 1801  361.00000  181.00000  49.9%   123  340s
 41923  9214  271.00000   50 2416  361.00000  181.00000  49.9%   126  357s
 44557  8338  271.00000   54 2246  361.00000  181.00000  49.9%   130  362s
 44640  8299  271.00000   53 1962  361.00000  181.00000  49.9%   131  365s
 44814  8284 infeasible   48       361.00000  181.00000  49.9%   134  371s
 45174  8228  271.00000   49 1948  361.00000  181.00000  49.9%   137  378s
 45294  8528  271.00000   55 1794  361.00000  181.00000  49.9%   138  382s
 46340  8177 infeasible   57       361.00000  181.00000  49.9%   138  385s
 46538  8139  271.00000   45 2125  361.00000  181.00000  49.9%   141  391s
 46862  8033  271.00000   56 1919  361.00000  181.00000  49.9%   144  398s
 47004  8200  271.00000   50 2247  361.00000  181.00000  49.9%   145  401s
 47810  7945  182.13713   52 4564  361.00000  181.00000  49.9%   147  408s
 47908  8217  181.00000   47 4882  361.00000  181.00000  49.9%   149  412s
 48722  7952 infeasible   64       361.00000  181.00000  49.9%   149  415s
 48947  8431  181.00000   48 4561  361.00000  181.00000  49.9%   151  422s
 50072  8048 infeasible   62       361.00000  181.00000  49.9%   150  425s
 50283  8397  271.00000   55 2130  361.00000  181.00000  49.9%   152  432s
 51275  8054 infeasible   61       361.00000  181.00000  49.9%   151  435s
 51497  8079  271.00000   56 2848  361.00000  181.00000  49.9%   153  441s
 51702  8004 infeasible   56       361.00000  181.00000  49.9%   153  445s
 51842  7951  271.00000   54 2038  361.00000  181.00000  49.9%   156  451s
 51997  7918  271.00000   54 2929  361.00000  181.00000  49.9%   156  459s
 52081  7818 infeasible   56       361.00000  181.00000  49.9%   157  481s
 52607  7675 infeasible   55       361.00000  181.28167  49.8%   162  498s
 53370  8881  271.00000   56 2237  361.00000  182.13713  49.5%   165  509s
 57370  7741 infeasible   56       361.00000  183.26129  49.2%   158  511s
 57562  7732 infeasible   52       361.00000  184.68701  48.8%   160  516s
 58346  7846 infeasible   55       361.00000  190.02004  47.4%   161  520s
 58543  7884 infeasible   58       361.00000  192.28134  46.7%   163  525s
 59206  8039  271.00000   50 1840  361.00000  199.04009  44.9%   164  532s
 59837  8323  271.00000   58 3100  361.00000  199.09308  44.8%   165  536s
 60754  8505  271.00000   55 2083  361.00000  201.00000  44.3%   165  541s
 61530  8485  271.00000   54 2055  361.00000  203.00000  43.8%   165  546s
 62610  8856 infeasible   73       361.00000  213.00000  41.0%   164  552s
 62768  9473  271.00000   53 2366  361.00000  226.00000  37.4%   165  562s
 64927  9474  271.00000   54 2388  361.00000  226.00000  37.4%   164  565s
 65284  9701  271.00000   52 2420  361.00000  226.00000  37.4%   165  570s
 66003 10167 infeasible   72       361.00000  226.00000  37.4%   165  575s
 67584 10182 infeasible   72       361.00000  245.00000  32.1%   164  581s
 68668 10340 infeasible   66       361.00000  271.00000  24.9%   164  585s
 69812 10289 infeasible   87       361.00000  271.00000  24.9%   165  591s
 70088 10051 infeasible   85       361.00000  271.00000  24.9%   168  595s
 70584  9700 infeasible  102       361.00000  271.00000  24.9%   173  600s
 70942  9476 infeasible  109       361.00000  271.00000  24.9%   177  607s
 71221  9372  271.00000   57 2356  361.00000  271.00000  24.9%   178  611s
 71478  9352  271.00000   55 2149  361.00000  271.00000  24.9%   180  616s
 72252  9138  271.00000   51 2619  361.00000  271.00000  24.9%   182  620s
 73013  8902 infeasible   63       361.00000  271.00000  24.9%   184  627s
 73345  8673 infeasible   83       361.00000  271.00000  24.9%   188  631s
 73640  8437  271.00000   51 2213  361.00000  271.00000  24.9%   190  636s
 73954  8616  271.00000   61 2187  361.00000  271.00000  24.9%   192  641s
 75348  8474 infeasible   79       361.00000  271.00000  24.9%   190  645s
 75560  8272  271.00000   56 1903  361.00000  271.00000  24.9%   192  651s
 75938  8307 infeasible   68       361.00000  271.00000  24.9%   194  658s
 77929  8229 infeasible   56       361.00000  271.00000  24.9%   193  660s
 78191  8125 infeasible   65       361.00000  271.00000  24.9%   195  665s
 80237  8212 infeasible   72       361.00000  271.00000  24.9%   193  671s
 80450  8158  271.00000   55 1477  361.00000  271.00000  24.9%   194  675s
 81340  7961 infeasible   70       361.00000  271.00000  24.9%   195  680s
 81845  8169  271.00000   85 2237  361.00000  271.00000  24.9%   197  686s
 83524  7941 infeasible   65       361.00000  271.00000  24.9%   196  691s
 84269  7849 infeasible  113       361.00000  271.00000  24.9%   197  696s
 84517  7922  271.00000   59 1877  361.00000  271.00000  24.9%   198  700s
 85653  8009  271.00000   65 2453  361.00000  271.00000  24.9%   198  706s
 87266  7663 infeasible   71       361.00000  271.00000  24.9%   196  711s
 87476  7551 infeasible   58       361.00000  271.00000  24.9%   197  715s
 87914  7639  271.00000   62 2247  361.00000  271.00000  24.9%   197  720s
 90701  7602 infeasible   59       361.00000  271.00000  24.9%   194  725s
 92447  7594 infeasible   62       361.00000  271.00000  24.9%   192  730s
 93390  7646 infeasible   64       361.00000  271.00000  24.9%   192  735s
 94508  7709  271.00000   74 2242  361.00000  271.00000  24.9%   191  740s
 96283  7500  271.00000   68 1991  361.00000  271.00000  24.9%   190  745s
 96886  7364  271.00000   59 2429  361.00000  271.00000  24.9%   191  751s
 97716  7246  271.00000   55 2476  361.00000  271.00000  24.9%   191  755s
 98619  7221  271.00000   59 2115  361.00000  271.00000  24.9%   191  760s
 99169  7074 infeasible   65       361.00000  271.00000  24.9%   192  766s
 100343  6997 infeasible   58       361.00000  271.00000  24.9%   192  770s
 101485  7076 infeasible   81       361.00000  271.00000  24.9%   191  775s
 101691  7164  271.00000   56 2206  361.00000  271.00000  24.9%   191  782s
 105259  7028 infeasible   64       361.00000  271.00000  24.9%   188  786s
 105483  6891 infeasible   84       361.00000  271.00000  24.9%   188  790s
 106859  6944 infeasible   80       361.00000  271.00000  24.9%   188  796s
 107928  7016 infeasible   64       361.00000  271.00000  24.9%   187  800s
 108619  6851 infeasible   62       361.00000  271.00000  24.9%   188  805s
 109623  6814  271.00000   58 2074  361.00000  271.00000  24.9%   187  810s
 110591  7057  271.00000   70 2221  361.00000  271.00000  24.9%   187  816s
 111696  7018 infeasible   53       361.00000  271.00000  24.9%   187  821s
 112789  6632 infeasible   56       361.00000  271.00000  24.9%   187  828s
 113263  6687  271.00000   53 2891  361.00000  271.00000  24.9%   188  834s
 115198  6635 infeasible   65       361.00000  271.00000  24.9%   186  836s
 115447  6553  271.00000   52 2302  361.00000  271.00000  24.9%   187  840s
 115811  6699  271.00000   48 1945  361.00000  271.00000  24.9%   188  845s
 117593  6495 infeasible   57       361.00000  271.00000  24.9%   187  850s
 118932  6505 infeasible   65       361.00000  271.00000  24.9%   186  855s
 120265  6510 infeasible   61       361.00000  271.00000  24.9%   185  860s
 120665  6326 infeasible   71       361.00000  271.00000  24.9%   186  865s
 122118  6321  271.00000   59 2295  361.00000  271.00000  24.9%   185  870s
 123160  6266 infeasible   78       361.00000  271.00000  24.9%   184  875s
 123350  6165  271.00000   60 2117  361.00000  271.00000  24.9%   185  881s
 124961  6254  271.00000   59 2826  361.00000  271.00000  24.9%   184  886s
 126768  6154 infeasible   64       361.00000  271.00000  24.9%   183  890s
 127729  6128 infeasible   66       361.00000  271.00000  24.9%   183  895s
 128243  6283  271.00000   59 2353  361.00000  271.00000  24.9%   183  900s
 129723  6161  271.00000   59 2041  361.00000  271.00000  24.9%   182  905s
 131835  6158 infeasible   76       361.00000  271.00000  24.9%   180  910s
 133125  6249  271.00000   57 2303  361.00000  271.00000  24.9%   179  916s
 134226  5991  271.00000   64 2868  361.00000  271.00000  24.9%   179  923s
 135227  5906 infeasible   61       361.00000  271.00000  24.9%   179  925s
 137241  5989 infeasible   81       361.00000  271.00000  24.9%   177  930s
 137705  6080 infeasible   92       361.00000  271.00000  24.9%   177  935s
 139171  5852 infeasible   85       361.00000  271.00000  24.9%   177  941s
 140681  5880 infeasible   80       361.00000  271.00000  24.9%   176  945s
 141653  5845 infeasible   95       361.00000  271.00000  24.9%   176  950s
 142658  5763 infeasible   68       361.00000  271.00000  24.9%   176  956s
 143839  5755 infeasible   56       361.00000  271.00000  24.9%   176  960s
 145136  5745 infeasible   71       361.00000  271.00000  24.9%   175  965s
 145865  5919  271.00000   53 2598  361.00000  271.00000  24.9%   175  974s
 147984  5829 infeasible   71       361.00000  271.00000  24.9%   174  975s
 148284  5730  271.00000   62 2288  361.00000  271.00000  24.9%   174  980s
 149842  5681  271.00000   63 2160  361.00000  271.00000  24.9%   174  985s
 151425  5679 infeasible   89       361.00000  271.00000  24.9%   173  990s
 152321  5718  271.00000   55 2436  361.00000  271.00000  24.9%   173  995s
 153573  5695  271.00000   52 2177  361.00000  271.00000  24.9%   172 1000s
 155465  5601 infeasible   70       361.00000  271.00000  24.9%   171 1006s
 155726  5573 infeasible   65       361.00000  271.00000  24.9%   172 1010s
 159089  5787 infeasible   75       361.00000  271.00000  24.9%   169 1015s
 159529  5570 infeasible   96       361.00000  271.00000  24.9%   170 1020s
 160383  5484  271.00000   56 2464  361.00000  271.00000  24.9%   170 1026s
 161748  5486 infeasible   72       361.00000  271.00000  24.9%   169 1030s
 162635  5385 infeasible   66       361.00000  271.00000  24.9%   170 1035s
 163250  5452  271.00000   65 2384  361.00000  271.00000  24.9%   170 1040s
 165323  5343 infeasible  102       361.00000  271.00000  24.9%   169 1046s
 166437  5263 infeasible   61       361.00000  271.00000  24.9%   168 1051s
 166633  5145  271.00000   63 2151  361.00000  271.00000  24.9%   169 1055s
 167827  5290  271.00000   59 2175  361.00000  271.00000  24.9%   169 1062s
 170159  5133 infeasible   65       361.00000  271.00000  24.9%   168 1065s
 171223  5106 infeasible   59       361.00000  271.00000  24.9%   167 1070s
 172703  5047 infeasible   71       361.00000  271.00000  24.9%   167 1076s
 173031  5280  271.00000   57 2642  361.00000  271.00000  24.9%   167 1080s
 174615  5039  271.00000   62 2375  361.00000  271.00000  24.9%   167 1086s
 175864  4989  271.00000   54 1778  361.00000  271.00000  24.9%   166 1090s
 177091  4769 infeasible   79       361.00000  271.00000  24.9%   166 1098s
 177388  4951  271.00000   56 2314  361.00000  271.00000  24.9%   166 1104s
 181015  4847 infeasible   61       361.00000  271.00000  24.9%   164 1105s
 181389  4619 infeasible   61       361.00000  271.00000  24.9%   165 1111s
 181564  4630  271.00000   65 2107  361.00000  271.00000  24.9%   165 1115s
 183099  4618 infeasible   58       361.00000  271.00000  24.9%   164 1120s
 184426  4612 infeasible   74       361.00000  271.00000  24.9%   164 1126s
 185430  4628 infeasible   69       361.00000  271.00000  24.9%   164 1130s
 186628  4615  271.00000   65 2178  361.00000  271.00000  24.9%   163 1136s
 187922  4573 infeasible   71       361.00000  271.00000  24.9%   163 1142s
 188091  4621  271.00000   55 2711  361.00000  271.00000  24.9%   163 1149s
 190853  4620 infeasible   56       361.00000  271.00000  24.9%   162 1151s
 192145  4616 infeasible   65       361.00000  271.00000  24.9%   161 1155s
 193077  4643  271.00000   59 2239  361.00000  271.00000  24.9%   161 1161s
 194174  4534 infeasible   60       361.00000  271.00000  24.9%   161 1165s
 195246  4630  271.00000   76 2552  361.00000  271.00000  24.9%   161 1171s
 196584  4653  271.00000   63 2280  361.00000  271.00000  24.9%   160 1176s
 197243  4506  271.00000   58 2486  361.00000  271.00000  24.9%   161 1180s
 198611  4486 infeasible  140       361.00000  271.00000  24.9%   160 1185s
 199018  4703  271.00000   63 2259  361.00000  271.00000  24.9%   160 1194s
 202368  4552 infeasible   99       361.00000  271.00000  24.9%   159 1195s
 202801  4371  271.00000   55 2553  361.00000  271.00000  24.9%   159 1200s
 203930  4373 infeasible   65       361.00000  271.00000  24.9%   159 1205s
 204793  4409 infeasible   82       361.00000  271.00000  24.9%   159 1210s
 206051  4387 infeasible   69       361.00000  271.00000  24.9%   158 1215s
 207374  4352 infeasible   68       361.00000  271.00000  24.9%   158 1220s
 208553  4388 infeasible   78       361.00000  271.00000  24.9%   158 1226s
 209656  4301 infeasible   71       361.00000  271.00000  24.9%   157 1231s
 209859  4313  271.00000   53 2786  361.00000  271.00000  24.9%   157 1236s
 211198  4550  271.00000   63 2127  361.00000  271.00000  24.9%   157 1240s
 212762  4511  271.00000   59 2812  361.00000  271.00000  24.9%   157 1245s
 213715  4577  271.00000   56 2673  361.00000  271.00000  24.9%   157 1250s
 215060  4644 infeasible   60       361.00000  271.00000  24.9%   157 1256s
 216533  4440  271.00000   59 2369  361.00000  271.00000  24.9%   156 1261s
 217930  4465 infeasible   54       361.00000  271.00000  24.9%   156 1265s
 219415  4423 infeasible   73       361.00000  271.00000  24.9%   156 1270s
 220754  4411 infeasible   65       361.00000  271.00000  24.9%   155 1278s
 221180  4916  271.00000   58 2350  361.00000  271.00000  24.9%   155 1282s
 224440  4567  271.00000   58 2564  361.00000  271.00000  24.9%   154 1285s
 225478  4457 infeasible   67       361.00000  271.00000  24.9%   154 1291s
 225936  4620  271.00000   59 2274  361.00000  271.00000  24.9%   154 1295s
 227175  4678  271.00000   66 2283  361.00000  271.00000  24.9%   154 1300s
 228432  4567  271.00000   59 2355  361.00000  271.00000  24.9%   153 1305s
 229631  4501  271.00000   61 2467  361.00000  271.00000  24.9%   153 1310s
 231436  4474 infeasible   57       361.00000  271.00000  24.9%   153 1315s
 231859  4672  271.00000   63 2822  361.00000  271.00000  24.9%   153 1325s
 236053  4418  271.00000   62 2361  361.00000  271.00000  24.9%   152 1330s
 236739  4378 infeasible   60       361.00000  271.00000  24.9%   152 1335s
 237625  4350  271.00000   58 2461  361.00000  271.00000  24.9%   152 1340s
 238891  4553  271.00000   62 2510  361.00000  271.00000  24.9%   151 1345s
 240055  4434  271.00000   59 2649  361.00000  271.00000  24.9%   151 1350s
 241714  4338 infeasible  112       361.00000  271.00000  24.9%   151 1356s
 242236  4715  271.00000   64 2504  361.00000  271.00000  24.9%   151 1364s
 245697  4530 infeasible   83       361.00000  271.00000  24.9%   149 1365s
 246232  4361  271.00000   61 2545  361.00000  271.00000  24.9%   150 1370s
 248060  4387 infeasible   65       361.00000  271.00000  24.9%   149 1375s
 249334  4353 infeasible   74       361.00000  271.00000  24.9%   149 1381s
 250650  4333 infeasible   78       361.00000  271.00000  24.9%   148 1385s
 251674  4333 infeasible   72       361.00000  271.00000  24.9%   148 1390s
 252660  4274 infeasible   57       361.00000  271.00000  24.9%   148 1397s
 253050  4480  271.00000   63 2349  361.00000  271.00000  24.9%   148 1401s
 256119  4271 infeasible   64       361.00000  271.00000  24.9%   147 1405s
 257230  4238  271.00000   60 2342  361.00000  271.00000  24.9%   147 1411s
 258196  4205  271.00000   61 2373  361.00000  271.00000  24.9%   147 1415s
 259268  4136  271.00000   60 2182  361.00000  271.00000  24.9%   147 1420s
 260362  4261  271.00000   64 2328  361.00000  271.00000  24.9%   147 1425s
 261883  4124 infeasible   65       361.00000  271.00000  24.9%   147 1431s
 262481  4069  271.00000   57 2370  361.00000  271.00000  24.9%   147 1435s
 263201  4103  271.00000   63 2454  361.00000  271.00000  24.9%   147 1445s
 265754  4159  271.00000   52 3364  361.00000  271.00000  24.9%   147 1450s
 267041  4175  271.00000   62 2080  361.00000  271.00000  24.9%   146 1455s
 269067  4032 infeasible   54       361.00000  271.00000  24.9%   146 1460s
 270349  3979  271.00000   59 2444  361.00000  271.00000  24.9%   146 1466s
 271425  3981 infeasible   68       361.00000  271.00000  24.9%   146 1470s
 272425  3950 infeasible   75       361.00000  271.00000  24.9%   146 1476s
 273479  3961 infeasible   76       361.00000  271.00000  24.9%   146 1480s
 273657  3896  271.00000   59 2252  361.00000  271.00000  24.9%   146 1486s
 275023  3922  271.00000   63 2482  361.00000  271.00000  24.9%   146 1492s
 276696  3800 infeasible   60       361.00000  271.00000  24.9%   145 1495s
 277853  3788  271.00000   74 2344  361.00000  271.00000  24.9%   145 1501s
 279373  3837 infeasible   72       361.00000  271.00000  24.9%   145 1506s
 279729  3943 infeasible   72       361.00000  271.00000  24.9%   145 1510s
 280816  3782 infeasible   72       361.00000  271.00000  24.9%   145 1515s
 282136  3867  271.00000   59 2342  361.00000  271.00000  24.9%   145 1521s
 283011  3897  271.00000   58 2502  361.00000  271.00000  24.9%   145 1525s
 284167  3667  271.00000   61 2790  361.00000  271.00000  24.9%   145 1531s
 284496  3792  271.00000   54 2564  361.00000  271.00000  24.9%   145 1537s
 288560  3696  271.00000   62 1953  361.00000  271.00000  24.9%   144 1540s
 289552  3927  271.00000   64 2165  361.00000  271.00000  24.9%   144 1545s
 290896  3778 infeasible   64       361.00000  271.00000  24.9%   143 1550s
 292285  3773 infeasible   64       361.00000  271.00000  24.9%   143 1555s
 293526  3718 infeasible   61       361.00000  271.00000  24.9%   143 1560s
 294430  3686 infeasible   57       361.00000  271.00000  24.9%   143 1568s
 295304  3953  271.00000   61 2602  361.00000  271.00000  24.9%   143 1571s
 297501  3659  271.00000   52 2317  361.00000  271.00000  24.9%   143 1575s
 298043  3726  271.00000   63 1823  361.00000  271.00000  24.9%   143 1581s
 299324  3494  271.00000   56 2428  361.00000  271.00000  24.9%   143 1585s
 300538  3478  271.00000   60 2308  361.00000  271.00000  24.9%   143 1590s
 301926  3456 infeasible   57       361.00000  271.00000  24.9%   143 1596s
 303191  3631 infeasible   86       361.00000  271.00000  24.9%   142 1600s
 303764  3728  271.00000   63 2348  361.00000  271.00000  24.9%   143 1606s
 305049  3492 infeasible   80       361.00000  271.00000  24.9%   143 1610s
 308010  3729 infeasible   75       361.00000  271.00000  24.9%   142 1615s
 308644  3486  271.00000   62 2141  361.00000  271.00000  24.9%   142 1620s
 309784  3439 infeasible   77       361.00000  271.00000  24.9%   142 1625s
 310966  3422  271.00000   56 2721  361.00000  271.00000  24.9%   142 1630s
 311784  3382  271.00000   60 2797  361.00000  271.00000  24.9%   142 1635s
 312420  3274 infeasible   62       361.00000  271.00000  24.9%   142 1640s
 314362  3301 infeasible   58       361.00000  271.00000  24.9%   142 1646s
 314641  3391  271.00000   66 2822  361.00000  271.00000  24.9%   142 1650s
 315710  3238 infeasible   55       361.00000  271.00000  24.9%   142 1656s
 316130  3642  271.00000   60 2574  361.00000  271.00000  24.9%   142 1661s
 319650  3256 infeasible   59       361.00000  271.00000  24.9%   141 1665s
 320600  3326 infeasible   79       361.00000  271.00000  24.9%   141 1670s
 321782  3240 infeasible   78       361.00000  271.00000  24.9%   141 1675s
 322840  3248 infeasible  110       361.00000  271.00000  24.9%   141 1680s
 324206  3268  271.00000   59 2483  361.00000  271.00000  24.9%   141 1686s
 325291  3313 infeasible  108       361.00000  271.00000  24.9%   141 1690s
 325647  3546  271.00000   63 2372  361.00000  271.00000  24.9%   141 1696s
 326731  3287 infeasible   75       361.00000  271.00000  24.9%   141 1700s
 327023  3810  271.00000   56 2081  361.00000  271.00000  24.9%   141 1705s
 330741  3297 infeasible   62       361.00000  271.00000  24.9%   141 1710s
 331030  3375  271.00000   61 2397  361.00000  271.00000  24.9%   141 1715s
 332885  3294 infeasible   66       361.00000  271.00000  24.9%   140 1720s
 333911  3359 infeasible   84       361.00000  271.00000  24.9%   140 1725s
 334345  3277  271.00000   62 2540  361.00000  271.00000  24.9%   141 1730s
 336280  3218  271.00000   60 2454  361.00000  271.00000  24.9%   140 1735s
 337550  3209 infeasible   89       361.00000  271.00000  24.9%   140 1740s
 337711  3191  271.00000   57 2616  361.00000  271.00000  24.9%   140 1745s
 340646  3271 infeasible   57       361.00000  271.00000  24.9%   140 1750s
 341928  3190 infeasible   93       361.00000  271.00000  24.9%   140 1755s
 342295  3194  271.00000   58 2733  361.00000  271.00000  24.9%   140 1760s
 343163  3296  271.00000   61 2455  361.00000  271.00000  24.9%   140 1765s
 344842  3155 infeasible   60       361.00000  271.00000  24.9%   140 1770s
 346340  3211 infeasible  121       361.00000  271.00000  24.9%   140 1775s
 346714  3396  271.00000   60 2617  361.00000  271.00000  24.9%   140 1780s
 348077  3271  271.00000   56 2504  361.00000  271.00000  24.9%   140 1785s
 348780  3224  271.00000   59 2662  361.00000  271.00000  24.9%   140 1797s
 352724  3160  271.00000   52 2632  361.00000  271.00000  24.9%   139 1800s

Cutting planes:
  Gomory: 70
  Cover: 282
  Implied bound: 224
  Projected implied bound: 3
  MIR: 732
  Mixing: 11
  StrongCG: 265
  Flow cover: 11647
  Zero half: 185
  RLT: 2
  Relax-and-lift: 125

Explored 352756 nodes (49094353 simplex iterations) in 1800.01 seconds (2385.30 work units)
Thread count was 8 (of 8 available processors)

Solution count 1: 361 

Time limit reached
Best objective 3.610000000000e+02, best bound 2.710000000000e+02, gap 24.9307%
! --------------------------------------------------------
! Status: FEASIBLE (time limit reached)
! Best span = 361
! Labeling: 361 91 1 181 181 361 181 91 181 91 271 181 91 271 181 181 271 361 360 271 181 1 1 181 271 1 91 1 181 361 91 361 271 271 361 271 271 181 271 91 361 361 91 181 271 91 91 91 181 91 181 91 91 271 1 361 271 271 1 1 91 271 361 271 1 91 91 1 91 91 1 91 271 1 91 1 91 181 181 361 1 361 271 181 1 91 1 361 91 1 271 91 271 181 91 1 181 361 91 271 91 271 91 361 181 1 1 181 91 181 271 361 91 271 91 1 181 1 91 361 181 181 271 1 361 1 361 271 271 91 1 271 1 361 181 271 1 361 361 271 1 1 181 91 361 91 271 1 1 271 91 181 271 91 181 271 361 91 361 1 181 1 91 1 91 271 1 361 361 181 1 91 1 1 361 271 91 361 1 91 1 181 361 361 91 271 181 361 181 1 91 271 1 181 91 271 91 271 1 181 181 271 91 271 271 271 91 361 1 271 361 271 181 181 91 1 1 361 271 91 1 271 271 91 91 91 91 1 1 361 181 91 271 91 271 361 361 271 271 181 361 361 91 91 181 91 361 181 1 181 181 91 271 181 181 1 271 1 361 91 91 1 361 91 271 361 271 271 1 181 361 361 91 271 181 91 91 181 181 91 271 271 361 1 361 181 1 271 181 1 91 271 181 361 91 271 1 181 271 361 361 361 361 361 361 271 271 271 181 361 181 181 181 361 271 91 181 181 1 361 361 271 361 361 1 181 271 1 361 91 181 361 181 361 91 181 91 1 1 1 271 91 91 1 181 271 181 271 181 271 271 181 271 361 1 181 181 181 361 91 1 1 181 271 271 181 271 91 91 181 91 1 1 271 271 271 181 1 361 271 181 1 361 361 361 361 1 361 1 361 1 361 271 91 361 271 91 91 181 271 1 1 91 361 181 91 271 91 1 91 361 91 271 181 271 361 91 1 361 271 91 181 181 361 1 1 1 271 91 1 1 181 181 361 361 361 181 91 361 361 1 181 271 1 181 
! --------------------------------------------------------
! All verification passed
