! Solving for graph /home/truongxuanhieu/Gurobi-for-MinSpanLabeling/benchmarks/abp/R-dwt__503.mtx.rnd
! Target value is set to 63
! Lower bound is set to 64
! Upper bound is set to 503
! Time limit is set to 1800
! Vertices mode is set to Has hole
! Target value mode is set to Antibandwidth
Set parameter WLSAccessID
Set parameter WLSSecret
Set parameter LicenseID to value 2663665
Academic license 2663665 - for non-commercial use only - registered to tu___@vnu.edu.vn
Set parameter OutputFlag to value 1
Set parameter TimeLimit to value 1800
Gurobi Optimizer version 13.0.2 build v13.0.2rc1 (linux64 - "Debian GNU/Linux 12 (bookworm)")

CPU model: AMD EPYC 7B12, instruction set [SSE2|AVX|AVX2]
Thread count: 4 physical cores, 8 logical processors, using up to 8 threads

Non-default parameters:
TimeLimit  1800

Academic license 2663665 - for non-commercial use only - registered to tu___@vnu.edu.vn
Optimize a model with 5527 rows, 259540 columns and 12055 nonzeros (Min)
Model fingerprint: 0xf5c32f94
Model has 1 linear objective coefficients
Model has 3768 simple general constraints
  2762 ABS, 1006 INDICATOR
Variable types: 0 continuous, 259540 integer (253512 binary)
Coefficient statistics:
  Matrix range     [1e+00, 1e+00]
  Objective range  [1e+00, 1e+00]
  Bounds range     [1e+00, 5e+02]
  RHS range        [1e+00, 3e+02]
  GenCon rhs range [1e+00, 1e+00]
  GenCon coe range [1e+00, 1e+00]

Presolve added 6784 rows and 0 columns
Presolve removed 0 rows and 244970 columns
Presolve time: 0.05s
Presolved: 12311 rows, 14570 columns, 34415 nonzeros
Presolved model has 2762 SOS constraint(s)
Variable types: 0 continuous, 14570 integer (2012 binary)
Performing another presolve...
Presolve removed 5277 rows and 5277 columns
Presolve time: 0.05s

Root relaxation: objective 6.400000e+01, 6334 iterations, 0.03 seconds (0.03 work units)

    Nodes    |    Current Node    |     Objective Bounds      |     Work
 Expl Unexpl |  Obj  Depth IntInf | Incumbent    BestBd   Gap | It/Node Time

     0     0   64.00000    0 1725          -   64.00000      -     -    0s
     0     0   64.00000    0 1725          -   64.00000      -     -    0s
     0     2   64.00000    0 1725          -   64.00000      -     -    0s
  3895  2845  253.00000   59 1479          -   64.00000      -  20.1    5s
  9315  6752  379.00000   79 1409          -  127.00000      -  15.4   10s
 14515 10937  316.00000   40 1471          -  127.00000      -  13.7   15s
 19093 15289  379.00000   53 1593          -  127.00000      -  13.0   20s
 22978 18873  379.00000   84 1427          -  127.00000      -  12.2   25s
 30827 25707 infeasible   70               -  127.00000      -  11.8   30s
 38814 32514  190.00000   28 1499          -  127.00000      -  11.5   35s
 46423 38979  442.00000  303  435          -  127.00000      -  11.2   40s
 51066 43072  442.00000  305  423          -  127.00000      -  11.3   45s
 55135 46542  190.00000   25 1528          -  127.00000      -  11.1   50s
 61314 52024  253.00000   48 1442          -  127.00000      -  11.1   55s
 66802 56966  442.00000  119 1218          -  127.00000      -  11.0   60s
 74829 63686  379.00000  175 1414          -  127.00000      -  11.0   65s
 81279 68710  379.00000  110 1380          -  127.00000      -  10.9   70s
 81321 68748  379.00000  110 1381          -  127.00000      -  10.8   75s
 81365 68785  442.00000  112 1318          -  127.00000      -  10.8   80s
 81418 68812  379.00000  116 1361          -  127.00000      -  10.8   85s
 83367 70660 infeasible  120               -  127.00000      -  10.8   90s
 86837 74083  379.00000  143 1320          -  127.00000      -  10.8   95s
 95117 80944  253.00000   21 1517          -  128.00000      -  10.6  100s
 101278 86264  442.00000  233 1046          -  128.00000      -  10.5  105s
 106091 90637  380.00000  106 1379          -  128.00000      -  10.3  110s
 114059 97933  379.00000  137 1361          -  128.00000      -  10.1  115s
 123306 106034  380.00000  166 1315          -  128.00000      -   9.9  120s
 131543 113215  379.00000   71 1462          -  128.00000      -   9.7  125s
 140786 121344  442.00000  158 1216          -  190.00000      -   9.5  130s
 148902 128331  442.00000   50 1519          -  190.00000      -   9.4  135s
 156552 134918  442.00000  176 1236          -  190.00000      -   9.3  140s
 163711 141232  379.00000  158 1292          -  190.00000      -   9.2  145s
 168013 145063  442.00000  144 1274          -  190.00000      -   9.2  150s
 174965 150881  379.00000  175 1319          -  190.00000      -   9.1  155s
 179958 155285  442.00000  199 1213          -  190.00000      -   9.1  160s
 184616 159365  379.00000  162 1306          -  190.00000      -   9.0  165s
*188568 85794             504     442.0000000  190.00000  57.0%   9.0  168s
 190882 87079  379.00000  291 1190  442.00000  190.00000  57.0%   9.0  170s
 200536 93738  317.00000  153 1354  442.00000  190.00000  57.0%   8.7  175s
 209215 100419 infeasible  134       442.00000  190.00000  57.0%   8.6  180s
 215629 105716  379.00000  370  848  442.00000  190.00000  57.0%   8.5  185s
 224821 113250  379.00000  344  901  442.00000  190.00000  57.0%   8.3  190s
 232121 119101  379.00000  255  988  442.00000  190.00000  57.0%   8.2  195s
 240624 126117  253.00000   71 1402  442.00000  190.00000  57.0%   8.1  200s
 250698 134035  316.00000  206 1181  442.00000  190.00000  57.0%   7.9  205s
 257959 139765  253.00000   93 1386  442.00000  190.00000  57.0%   7.8  210s
 267892 147316  253.00000   74 1412  442.00000  190.00000  57.0%   7.7  215s
 276941 154316  253.00000  163 1294  442.00000  190.00000  57.0%   7.6  220s
 287838 162425  379.00000  438  707  442.00000  190.00000  57.0%   7.5  225s
 298754 170150 infeasible  270       442.00000  190.00000  57.0%   7.3  230s
 303369 173255  317.00000   59 1425  442.00000  190.00000  57.0%   7.3  235s
 311843 179505  316.00000  101 1359  442.00000  190.00000  57.0%   7.2  240s
 322154 187296  316.00000  123 1320  442.00000  190.00000  57.0%   7.1  245s
 331364 194583  379.00000  323  858  442.00000  190.00000  57.0%   7.0  250s
 340307 200913  253.00000  192 1212  442.00000  190.00000  57.0%   7.0  255s
 349834 207897 infeasible  199       442.00000  190.00000  57.0%   6.9  260s
 359144 215198  379.00000  103 1282  442.00000  190.00000  57.0%   6.8  265s
 368920 222133  253.00000  115 1330  442.00000  190.00000  57.0%   6.8  270s
 378766 229521 infeasible   64       442.00000  190.00000  57.0%   6.7  275s
 387916 236677  317.00000  339  894  442.00000  190.00000  57.0%   6.6  280s
 395509 242531  316.00000  206 1177  442.00000  190.00000  57.0%   6.6  285s
 401209 246538  380.00000  205 1142  442.00000  190.00000  57.0%   6.6  290s
 409609 252780  316.00000  230 1065  442.00000  190.00000  57.0%   6.5  295s
 420152 260489 infeasible  218       442.00000  190.00000  57.0%   6.5  300s
 429403 267346  380.00000   90 1432  442.00000  190.00000  57.0%   6.4  305s
 440242 275843  380.00000  266 1097  442.00000  190.00000  57.0%   6.4  310s
 444247 279182  379.00000  349  765  442.00000  190.00000  57.0%   6.4  315s
 454472 286290  316.00000  182 1382  442.00000  190.00000  57.0%   6.3  320s
 462956 293642  379.00000  263 1208  442.00000  190.00000  57.0%   6.3  325s
 472151 301157  316.00000  340  919  442.00000  190.00000  57.0%   6.3  330s
 480908 308287  379.00000  400  763  442.00000  190.00000  57.0%   6.3  335s
 490270 315864  253.00000  313 1110  442.00000  190.00000  57.0%   6.2  340s
 500348 323988  380.00000   60 1476  442.00000  190.00000  57.0%   6.2  345s
 509660 331449  379.00000  224 1092  442.00000  190.00000  57.0%   6.2  350s
 519769 339426  379.00000  173 1383  442.00000  190.00000  57.0%   6.2  355s
 530597 347776  379.00000  364  855  442.00000  190.00000  57.0%   6.1  360s
 540765 355889  253.00000  235 1246  442.00000  190.00000  57.0%   6.1  365s
 550040 363737  379.00000  110 1307  442.00000  190.00000  57.0%   6.1  370s
 559423 371363  379.00000   99 1445  442.00000  190.00000  57.0%   6.1  375s
 568551 378535  379.00000  335  897  442.00000  190.00000  57.0%   6.0  380s
 578056 386161  316.00000  313 1110  442.00000  190.00000  57.0%   6.0  385s
 587581 393314  316.00000  370 1012  442.00000  190.00000  57.0%   6.0  390s
 597108 400431  316.00000  154 1249  442.00000  190.00000  57.0%   6.0  395s
 607697 408141  379.00000  161 1006  442.00000  190.00000  57.0%   6.0  400s
 617120 415354 infeasible  323       442.00000  190.00000  57.0%   5.9  405s
 626367 422395  380.00000   96 1323  442.00000  190.00000  57.0%   5.9  410s
 635306 429607  379.00000  232 1126  442.00000  190.00000  57.0%   5.9  415s
 646047 437318  379.00000  111 1344  442.00000  190.00000  57.0%   5.8  420s
 654115 444091  316.00000  194 1201  442.00000  190.00000  57.0%   5.8  425s
 663591 451134  316.00000   58 1428  442.00000  190.00000  57.0%   5.8  430s
 672233 458439  253.00000   66 1406  442.00000  190.00000  57.0%   5.8  435s
 681613 465585  379.00000  222  971  442.00000  190.00000  57.0%   5.8  440s
 689460 470889  190.00000   62 1406  442.00000  190.00000  57.0%   5.8  445s
 699415 478290  380.00000  162 1198  442.00000  190.00000  57.0%   5.7  450s
 706368 483448 infeasible   77       442.00000  190.00000  57.0%   5.7  455s
 716346 491173  380.00000  137 1276  442.00000  190.00000  57.0%   5.7  460s
 727069 499166  190.00000   54 1484  442.00000  190.00000  57.0%   5.7  465s
 737146 507266  253.00000  259 1041  442.00000  190.00000  57.0%   5.7  470s
 748869 514595  379.00000  411  734  442.00000  190.00000  57.0%   5.7  475s
 758585 522521  253.00000   67 1408  442.00000  190.00000  57.0%   5.6  480s
 768504 530336  380.00000  194  941  442.00000  190.00000  57.0%   5.6  485s
 779347 536879  253.00000   70 1403  442.00000  190.00000  57.0%   5.6  490s
 788371 544206  379.00000  149 1087  442.00000  190.00000  57.0%   5.6  495s
 798803 551631  379.00000  123 1282  442.00000  190.00000  57.0%   5.6  500s
 807213 558471  379.00000  134 1193  442.00000  190.00000  57.0%   5.6  505s
 817892 565689  380.00000  217 1140  442.00000  190.00000  57.0%   5.5  510s
 828072 573115  379.00000  209 1166  442.00000  190.00000  57.0%   5.5  515s
 838457 579727  316.00000  152 1268  442.00000  190.00000  57.0%   5.5  520s
 846625 586443  316.00000  243 1049  442.00000  190.00000  57.0%   5.5  525s
 855015 593243  380.00000  290  967  442.00000  190.00000  57.0%   5.5  530s
 864569 601270  379.00000  122 1292  442.00000  190.00000  57.0%   5.5  535s
 873559 607975  379.00000  286  989  442.00000  190.00000  57.0%   5.5  540s
 883403 614516  379.00000  338  879  442.00000  190.00000  57.0%   5.4  545s
 893090 622426  316.00000  267 1019  442.00000  190.00000  57.0%   5.4  550s
 903475 629329  379.00000  168 1081  442.00000  190.00000  57.0%   5.4  555s
 913801 636340  379.00000  101 1331  442.00000  190.00000  57.0%   5.4  560s
 923544 643088  316.00000   70 1386  442.00000  190.00000  57.0%   5.4  565s
 932848 650207  379.00000  379  795  442.00000  190.00000  57.0%   5.4  570s
 941086 656590  316.00000   72 1385  442.00000  190.00000  57.0%   5.4  575s
 952288 664138  316.00000  172 1320  442.00000  190.00000  57.0%   5.4  580s
 961175 671313  316.00000  320  922  442.00000  190.00000  57.0%   5.4  585s
 970892 678715  316.00000   91 1422  442.00000  190.00000  57.0%   5.4  590s
 975140 682271  379.00000  129 1273  442.00000  190.00000  57.0%   5.4  595s
 978449 684686  316.00000   74 1450  442.00000  190.00000  57.0%   5.4  600s
 981699 687132 infeasible   78       442.00000  190.00000  57.0%   5.4  605s
 985366 690121  190.00000   47 1590  442.00000  190.00000  57.0%   5.4  610s
 989613 693531  379.00000  183 1229  442.00000  190.00000  57.0%   5.3  615s
 998267 699269  379.00000  351  838  442.00000  190.00000  57.0%   5.3  620s
 1009009 707858  380.00000  164 1327  442.00000  190.00000  57.0%   5.3  625s
 1019331 715851  379.00000  126 1466  442.00000  190.00000  57.0%   5.3  630s
 1028997 723902  316.00000  213 1301  442.00000  190.00000  57.0%   5.3  635s
 1037956 731256  316.00000  135 1440  442.00000  190.00000  57.0%   5.3  640s
 1048570 739367  316.00000   58 1574  442.00000  190.00000  57.0%   5.3  645s
 1057063 746500  380.00000  163 1316  442.00000  190.00000  57.0%   5.3  650s
 1065687 753652  316.00000  242 1204  442.00000  190.00000  57.0%   5.3  655s
 1076298 761840  379.00000  191 1322  442.00000  190.00000  57.0%   5.3  660s
 1085857 769804  316.00000  133 1457  442.00000  190.00000  57.0%   5.3  665s
 1096825 779140  317.00000  253 1204  442.00000  190.00000  57.0%   5.3  670s
 1107495 787478  379.00000   86 1537  442.00000  190.00000  57.0%   5.3  675s
 1117105 795881  379.00000  340 1003  442.00000  190.00000  57.0%   5.3  680s
 1127277 804105  316.00000  183 1395  442.00000  190.00000  57.0%   5.3  685s
 1136425 811626  379.00000  192 1232  442.00000  190.00000  57.0%   5.3  690s
 1146592 819679  379.00000  105 1452  442.00000  190.00000  57.0%   5.3  695s
 1156848 827765  380.00000  134 1268  442.00000  190.00000  57.0%   5.3  700s
 1165689 835214  379.00000  380  874  442.00000  190.00000  57.0%   5.3  705s
 1175203 842668 infeasible  113       442.00000  190.00000  57.0%   5.3  710s
 1184954 850783  379.00000  323  947  442.00000  190.00000  57.0%   5.3  715s
 1192339 856733  379.00000  247 1003  442.00000  190.00000  57.0%   5.3  720s
 1201907 864463  316.00000  219 1181  442.00000  190.00000  57.0%   5.3  725s
 1212008 872871  379.00000  398  782  442.00000  190.00000  57.0%   5.3  730s
 1221448 880384  380.00000  195 1309  442.00000  190.00000  57.0%   5.3  735s
 1230104 887139  379.00000  217  793  442.00000  190.00000  57.0%   5.3  740s
 1239329 894375  379.00000  311  953  442.00000  190.00000  57.0%   5.3  745s
 1249073 902268  316.00000  326  941  442.00000  190.00000  57.0%   5.3  750s
 1257485 908860  379.00000  106 1411  442.00000  190.00000  57.0%   5.3  755s
 1267502 915634  379.00000  341  936  442.00000  190.00000  57.0%   5.3  760s
 1278342 924280  379.00000  271 1043  442.00000  190.00000  57.0%   5.3  765s
 1286299 930400  254.00000  317  950  442.00000  190.00000  57.0%   5.3  770s
 1296823 938141  316.00000   62 1491  442.00000  190.00000  57.0%   5.3  775s
 1304098 943288  316.00000  245 1035  442.00000  190.00000  57.0%   5.3  780s
 1314503 950586  380.00000  208 1168  442.00000  190.00000  57.0%   5.3  785s
 1324265 957778  316.00000  141 1285  442.00000  190.00000  57.0%   5.3  790s
 1334172 965329  380.00000  302  963  442.00000  190.00000  57.0%   5.3  795s
 1342937 972820 infeasible  227       442.00000  190.00000  57.0%   5.3  800s
 1351576 978771  379.00000   63 1483  442.00000  190.00000  57.0%   5.3  805s
 1361592 986583  379.00000  422  720  442.00000  190.00000  57.0%   5.3  810s
 1371267 994549 infeasible  106       442.00000  190.00000  57.0%   5.3  815s
 1380689 1001722  254.00000   66 1475  442.00000  190.00000  57.0%   5.3  820s
 1389299 1009230  253.00000  116 1400  442.00000  190.00000  57.0%   5.3  825s
 1397564 1015726  380.00000  164 1216  442.00000  190.00000  57.0%   5.3  830s
 1407861 1023782  253.00000  154 1289  442.00000  190.00000  57.0%   5.3  835s
 1417049 1030378  253.00000  300  974  442.00000  190.00000  57.0%   5.3  840s
 1426374 1037960  379.00000  127 1289  442.00000  190.00000  57.0%   5.3  845s
 1436360 1045746  317.00000  181 1222  442.00000  190.00000  57.0%   5.3  850s
 1444629 1052768  379.00000  249 1055  442.00000  190.00000  57.0%   5.3  855s
 1452633 1059613  380.00000  241  888  442.00000  190.00000  57.0%   5.3  860s
 1461197 1066321  379.00000  273  984  442.00000  190.00000  57.0%   5.3  865s
 1470202 1073804 infeasible  301       442.00000  190.00000  57.0%   5.3  870s
 1477210 1079610  316.00000  347  944  442.00000  190.00000  57.0%   5.3  875s
 1486651 1086631 infeasible  212       442.00000  190.00000  57.0%   5.3  880s
 1493087 1091797  380.00000  135 1373  442.00000  190.00000  57.0%   5.3  885s
 1498924 1096704  316.00000   96 1517  442.00000  190.00000  57.0%   5.3  890s
 1505865 1102093  379.00000  190 1184  442.00000  190.00000  57.0%   5.3  895s
 1515290 1109783  380.00000  104 1456  442.00000  190.00000  57.0%   5.3  900s
 1525207 1117598  316.00000  352 1009  442.00000  190.00000  57.0%   5.3  905s
 1534693 1124973  190.00000   45 1507  442.00000  190.00000  57.0%   5.3  910s
 1543630 1132726  316.00000   95 1421  442.00000  190.00000  57.0%   5.3  915s
 1552715 1140238  379.00000  109 1513  442.00000  190.00000  57.0%   5.3  920s
 1561811 1147650  316.00000  212 1354  442.00000  190.00000  57.0%   5.3  925s
 1571488 1154965  254.00000   52 1585  442.00000  190.00000  57.0%   5.3  930s
 1581340 1162760  253.00000   57 1575  442.00000  190.00000  57.0%   5.2  935s
 1591077 1170879 infeasible  104       442.00000  190.00000  57.0%   5.2  940s
 1600005 1177811  316.00000  332 1045  442.00000  190.00000  57.0%   5.2  945s
 1610731 1185838  379.00000  203 1361  442.00000  190.00000  57.0%   5.2  950s
 1620977 1194191  253.00000   87 1525  442.00000  190.00000  57.0%   5.2  955s
 1631858 1203056  379.00000  312 1052  442.00000  190.00000  57.0%   5.2  960s
 1641352 1210972  379.00000  199 1185  442.00000  190.00000  57.0%   5.2  965s
 1651176 1219050  379.00000  138 1379  442.00000  190.00000  57.0%   5.2  970s
 1659728 1225909  316.00000  323 1097  442.00000  190.00000  57.0%   5.2  975s
 1670176 1233624  253.00000   56 1494  442.00000  190.00000  57.0%   5.2  980s
 1679510 1241489  380.00000  379  952  442.00000  190.00000  57.0%   5.2  985s
 1689371 1249433  380.00000   96 1494  442.00000  190.00000  57.0%   5.2  990s
 1698365 1256777  379.00000  228 1318  442.00000  190.00000  57.0%   5.2  995s
 1707050 1264111  380.00000  233 1160  442.00000  190.00000  57.0%   5.2 1000s
 1716599 1271082  380.00000  239 1035  442.00000  190.00000  57.0%   5.2 1005s
 1726454 1278635  316.00000  117 1483  442.00000  190.00000  57.0%   5.2 1010s
 1735521 1285972  316.00000  368  991  442.00000  190.00000  57.0%   5.2 1015s
 1745945 1293594  380.00000  109 1426  442.00000  190.00000  57.0%   5.2 1020s
 1757574 1301106  316.00000  289 1153  442.00000  190.00000  57.0%   5.2 1025s
 1766935 1309075  317.00000  282 1154  442.00000  190.00000  57.0%   5.2 1030s
 1776341 1316185  379.00000  179 1392  442.00000  190.00000  57.0%   5.2 1035s
 1785329 1323822  316.00000  269 1216  442.00000  190.00000  57.0%   5.2 1040s
 1794807 1330868  379.00000   98 1444  442.00000  190.00000  57.0%   5.2 1045s
 1806229 1338528  254.00000   46 1598  442.00000  190.00000  57.0%   5.2 1050s
 1814886 1345265  380.00000  223 1138  442.00000  190.00000  57.0%   5.2 1055s
 1824392 1352656  316.00000  100 1501  442.00000  190.00000  57.0%   5.2 1060s
 1834010 1360054 infeasible  158       442.00000  190.00000  57.0%   5.2 1065s
 1844073 1367437  379.00000  207 1258  442.00000  190.00000  57.0%   5.2 1070s
 1853988 1374643  316.00000  308 1109  442.00000  190.00000  57.0%   5.2 1075s
 1864334 1381332  379.00000  347  878  442.00000  190.00000  57.0%   5.2 1080s
 1873298 1387750  379.00000  129 1379  442.00000  190.00000  57.0%   5.2 1085s
 1881688 1394583  254.00000   55 1573  442.00000  190.00000  57.0%   5.2 1090s
 1891227 1401403  380.00000   77 1522  442.00000  190.00000  57.0%   5.2 1095s
 1899375 1407939  379.00000  330 1113  442.00000  190.00000  57.0%   5.2 1100s
 1907993 1414276  190.00000   62 1411  442.00000  190.00000  57.0%   5.2 1105s
 1917378 1421755  316.00000  229 1273  442.00000  190.00000  57.0%   5.2 1110s
 1927083 1428904  379.00000  284 1045  442.00000  190.00000  57.0%   5.2 1116s
 1935002 1434207  380.00000  231 1193  442.00000  190.00000  57.0%   5.2 1120s
 1944014 1440901  379.00000  442  711  442.00000  190.00000  57.0%   5.2 1125s
 1953144 1447577  379.00000  311 1061  442.00000  190.00000  57.0%   5.2 1130s
 1960901 1453313  379.00000  248 1219  442.00000  190.00000  57.0%   5.2 1135s
 1970926 1461140  316.00000  124 1367  442.00000  190.00000  57.0%   5.2 1140s
 1980842 1468438  379.00000  212 1143  442.00000  190.00000  57.0%   5.2 1145s
 1986215 1472182  380.00000  242 1046  442.00000  190.00000  57.0%   5.2 1150s
 1995153 1479394  253.00000  143 1340  442.00000  190.00000  57.0%   5.2 1155s
 2004875 1486023  379.00000  337  845  442.00000  190.00000  57.0%   5.2 1160s
 2013522 1492599  190.00000   39 1465  442.00000  190.00000  57.0%   5.2 1165s
 2023619 1499738 infeasible  196       442.00000  190.00000  57.0%   5.2 1170s
 2033456 1507481  316.00000  201 1143  442.00000  190.00000  57.0%   5.2 1175s
 2042161 1514465  379.00000  175 1221  442.00000  190.00000  57.0%   5.2 1180s
 2052466 1521047  379.00000   91 1335  442.00000  190.00000  57.0%   5.2 1185s
 2060051 1527600  253.00000  190 1233  442.00000  190.00000  57.0%   5.2 1190s
 2068246 1534237 infeasible  220       442.00000  190.00000  57.0%   5.2 1195s
 2076371 1540641  379.00000  207 1214  442.00000  190.00000  57.0%   5.1 1200s
 2085357 1547855  316.00000  204 1111  442.00000  190.00000  57.0%   5.1 1205s
 2093111 1554392  253.00000  117 1348  442.00000  190.00000  57.0%   5.1 1210s
 2103050 1562043  380.00000  181 1152  442.00000  190.00000  57.0%   5.1 1215s
 2113864 1569823  316.00000  367  879  442.00000  190.00000  57.0%   5.1 1220s
 2124089 1577886  380.00000  210 1181  442.00000  190.00000  57.0%   5.1 1225s
 2133887 1585134  379.00000  212  867  442.00000  190.00000  57.0%   5.1 1230s
 2143186 1592629  380.00000  163 1052  442.00000  190.00000  57.0%   5.1 1235s
 2150900 1599240  316.00000  336  922  442.00000  190.00000  57.0%   5.1 1240s
 2161224 1606433  253.00000  295 1002  442.00000  190.00000  57.0%   5.1 1245s
 2169399 1613073  379.00000  192 1171  442.00000  190.00000  57.0%   5.1 1250s
 2179486 1620025  253.00000   74 1376  442.00000  190.00000  57.0%   5.1 1255s
 2187387 1626807  253.00000  186 1257  442.00000  190.00000  57.0%   5.1 1260s
 2196506 1633307  317.00000   50 1492  442.00000  190.00000  57.0%   5.1 1265s
 2206431 1640870  316.00000  302  919  442.00000  190.00000  57.0%   5.1 1270s
 2214951 1647239  316.00000  101 1520  442.00000  190.00000  57.0%   5.1 1275s
 2223819 1654096  316.00000  263 1195  442.00000  190.00000  57.0%   5.1 1280s
 2232097 1660608  380.00000  190 1101  442.00000  190.00000  57.0%   5.1 1285s
 2241866 1667874  379.00000   71 1441  442.00000  190.00000  57.0%   5.1 1290s
 2251279 1675253  379.00000  106 1285  442.00000  190.00000  57.0%   5.1 1295s
 2261010 1682958 infeasible  223       442.00000  190.00000  57.0%   5.1 1300s
 2268117 1689108  379.00000  229 1258  442.00000  190.00000  57.0%   5.1 1305s
 2276830 1695735  190.00000   43 1453  442.00000  190.00000  57.0%   5.1 1310s
 2286183 1703186  379.00000  296  913  442.00000  190.00000  57.0%   5.1 1315s
 2295288 1710540  380.00000   70 1434  442.00000  190.00000  57.0%   5.1 1320s
 2303476 1717024  379.00000  362  784  442.00000  190.00000  57.0%   5.1 1325s
 2312091 1723761  380.00000  138 1353  442.00000  190.00000  57.0%   5.1 1330s
 2321966 1730852  380.00000   79 1558  442.00000  190.00000  57.0%   5.1 1335s
 2332104 1738027  262.00000   60 1560  442.00000  190.00000  57.0%   5.1 1340s
 2342309 1745496 infeasible  200       442.00000  190.00000  57.0%   5.1 1345s
 2351683 1752631  316.00000  293 1156  442.00000  190.00000  57.0%   5.1 1350s
 2360524 1759794  379.00000  245 1252  442.00000  190.00000  57.0%   5.1 1355s
 2369950 1766803  316.00000  339  969  442.00000  190.00000  57.0%   5.1 1360s
 2378783 1773902  190.00000   44 1525  442.00000  190.00000  57.0%   5.1 1365s
 2389694 1782283  379.00000  152 1327  442.00000  190.00000  57.0%   5.1 1370s
 2400750 1790077  379.00000  153 1278  442.00000  190.00000  57.0%   5.1 1375s
 2410566 1798032  190.00000   55 1458  442.00000  190.00000  57.0%   5.1 1380s
 2419392 1805274  253.00000   69 1547  442.00000  190.00000  57.0%   5.1 1385s
 2428101 1812525  379.00000  206 1099  442.00000  190.00000  57.0%   5.1 1390s
 2437072 1819451  380.00000  225 1116  442.00000  190.00000  57.0%   5.1 1395s
 2445273 1826386  316.00000  211 1167  442.00000  190.00000  57.0%   5.1 1400s
 2454958 1833971  316.00000  183 1273  442.00000  190.00000  57.0%   5.1 1405s
 2461343 1839151  379.00000  145 1302  442.00000  190.00000  57.0%   5.1 1410s
 2470270 1846783  379.00000  304 1086  442.00000  190.00000  57.0%   5.1 1415s
 2479069 1853735  380.00000  121 1358  442.00000  190.00000  57.0%   5.1 1420s
 2486983 1860068  379.00000  314  954  442.00000  190.00000  57.0%   5.1 1425s
 2496516 1867417  379.00000  302  954  442.00000  190.00000  57.0%   5.1 1430s
 2505225 1874098  253.00000  261 1092  442.00000  190.00000  57.0%   5.1 1435s
 2514683 1881443  316.00000   90 1448  442.00000  190.00000  57.0%   5.1 1440s
 2522870 1888014 infeasible  172       442.00000  190.00000  57.0%   5.1 1445s
 2531223 1894723  316.00000  256 1030  442.00000  190.00000  57.0%   5.1 1450s
 2540273 1901442  380.00000   98 1303  442.00000  190.00000  57.0%   5.1 1455s
 2549097 1908365  316.00000  120 1324  442.00000  190.00000  57.0%   5.1 1460s
 2557895 1915154  316.00000  172 1228  442.00000  190.00000  57.0%   5.1 1465s
 2566903 1922059  316.00000   60 1489  442.00000  190.00000  57.0%   5.1 1470s
 2575879 1929092  316.00000  276 1012  442.00000  190.00000  57.0%   5.1 1475s
 2583415 1934811  379.00000  406  818  442.00000  190.00000  57.0%   5.1 1480s
 2589116 1939764  380.00000  152 1276  442.00000  190.00000  57.0%   5.1 1485s
 2596136 1944899  253.00000   61 1577  442.00000  190.00000  57.0%   5.1 1490s
 2603546 1950430  380.00000  236  952  442.00000  190.00000  57.0%   5.1 1495s
 2611659 1956854  379.00000  274  993  442.00000  190.00000  57.0%   5.1 1500s
 2620770 1964410  254.00000   63 1563  442.00000  190.00000  57.0%   5.1 1505s
 2630496 1971504  317.00000  125 1484  442.00000  190.00000  57.0%   5.1 1510s
 2640967 1979871  253.00000  192 1360  442.00000  190.00000  57.0%   5.1 1515s
 2650781 1987962  317.00000  100 1515  442.00000  190.00000  57.0%   5.1 1520s
 2659440 1995644 infeasible  215       442.00000  190.00000  57.0%   5.1 1525s
 2669317 2003062  316.00000  173 1388  442.00000  190.00000  57.0%   5.1 1530s
 2679214 2010543  316.00000  240 1290  442.00000  190.00000  57.0%   5.1 1535s
 2688157 2017932  380.00000  379  979  442.00000  190.00000  57.0%   5.1 1540s
 2697650 2024914  316.00000  361 1034  442.00000  190.00000  57.0%   5.1 1545s
 2706390 2031703  379.00000  246 1104  442.00000  190.00000  57.0%   5.1 1550s
 2717797 2039977  254.00000   86 1538  442.00000  190.00000  57.0%   5.1 1555s
 2729599 2048092  316.00000  329 1104  442.00000  190.00000  57.0%   5.1 1560s
 2741660 2056034  380.00000  265 1259  442.00000  190.00000  57.0%   5.1 1565s
 2753120 2064311  317.00000   94 1518  442.00000  190.00000  57.0%   5.1 1570s
 2764354 2072743  316.00000  306 1125  442.00000  190.00000  57.0%   5.1 1575s
 2775263 2080078  253.00000   69 1554  442.00000  190.00000  57.0%   5.1 1580s
 2786208 2087881  317.00000  122 1476  442.00000  190.00000  57.0%   5.1 1585s
 2796947 2096475  380.00000   94 1515  442.00000  190.00000  57.0%   5.0 1590s
 2807761 2104767  317.00000  235 1236  442.00000  190.00000  57.0%   5.0 1595s
 2818489 2112756  253.00000   78 1549  442.00000  190.00000  57.0%   5.0 1600s
 2827431 2120305  379.00000   74 1536  442.00000  190.00000  57.0%   5.0 1605s
 2836531 2127449  316.00000   70 1561  442.00000  190.00000  57.0%   5.0 1610s
 2846043 2134086  379.00000  256 1277  442.00000  190.00000  57.0%   5.0 1615s
 2854727 2140462  253.00000   73 1552  442.00000  190.00000  57.0%   5.0 1620s
 2863295 2147162  316.00000  338 1060  442.00000  190.00000  57.0%   5.0 1625s
 2873127 2154321  379.00000  353 1061  442.00000  190.00000  57.0%   5.0 1630s
 2882753 2161715 infeasible  107       442.00000  190.00000  57.0%   5.0 1635s
 2893493 2168786  317.00000   86 1542  442.00000  190.00000  57.0%   5.0 1640s
 2902787 2175594 infeasible  329       442.00000  190.00000  57.0%   5.0 1645s
 2912192 2182745  316.00000  159 1412  442.00000  190.00000  57.0%   5.0 1650s
 2922847 2190342  316.00000  342 1046  442.00000  190.00000  57.0%   5.0 1655s
 2933429 2197885  316.00000  252 1198  442.00000  190.00000  57.0%   5.0 1660s
 2942875 2205259  379.00000  141 1431  442.00000  190.00000  57.0%   5.0 1665s
 2952515 2212185 infeasible  226       442.00000  190.00000  57.0%   5.0 1670s
 2961879 2219041  253.00000  150 1417  442.00000  190.00000  57.0%   5.0 1675s
 2971641 2226517  253.00000  140 1438  442.00000  190.00000  57.0%   5.0 1680s
 2980702 2233235  316.00000  167 1398  442.00000  190.00000  57.0%   5.0 1685s
 2990992 2241055  379.00000  149 1461  442.00000  190.00000  57.0%   5.0 1690s
 3000830 2248397  317.00000  278 1210  442.00000  190.00000  57.0%   5.0 1695s
 3010359 2254932  316.00000  317 1140  442.00000  190.00000  57.0%   5.0 1700s
 3020298 2262670  380.00000  147 1445  442.00000  190.00000  57.0%   5.0 1705s
 3030271 2270629  316.00000  333 1068  442.00000  190.00000  57.0%   5.0 1710s
 3041653 2278148  379.00000  225 1271  442.00000  190.00000  57.0%   5.0 1715s
 3053085 2285547 infeasible  197       442.00000  190.00000  57.0%   5.0 1720s
 3063848 2293508  253.00000  184 1379  442.00000  190.00000  57.0%   5.0 1725s
 3071599 2299166  379.00000  382 1023  442.00000  190.00000  57.0%   5.0 1730s
 3082367 2305885  316.00000  282 1190  442.00000  190.00000  57.0%   5.0 1735s
 3089555 2312002  379.00000  183 1387  442.00000  190.00000  57.0%   5.0 1740s
 3098205 2318570  379.00000  106 1457  442.00000  190.00000  57.0%   5.0 1745s
 3107965 2325908  253.00000  287 1140  442.00000  190.00000  57.0%   5.0 1750s
 3116920 2332378  316.00000  117 1499  442.00000  190.00000  57.0%   5.0 1755s
 3125249 2339015  316.00000  262 1185  442.00000  190.00000  57.0%   5.0 1760s
 3133349 2345131  379.00000  165 1267  442.00000  190.00000  57.0%   5.0 1765s
 3143413 2352505  379.00000   97 1457  442.00000  190.00000  57.0%   5.0 1770s
 3152199 2359267  253.00000   87 1553  442.00000  190.00000  57.0%   5.0 1775s
 3160770 2365850  316.00000  198 1367  442.00000  190.00000  57.0%   5.0 1780s
 3170151 2372831  253.00000  257 1178  442.00000  190.00000  57.0%   5.0 1785s
 3178703 2379068 infeasible  345       442.00000  190.00000  57.0%   5.0 1790s
 3185395 2384303  379.00000  182 1367  442.00000  190.00000  57.0%   5.0 1795s
 3192204 2389671  379.00000  104 1416  442.00000  190.00000  57.0%   5.0 1800s

Explored 3192985 nodes (16042512 simplex iterations) in 1800.01 seconds (2557.63 work units)
Thread count was 8 (of 8 available processors)

Solution count 1: 442 

Time limit reached
Best objective 4.420000000000e+02, best bound 1.900000000000e+02, gap 57.0136%
! --------------------------------------------------------
! Status: FEASIBLE (time limit reached)
! Best span = 442
! Labeling: 190 1 64 190 379 64 127 64 64 379 253 442 190 316 127 190 1 253 442 64 127 253 127 253 316 253 442 1 1 64 1 64 316 379 253 253 190 1 442 379 1 190 253 316 127 253 253 379 64 1 1 253 127 64 379 1 1 253 127 442 127 64 1 127 1 1 127 64 190 1 316 64 127 442 190 127 442 379 127 442 316 127 379 64 190 1 64 1 190 64 64 127 253 442 127 190 1 64 1 442 127 64 316 253 190 316 1 190 64 316 1 64 1 190 316 379 1 379 442 127 1 1 379 316 316 1 127 1 190 253 64 1 127 316 379 127 1 316 64 127 127 1 442 190 190 64 190 190 190 190 64 253 127 127 253 64 1 190 127 190 64 379 127 190 316 190 127 316 379 253 316 316 316 127 64 1 127 442 316 1 253 64 64 127 64 442 379 1 253 253 379 253 64 64 379 253 316 379 190 253 127 253 64 127 1 64 127 316 1 190 190 316 190 127 253 127 316 253 253 127 190 1 64 64 442 253 190 379 253 253 64 379 253 316 316 64 190 64 64 316 442 1 1 190 64 442 64 379 253 127 64 127 190 190 190 316 127 64 64 64 190 127 190 442 379 379 442 190 190 442 190 64 64 442 316 442 316 442 64 64 1 1 442 253 190 253 127 442 316 316 64 190 316 253 190 64 316 316 253 190 253 127 442 253 1 253 190 64 64 127 253 379 127 379 1 1 190 1 442 190 253 379 442 127 1 379 64 1 64 316 253 127 316 253 127 379 190 64 1 64 1 190 379 253 1 190 316 253 64 379 190 316 1 127 64 316 1 253 127 1 253 190 1 379 316 1 442 442 64 1 253 442 64 190 442 442 190 1 1 64 253 316 1 316 379 127 127 127 1 1 64 379 379 253 190 442 316 253 64 1 316 379 316 1 1 190 127 253 190 1 127 190 1 1 379 190 253 1 1 127 1 1 64 379 253 1 253 316 127 64 442 379 127 253 190 190 1 1 190 64 1 64 127 253 64 1 442 1 442 316 127 316 190 379 442 1 127 442 64 64 316 316 442 190 253 64 64 1 127 316 127 1 127 1 1 64 379 379 1 253 190 379 1 442 190 253 64 127 1 1 127 1 253 253 442 64 316 1 379 316 1 316 190 
! --------------------------------------------------------
! All verification passed
