! Solving for graph /home/truongxuanhieu/Gurobi-for-MinSpanLabeling/benchmarks/abp/U-662_bus.mtx.rnd
! Target value is set to 220
! Lower bound is set to 221
! Upper bound is set to 662
! Time limit is set to 1800
! Vertices mode is set to Has hole
! Target value mode is set to Antibandwidth
Set parameter WLSAccessID
Set parameter WLSSecret
Set parameter LicenseID to value 2663665
Academic license 2663665 - for non-commercial use only - registered to tu___@vnu.edu.vn
Set parameter OutputFlag to value 1
Set parameter TimeLimit to value 1800
Gurobi Optimizer version 13.0.2 build v13.0.2rc1 (linux64 - "Debian GNU/Linux 12 (bookworm)")

CPU model: AMD EPYC 7B12, instruction set [SSE2|AVX|AVX2]
Thread count: 4 physical cores, 8 logical processors, using up to 8 threads

Non-default parameters:
TimeLimit  1800

Academic license 2663665 - for non-commercial use only - registered to tu___@vnu.edu.vn
Optimize a model with 1815 rows, 441381 columns and 4949 nonzeros (Min)
Model fingerprint: 0x4c4a628a
Model has 1 linear objective coefficients
Model has 2230 simple general constraints
  906 ABS, 1324 INDICATOR
Variable types: 0 continuous, 441381 integer (438906 binary)
Coefficient statistics:
  Matrix range     [1e+00, 1e+00]
  Objective range  [1e+00, 1e+00]
  Bounds range     [1e+00, 7e+02]
  RHS range        [1e+00, 3e+02]
  GenCon rhs range [1e+00, 1e+00]
  GenCon coe range [1e+00, 1e+00]

Presolve added 6200 rows and 0 columns
Presolve removed 0 rows and 433122 columns
Presolve time: 0.09s
Presolved: 8015 rows, 8259 columns, 20732 nonzeros
Presolved model has 906 SOS constraint(s)
Variable types: 0 continuous, 8259 integer (2648 binary)
Found heuristic solution: objective 662.0000000
Found heuristic solution: objective 661.0000000
Performing another presolve...
Presolve removed 4216 rows and 4216 columns
Presolve time: 0.03s

Root relaxation: objective 2.210000e+02, 2464 iterations, 0.01 seconds (0.01 work units)

    Nodes    |    Current Node    |     Objective Bounds      |     Work
 Expl Unexpl |  Obj  Depth IntInf | Incumbent    BestBd   Gap | It/Node Time

     0     0  221.00000    0  581  661.00000  221.00000  66.6%     -    0s
     0     0  221.00000    0  580  661.00000  221.00000  66.6%     -    0s
     0     0  221.00000    0  580  661.00000  221.00000  66.6%     -    0s
     0     2  221.00000    0  580  661.00000  221.00000  66.6%     -    0s
 10967  7935  441.00000  259  177  661.00000  221.00000  66.6%   6.0    5s
 25569 22271  441.00000  113  429  661.00000  221.00000  66.6%   5.7   10s
 39373 34760  441.00000   76  491  661.00000  221.00000  66.6%   5.5   15s
 53063 47528  441.00000  259  169  661.00000  221.00000  66.6%   5.8   20s
 68040 61413  441.00000  229  245  661.00000  221.00000  66.6%   5.6   25s
 82405 75148  441.00000   78  469  661.00000  221.00000  66.6%   5.6   30s
 98002 89620  441.00000  159  356  661.00000  221.00000  66.6%   5.6   35s
 113096 103716  441.00000  303  106  661.00000  221.00000  66.6%   5.5   40s
 130273 118839  441.00000  147  393  661.00000  221.00000  66.6%   5.5   45s
 145524 133695  441.00000  123  412  661.00000  221.00000  66.6%   5.3   50s
 162152 149082  222.00000  103  433  661.00000  221.00000  66.6%   5.2   55s
 176110 162238  441.00000  333   45  661.00000  221.00000  66.6%   5.1   60s
 194095 178885  441.00000  184  337  661.00000  221.00000  66.6%   5.0   65s
 208410 192086  441.00000  176  344  661.00000  221.00000  66.6%   4.9   70s
 226741 209124  441.00000  248  191  661.00000  221.00000  66.6%   4.9   75s
 239773 220767  441.00000   56  511  661.00000  221.00000  66.6%   4.9   80s
 257023 236637  221.00000   54  526  661.00000  221.00000  66.6%   4.8   85s
 272084 251176  441.00000  302   84  661.00000  221.00000  66.6%   4.8   90s
 288166 266357  441.00000  335   43  661.00000  221.00000  66.6%   4.7   95s
 305031 281872  441.00000  136  387  661.00000  221.00000  66.6%   4.7  100s
 321257 296802  441.00000  212  290  661.00000  221.00000  66.6%   4.7  105s
 333137 308574  441.00000  246  189  661.00000  221.00000  66.6%   4.6  110s
 348945 322837  441.00000  187  351  661.00000  221.00000  66.6%   4.6  115s
 366812 339375  441.00000  201  293  661.00000  221.00000  66.6%   4.6  120s
 381995 353553  441.00000  188  337  661.00000  221.00000  66.6%   4.6  125s
 399675 369741  441.00000  146  379  661.00000  221.00000  66.6%   4.6  130s
 414340 383422  441.00000  273  140  661.00000  221.00000  66.6%   4.5  135s
 432094 399639  441.00000  163  370  661.00000  221.00000  66.6%   4.5  140s
 446916 414825  441.00000  297  119  661.00000  221.00000  66.6%   4.5  145s
 461299 433568  441.00000  144  375  661.00000  221.00000  66.6%   4.5  152s
 476888 440852  441.00000  315   83  661.00000  221.00000  66.6%   4.5  155s
 494597 458004  441.00000  350   28  661.00000  221.00000  66.6%   4.5  160s
 511507 473873  441.00000  169  381  661.00000  221.00000  66.6%   4.4  165s
 525120 486074  441.00000  195  327  661.00000  221.00000  66.6%   4.4  170s
 535192 495813  441.00000  315   97  661.00000  221.00000  66.6%   4.4  175s
 546131 505905  441.00000  238  222  661.00000  221.00000  66.6%   4.4  180s
 563736 522299  441.00000  233  231  661.00000  221.00000  66.6%   4.4  185s
 578291 535834  441.00000  184  339  661.00000  221.00000  66.6%   4.4  190s
 593547 549917  441.00000  235  219  661.00000  221.00000  66.6%   4.4  195s
 608134 563297  441.00000  119  421  661.00000  221.00000  66.6%   4.4  200s
 623602 578002  441.00000  151  371  661.00000  221.00000  66.6%   4.4  205s
 641603 594566  441.00000  129  418  661.00000  221.00000  66.6%   4.4  210s
 655632 607692  441.00000  311   95  661.00000  221.00000  66.6%   4.4  215s
 674155 624880  441.00000  182  333  661.00000  221.00000  66.6%   4.4  220s
 691899 640871  441.00000  348   22  661.00000  221.00000  66.6%   4.4  225s
 705659 654223  441.00000  270  146  661.00000  221.00000  66.6%   4.4  230s
 724280 671427  441.00000  205  310  661.00000  221.00000  66.6%   4.3  235s
 739531 685173  441.00000  128  414  661.00000  221.00000  66.6%   4.3  240s
 757973 702458  441.00000  253  163  661.00000  221.00000  66.6%   4.3  245s
 774768 718231  441.00000  178  331  661.00000  221.00000  66.6%   4.3  250s
 790050 732149  222.00000   91  468  661.00000  221.00000  66.6%   4.3  255s
 807875 748326  441.00000  339   22  661.00000  221.00000  66.6%   4.3  260s
 825213 764673  441.00000  135  391  661.00000  221.00000  66.6%   4.3  265s
 839838 778523  441.00000  338   40  661.00000  221.00000  66.6%   4.3  270s
 857509 794667  441.00000  203  314  661.00000  221.00000  66.6%   4.3  275s
 874311 810523  441.00000  307   86  661.00000  221.00000  66.6%   4.3  280s
 894125 828611  441.00000  190  324  661.00000  221.00000  66.6%   4.3  285s
 908902 841965  441.00000  204  296  661.00000  221.00000  66.6%   4.3  290s
 926748 858616  441.00000  325   44  661.00000  221.00000  66.6%   4.3  295s
 941622 872579  441.00000  206  286  661.00000  221.00000  66.6%   4.3  300s
 960331 889705  221.00000   81  494  661.00000  221.00000  66.6%   4.3  305s
 975254 903791  441.00000  211  271  661.00000  221.00000  66.6%   4.3  310s
 993292 920266  441.00000  265  135  661.00000  221.00000  66.6%   4.3  315s
 1008954 934934  441.00000  345   31  661.00000  221.00000  66.6%   4.3  320s
 1025560 950248  441.00000  182  332  661.00000  221.00000  66.6%   4.3  325s
 1040571 964274  441.00000  131  401  661.00000  221.00000  66.6%   4.3  330s
 1059136 980962  441.00000  332   41  661.00000  221.00000  66.6%   4.3  335s
 1073553 994955  441.00000  115  426  661.00000  221.00000  66.6%   4.3  340s
 1092210 1011775  441.00000  258  169  661.00000  221.00000  66.6%   4.3  345s
 1110304 1028199  441.00000  227  205  661.00000  221.00000  66.6%   4.3  350s
 1123879 1041299  441.00000  316   75  661.00000  221.00000  66.6%   4.3  355s
 1138840 1054935  441.00000  276  129  661.00000  221.00000  66.6%   4.3  360s
 1155384 1069933  441.00000  211  296  661.00000  221.00000  66.6%   4.3  365s
 1173989 1087189  441.00000  295  116  661.00000  221.00000  66.6%   4.3  370s
 1188356 1100625  441.00000  203  290  661.00000  221.00000  66.6%   4.3  375s
 1207800 1118418  441.00000  154  368  661.00000  221.00000  66.6%   4.3  380s
 1223165 1132686  221.00000   87  488  661.00000  221.00000  66.6%   4.3  385s
 1239894 1148226  222.00000  121  427  661.00000  221.00000  66.6%   4.3  390s
 1255556 1162173  441.00000  283  116  661.00000  221.00000  66.6%   4.2  395s
 1272865 1178852  441.00000  240  181  661.00000  221.00000  66.6%   4.2  400s
 1291150 1195530  441.00000  250  167  661.00000  221.00000  66.6%   4.2  405s
 1306662 1209171  441.00000  251  163  661.00000  221.00000  66.6%   4.2  410s
 1323777 1225551  221.00000  107  424  661.00000  221.00000  66.6%   4.2  415s
 1342739 1243133  441.00000  276  128  661.00000  221.00000  66.6%   4.2  420s
 1361434 1260090  441.00000  236  212  661.00000  221.00000  66.6%   4.2  425s
 1376202 1274063  441.00000  248  172  661.00000  221.00000  66.6%   4.2  430s
 1395971 1292257  221.00000   81  497  661.00000  221.00000  66.6%   4.2  435s
 1411455 1306795  441.00000  159  364  661.00000  221.00000  66.6%   4.2  440s
 1430801 1324033  441.00000  123  412  661.00000  221.00000  66.6%   4.2  445s
 1447117 1339674  441.00000  118  418  661.00000  221.00000  66.6%   4.2  450s
 1466801 1356870  441.00000  204  276  661.00000  221.00000  66.6%   4.2  455s
 1482422 1372249  222.00000  104  452  661.00000  221.00000  66.6%   4.2  460s
 1502205 1390132  441.00000  250  174  661.00000  221.00000  66.6%   4.2  465s
 1517802 1404924  441.00000  195  295  661.00000  221.00000  66.6%   4.2  470s
 1536497 1422038  441.00000  113  426  661.00000  221.00000  66.6%   4.2  475s
 1553380 1437883  441.00000  167  351  661.00000  221.00000  66.6%   4.2  480s
 1570232 1453234  441.00000  214  262  661.00000  221.00000  66.6%   4.2  485s
 1589291 1471059  441.00000  222  251  661.00000  221.00000  66.6%   4.2  490s
 1605828 1486159  441.00000  294  110  661.00000  221.00000  66.6%   4.2  495s
 1624627 1503724  221.00000  105  440  661.00000  221.00000  66.6%   4.2  500s
 1640282 1518328  441.00000  341   27  661.00000  221.00000  66.6%   4.2  505s
 1659862 1536205  441.00000  216  266  661.00000  221.00000  66.6%   4.1  510s
 1677796 1552614  441.00000  323   41  661.00000  221.00000  66.6%   4.1  515s
 1692780 1566497  441.00000  264  165  661.00000  221.00000  66.6%   4.1  520s
 1711479 1583960  441.00000  235  227  661.00000  221.00000  66.6%   4.1  525s
 1730718 1601511  441.00000  204  289  661.00000  221.00000  66.6%   4.1  530s
 1747055 1617103  441.00000  280  117  661.00000  221.00000  66.6%   4.1  535s
 1764051 1631908  441.00000  178  324  661.00000  221.00000  66.6%   4.1  540s
 1782870 1650059  441.00000  179  344  661.00000  221.00000  66.6%   4.1  545s
 1796644 1669295  441.00000  240  198  661.00000  221.00000  66.6%   4.1  551s
 1816982 1681519  441.00000  228  241  661.00000  221.00000  66.6%   4.1  555s
 1834952 1697929  441.00000  326   41  661.00000  221.00000  66.6%   4.1  560s
 1851264 1713349  441.00000  341   29  661.00000  221.00000  66.6%   4.1  565s
 1868539 1729126  441.00000  288  119  661.00000  221.00000  66.6%   4.1  570s
 1888226 1747340  441.00000  237  205  661.00000  221.00000  66.6%   4.1  575s
 1903025 1761020  221.00000   97  441  661.00000  221.00000  66.6%   4.1  580s
 1922504 1778758  441.00000  160  366  661.00000  221.00000  66.6%   4.1  585s
 1939334 1793941  441.00000  316   51  661.00000  221.00000  66.6%   4.1  590s
 1956585 1810642  441.00000   91  446  661.00000  221.00000  66.6%   4.1  595s
 1973772 1826093  441.00000  108  431  661.00000  221.00000  66.6%   4.1  600s
 1990383 1841642  441.00000  336   43  661.00000  221.00000  66.6%   4.1  605s
 2006425 1857005  441.00000  135  398  661.00000  221.00000  66.6%   4.1  610s
 2022268 1871737  441.00000  149  371  661.00000  221.00000  66.6%   4.1  615s
 2041792 1889805  441.00000  175  349  661.00000  221.00000  66.6%   4.1  620s
 2057666 1904646  441.00000  105  448  661.00000  221.00000  66.6%   4.1  625s
 2077378 1922236  441.00000  162  355  661.00000  221.00000  66.6%   4.1  630s
 2093236 1937026  441.00000  273  111  661.00000  221.00000  66.6%   4.1  635s
 2112279 1954498  441.00000  257  181  661.00000  221.00000  66.6%   4.1  640s
 2126577 1967795  441.00000  214  288  661.00000  221.00000  66.6%   4.1  645s
 2146430 1986516  441.00000  217  265  661.00000  221.00000  66.6%   4.1  650s
 2163373 2001688  441.00000  241  215  661.00000  221.00000  66.6%   4.1  655s
 2181492 2018845  441.00000  271  136  661.00000  221.00000  66.6%   4.1  660s
 2198459 2034555  441.00000  336   34  661.00000  221.00000  66.6%   4.0  665s
 2217740 2052284  221.00000  119  431  661.00000  221.00000  66.6%   4.0  670s
 2235197 2068500  441.00000  134  400  661.00000  221.00000  66.6%   4.0  675s
 2251358 2082919  441.00000   85  495  661.00000  221.00000  66.6%   4.0  680s
 2269378 2100057 infeasible  294       661.00000  221.00000  66.6%   4.0  685s
 2283894 2113565  441.00000  248  180  661.00000  221.00000  66.6%   4.0  690s
 2304006 2131429  441.00000  176  336  661.00000  221.00000  66.6%   4.0  695s
 2323272 2149471  441.00000  128  407  661.00000  221.00000  66.6%   4.0  700s
 2340966 2165823  441.00000  182  327  661.00000  221.00000  66.6%   4.0  705s
 2358279 2181825  441.00000  210  280  661.00000  221.00000  66.6%   4.0  710s
 2376131 2197937  441.00000  210  291  661.00000  221.00000  66.6%   4.0  715s
 2394368 2216511  441.00000  346   20  661.00000  221.00000  66.6%   4.0  720s
 2411869 2231152  441.00000  135  400  661.00000  221.00000  66.6%   4.0  725s
 2432181 2249901  441.00000  246  157  661.00000  221.00000  66.6%   4.0  730s
 2448258 2264312  441.00000  178  341  661.00000  221.00000  66.6%   4.0  735s
 2467523 2282428  441.00000  293  103  661.00000  221.00000  66.6%   4.0  740s
 2483277 2296762  441.00000  197  310  661.00000  221.00000  66.6%   4.0  745s
 2502896 2315228  441.00000  309   94  661.00000  221.00000  66.6%   4.0  750s
 2522104 2332844  441.00000  158  369  661.00000  221.00000  66.6%   4.0  755s
 2539680 2349158  441.00000  247  168  661.00000  221.00000  66.6%   4.0  760s
 2554510 2362701  441.00000  242  203  661.00000  221.00000  66.6%   4.0  765s
 2570378 2377306  441.00000  161  374  661.00000  221.00000  66.6%   4.0  770s
 2584943 2390784  441.00000  192  328  661.00000  221.00000  66.6%   4.0  775s
 2596206 2401002  441.00000  317   59  661.00000  221.00000  66.6%   4.0  780s
 2616221 2419907  441.00000  235  220  661.00000  221.00000  66.6%   4.0  785s
 2630271 2432731  441.00000  317   74  661.00000  221.00000  66.6%   3.9  790s
 2650335 2451495  441.00000  218  270  661.00000  221.00000  66.6%   3.9  795s
 2668794 2467734  441.00000  318   91  661.00000  221.00000  66.6%   3.9  800s
 2684433 2482762 infeasible  296       661.00000  221.00000  66.6%   3.9  805s
 2704271 2501082  222.00000   93  473  661.00000  221.00000  66.6%   3.9  810s
 2721196 2516831  441.00000  134  404  661.00000  221.00000  66.6%   3.9  815s
 2738409 2532425  441.00000  260  164  661.00000  221.00000  66.6%   3.9  820s
 2756420 2549541  441.00000  214  239  661.00000  221.00000  66.6%   3.9  825s
 2775216 2567027  441.00000  334   37  661.00000  221.00000  66.6%   3.9  830s
 2792702 2582658  441.00000  312   81  661.00000  221.00000  66.6%   3.9  835s
 2811822 2600280  441.00000  292  117  661.00000  221.00000  66.6%   3.9  840s
 2826106 2614054  222.00000  104  442  661.00000  221.00000  66.6%   3.9  845s
 2846152 2631726  441.00000  111  449  661.00000  221.00000  66.6%   3.9  850s
 2861380 2646566  441.00000  292   96  661.00000  221.00000  66.6%   3.9  855s
 2877881 2661239  441.00000  349   21  661.00000  221.00000  66.6%   3.9  860s
 2895007 2677756  441.00000  191  321  661.00000  221.00000  66.6%   3.9  865s
 2913837 2695035  441.00000  229  233  661.00000  221.00000  66.6%   3.9  870s
 2931051 2711229  441.00000  258  166  661.00000  221.00000  66.6%   3.9  875s
 2949092 2727833  441.00000  340   33  661.00000  221.00000  66.6%   3.9  880s
 2965653 2743202  441.00000  318   87  661.00000  221.00000  66.6%   3.9  885s
 2984574 2760342  441.00000  193  324  661.00000  221.00000  66.6%   3.9  890s
 2999679 2775004  441.00000  331   50  661.00000  221.00000  66.6%   3.9  895s
 3017751 2791679  441.00000  322   74  661.00000  221.00000  66.6%   3.9  900s
 3033008 2805857  441.00000  231  242  661.00000  221.00000  66.6%   3.9  905s
 3048855 2820553  222.00000  105  458  661.00000  221.00000  66.6%   3.9  910s
 3066008 2836498  221.00000   71  500  661.00000  221.00000  66.6%   3.9  915s
 3083058 2851998  441.00000  299   92  661.00000  221.00000  66.6%   3.9  920s
 3095951 2864033  222.00000  124  412  661.00000  221.00000  66.6%   3.9  925s
 3112761 2879519  441.00000  196  304  661.00000  221.00000  66.6%   3.9  930s
 3127027 2892874  441.00000  314   82  661.00000  221.00000  66.6%   3.9  935s
 3141775 2906275  441.00000  105  423  661.00000  221.00000  66.6%   3.9  940s
 3157885 2921479  441.00000  177  341  661.00000  221.00000  66.6%   3.9  945s
 3175455 2937513  441.00000  213  272  661.00000  221.00000  66.6%   3.9  950s
 3190573 2951433  441.00000  142  380  661.00000  221.00000  66.6%   3.9  955s
 3208929 2967978  441.00000  281  132  661.00000  221.00000  66.6%   3.9  960s
 3223542 2982013  441.00000  211  268  661.00000  221.00000  66.6%   3.9  965s
 3242282 2998690  441.00000  138  386  661.00000  221.00000  66.6%   3.9  970s
 3257654 3013178  441.00000  158  370  661.00000  221.00000  66.6%   3.9  975s
 3277202 3030988  441.00000  264  133  661.00000  221.00000  66.6%   3.9  980s
 3292837 3045382  441.00000  345   42  661.00000  221.00000  66.6%   3.9  985s
 3308190 3059856  441.00000  167  363  661.00000  221.00000  66.6%   3.9  990s
 3327174 3077208  441.00000  127  412  661.00000  221.00000  66.6%   3.9  995s
 3344310 3093125  221.00000   88  471  661.00000  221.00000  66.6%   3.9 1000s
 3361340 3108319  441.00000  265  129  661.00000  221.00000  66.6%   3.9 1005s
 3377301 3123987  441.00000  331   49  661.00000  221.00000  66.6%   3.9 1010s
 3394664 3139785  441.00000  325   53  661.00000  221.00000  66.6%   3.9 1015s
 3408877 3152952  441.00000  133  410  661.00000  221.00000  66.6%   3.9 1020s
 3427222 3170113  441.00000  244  183  661.00000  221.00000  66.6%   3.9 1025s
 3447298 3188458  441.00000  119  415  661.00000  221.00000  66.6%   3.9 1030s
 3463247 3202789  441.00000  295  115  661.00000  221.00000  66.6%   3.9 1035s
 3479189 3217904  221.00000   73  507  661.00000  221.00000  66.6%   3.9 1040s
 3498741 3235893  441.00000  155  384  661.00000  221.00000  66.6%   3.9 1045s
 3513817 3250279  441.00000  133  395  661.00000  221.00000  66.6%   3.9 1050s
 3533844 3268796  441.00000  326   43  661.00000  221.00000  66.6%   3.9 1055s
 3552550 3286316  441.00000  135  403  661.00000  221.00000  66.6%   3.9 1060s
 3568628 3301279  441.00000  258  165  661.00000  221.00000  66.6%   3.9 1065s
 3585203 3316196  441.00000  239  197  661.00000  221.00000  66.6%   3.9 1070s
 3605210 3334186  441.00000  128  407  661.00000  221.00000  66.6%   3.9 1075s
 3620828 3349403  441.00000  333   45  661.00000  221.00000  66.6%   3.9 1080s
 3639605 3366640  441.00000  257  166  661.00000  221.00000  66.6%   3.9 1085s
 3657206 3382615  441.00000  341   33  661.00000  221.00000  66.6%   3.9 1090s
 3673127 3397898  441.00000  142  387  661.00000  221.00000  66.6%   3.9 1095s
 3693001 3415885  441.00000  123  406  661.00000  221.00000  66.6%   3.9 1100s
 3706978 3429426  441.00000  205  299  661.00000  221.00000  66.6%   3.9 1105s
 3725499 3446558  441.00000  128  413  661.00000  221.00000  66.6%   3.9 1110s
 3742144 3461873  441.00000  249  171  661.00000  221.00000  66.6%   3.9 1115s
 3760031 3478446  441.00000  198  303  661.00000  221.00000  66.6%   3.9 1120s
 3776868 3493578  221.00000   89  478  661.00000  221.00000  66.6%   3.9 1125s
 3794130 3510283  441.00000  168  359  661.00000  221.00000  66.6%   3.9 1130s
 3810019 3524945  441.00000  171  348  661.00000  221.00000  66.6%   3.9 1135s
 3829555 3542613  441.00000  179  348  661.00000  221.00000  66.6%   3.9 1140s
 3846137 3558362  441.00000  250  167  661.00000  221.00000  66.6%   3.9 1145s
 3861395 3572386  441.00000  342   33  661.00000  221.00000  66.6%   3.9 1150s
 3880859 3590429  441.00000  350   21  661.00000  221.00000  66.6%   3.9 1155s
 3900095 3608030  441.00000  232  194  661.00000  221.00000  66.6%   3.9 1160s
 3915836 3622417  441.00000  239  219  661.00000  221.00000  66.6%   3.9 1165s
 3933776 3639383  441.00000  114  411  661.00000  221.00000  66.6%   3.9 1170s
 3950135 3654261  441.00000  157  374  661.00000  221.00000  66.6%   3.9 1175s
 3969430 3672110  441.00000  218  278  661.00000  221.00000  66.6%   3.9 1180s
 3986598 3687413  221.00000   67  516  661.00000  221.00000  66.6%   3.9 1185s
 4003001 3703569  441.00000  314   92  661.00000  221.00000  66.6%   3.9 1190s
 4020928 3719935  441.00000  118  416  661.00000  221.00000  66.6%   3.9 1195s
 4038650 3735768  441.00000  319   87  661.00000  221.00000  66.6%   3.9 1200s
 4053804 3750397  441.00000  173  350  661.00000  221.00000  66.6%   3.9 1205s
 4072880 3767831  441.00000  100  446  661.00000  221.00000  66.6%   3.9 1210s
 4092108 3785662  441.00000  265  152  661.00000  221.00000  66.6%   3.9 1215s
 4108820 3800950  441.00000  243  191  661.00000  221.00000  66.6%   3.9 1220s
 4125370 3816852  441.00000  202  307  661.00000  221.00000  66.6%   3.9 1225s
 4144405 3833336  441.00000  180  333  661.00000  221.00000  66.6%   3.9 1230s
 4160634 3848635  441.00000  335   55  661.00000  221.00000  66.6%   3.9 1235s
 4178268 3869154  441.00000  306  103  661.00000  221.00000  66.6%   3.9 1241s
 4194399 3880508  221.00000  100  448  661.00000  221.00000  66.6%   3.9 1245s
 4213157 3897105  441.00000  248  187  661.00000  221.00000  66.6%   3.9 1250s
 4231882 3914813  441.00000   89  467  661.00000  221.00000  66.6%   3.9 1255s
 4247531 3929282  441.00000  108  434  661.00000  221.00000  66.6%   3.9 1260s
 4266017 3946861  441.00000  289  115  661.00000  221.00000  66.6%   3.9 1265s
 4283246 3962825  441.00000  259  173  661.00000  221.00000  66.6%   3.9 1270s
 4302576 3980610  441.00000  182  333  661.00000  221.00000  66.6%   3.9 1275s
 4318239 3994910  441.00000  177  349  661.00000  221.00000  66.6%   3.9 1280s
 4338069 4013282  441.00000  161  367  661.00000  221.00000  66.6%   3.9 1285s
 4355551 4029057  441.00000  152  380  661.00000  221.00000  66.6%   3.9 1290s
 4372150 4044807  441.00000  256  168  661.00000  221.00000  66.6%   3.9 1295s
 4390843 4062041  441.00000  304  100  661.00000  221.00000  66.6%   3.9 1300s
 4407685 4077183  441.00000  296  117  661.00000  221.00000  66.6%   3.9 1305s
 4424072 4092892  441.00000  184  329  661.00000  221.00000  66.6%   3.9 1310s
 4443253 4110656  441.00000  207  298  661.00000  221.00000  66.6%   3.9 1315s
 4460179 4126394  441.00000  209  301  661.00000  221.00000  66.6%   3.9 1320s
 4476232 4140908  441.00000  206  299  661.00000  221.00000  66.6%   3.9 1325s
 4495735 4159326  441.00000  213  297  661.00000  221.00000  66.6%   3.9 1330s
 4510587 4172826  441.00000  262  173  661.00000  221.00000  66.6%   3.9 1335s
 4530952 4191839  441.00000  243  184  661.00000  221.00000  66.6%   3.9 1340s
 4546644 4205757  441.00000  174  342  661.00000  221.00000  66.6%   3.9 1345s
 4564644 4222180  441.00000  261  171  661.00000  221.00000  66.6%   3.9 1350s
 4581565 4238498  441.00000  204  308  661.00000  221.00000  66.6%   3.9 1355s
 4597144 4253034  441.00000  281  134  661.00000  221.00000  66.6%   3.9 1360s
 4616233 4270773  441.00000  297  103  661.00000  221.00000  66.6%   3.9 1365s
 4629791 4282508  441.00000  305   87  661.00000  221.00000  66.6%   3.9 1370s
 4640555 4292922  441.00000  196  305  661.00000  221.00000  66.6%   3.9 1375s
 4653762 4305637  441.00000  281  117  661.00000  221.00000  66.6%   3.8 1380s
 4668402 4319046  222.00000   99  460  661.00000  221.00000  66.6%   3.8 1385s
 4688081 4336406  441.00000  223  249  661.00000  221.00000  66.6%   3.8 1390s
 4705013 4351868  221.00000   96  468  661.00000  221.00000  66.6%   3.8 1395s
 4722488 4368888  441.00000  145  385  661.00000  221.00000  66.6%   3.8 1400s
 4736075 4381493  441.00000  125  413  661.00000  221.00000  66.6%   3.8 1405s
 4754590 4398639  441.00000  166  357  661.00000  221.00000  66.6%   3.8 1410s
 4769106 4412082  441.00000  290  104  661.00000  221.00000  66.6%   3.8 1415s
 4788689 4429996  441.00000  168  358  661.00000  221.00000  66.6%   3.8 1420s
 4805799 4445845  441.00000  185  320  661.00000  221.00000  66.6%   3.8 1425s
 4824348 4463040  441.00000  143  383  661.00000  221.00000  66.6%   3.8 1430s
 4840774 4478075  441.00000  216  285  661.00000  221.00000  66.6%   3.8 1435s
 4858868 4494833 infeasible  236       661.00000  221.00000  66.6%   3.8 1440s
 4877118 4511660  441.00000  208  296  661.00000  221.00000  66.6%   3.8 1445s
 4893393 4526699  441.00000  143  389  661.00000  221.00000  66.6%   3.8 1450s
 4912263 4544006  441.00000  342   35  661.00000  221.00000  66.6%   3.8 1455s
 4927658 4558467  441.00000  207  298  661.00000  221.00000  66.6%   3.8 1460s
 4945876 4575304  441.00000  281  125  661.00000  221.00000  66.6%   3.8 1465s
 4961560 4590033  441.00000  142  385  661.00000  221.00000  66.6%   3.8 1470s
 4980315 4607280  441.00000  309   99  661.00000  221.00000  66.6%   3.8 1475s
 4995463 4621499  441.00000  247  186  661.00000  221.00000  66.6%   3.8 1480s
 5014361 4638107  441.00000  203  303  661.00000  221.00000  66.6%   3.8 1485s
 5029610 4652447  441.00000  126  406  661.00000  221.00000  66.6%   3.8 1490s
 5046852 4668226  441.00000  316   81  661.00000  221.00000  66.6%   3.8 1495s
 5061705 4681945  441.00000  225  253  661.00000  221.00000  66.6%   3.8 1500s
 5078900 4698061  441.00000  277  132  661.00000  221.00000  66.6%   3.8 1505s
 5095604 4713652  441.00000  129  406  661.00000  221.00000  66.6%   3.8 1510s
 5112070 4728767  441.00000  149  393  661.00000  221.00000  66.6%   3.8 1515s
 5128002 4743383  441.00000  144  388  661.00000  221.00000  66.6%   3.8 1520s
 5145901 4760105  441.00000  212  265  661.00000  221.00000  66.6%   3.8 1525s
 5163228 4775894  441.00000  339   26  661.00000  221.00000  66.6%   3.8 1530s
 5179968 4791056  441.00000  183  334  661.00000  221.00000  66.6%   3.8 1535s
 5194980 4804838  441.00000  160  360  661.00000  221.00000  66.6%   3.8 1540s
 5213369 4822102  441.00000  257  164  661.00000  221.00000  66.6%   3.8 1545s
 5231677 4839090  441.00000  162  368  661.00000  221.00000  66.6%   3.8 1550s
 5246967 4853478  441.00000  312  101  661.00000  221.00000  66.6%   3.8 1555s
 5261671 4866434  441.00000  312   84  661.00000  221.00000  66.6%   3.8 1560s
 5280706 4884155  441.00000  298  120  661.00000  221.00000  66.6%   3.8 1565s
 5298160 4899897  441.00000  350   23  661.00000  221.00000  66.6%   3.8 1570s
 5312677 4913999  441.00000  211  295  661.00000  221.00000  66.6%   3.8 1575s
 5330740 4930619  441.00000   88  473  661.00000  221.00000  66.6%   3.8 1580s
 5346842 4945507  222.00000  110  454  661.00000  221.00000  66.6%   3.8 1585s
 5359944 4957660  441.00000  267  142  661.00000  221.00000  66.6%   3.8 1590s
 5380174 4976507  441.00000  162  356  661.00000  221.00000  66.6%   3.8 1595s
 5394798 4990086  441.00000  220  241  661.00000  221.00000  66.6%   3.8 1600s
 5412985 5006122  441.00000  307   85  661.00000  221.00000  66.6%   3.8 1605s
 5426973 5019975  441.00000  349   20  661.00000  221.00000  66.6%   3.8 1610s
 5445646 5036521  441.00000  342   20  661.00000  221.00000  66.6%   3.8 1615s
 5460113 5050643  441.00000  117  419  661.00000  221.00000  66.6%   3.8 1620s
 5478803 5067830  441.00000  162  358  661.00000  221.00000  66.6%   3.8 1625s
 5492776 5080959  441.00000  209  288  661.00000  221.00000  66.6%   3.8 1630s
 5510357 5097036  441.00000   95  474  661.00000  221.00000  66.6%   3.8 1635s
 5527852 5112838  441.00000  181  337  661.00000  221.00000  66.6%   3.8 1640s
 5545511 5129133  441.00000  240  179  661.00000  221.00000  66.6%   3.8 1645s
 5558551 5141406  441.00000  211  275  661.00000  221.00000  66.6%   3.8 1650s
 5576445 5158227  441.00000  110  434  661.00000  221.00000  66.6%   3.8 1655s
 5594529 5174111  441.00000  288  117  661.00000  221.00000  66.6%   3.8 1660s
 5609969 5189206  441.00000  155  373  661.00000  221.00000  66.6%   3.8 1665s
 5627931 5205040  441.00000  242  168  661.00000  221.00000  66.6%   3.8 1670s
 5644738 5221314  441.00000  140  390  661.00000  221.00000  66.6%   3.8 1675s
 5659073 5234637  441.00000   93  461  661.00000  221.00000  66.6%   3.8 1680s
 5677318 5251402  441.00000  270  130  661.00000  221.00000  66.6%   3.8 1685s
 5693445 5266442  441.00000  289  111  661.00000  221.00000  66.6%   3.8 1690s
 5709235 5287726 infeasible  340       661.00000  221.00000  66.6%   3.8 1697s
 5723791 5294743  441.00000   64  509  661.00000  221.00000  66.6%   3.8 1700s
 5738522 5308295  441.00000  100  457  661.00000  221.00000  66.6%   3.8 1705s
 5757163 5325629  441.00000  133  390  661.00000  221.00000  66.6%   3.8 1710s
 5769919 5337709  441.00000  202  305  661.00000  221.00000  66.6%   3.8 1715s
 5789026 5355060  441.00000  128  405  661.00000  221.00000  66.6%   3.8 1720s
 5805525 5370426  441.00000  322   88  661.00000  221.00000  66.6%   3.8 1725s
 5820419 5384288  441.00000  292  112  661.00000  221.00000  66.6%   3.8 1730s
 5837798 5400195  441.00000  328   47  661.00000  221.00000  66.6%   3.8 1735s
 5855839 5416473  441.00000  178  347  661.00000  221.00000  66.6%   3.8 1740s
 5873026 5432609  441.00000  332   50  661.00000  221.00000  66.6%   3.8 1745s
 5886802 5451091  441.00000  182  326  661.00000  221.00000  66.6%   3.8 1751s
 5907451 5464821  441.00000  211  282  661.00000  221.00000  66.6%   3.8 1755s
 5922780 5479048  441.00000  105  433  661.00000  221.00000  66.6%   3.8 1760s
 5941520 5496407  441.00000  128  399  661.00000  221.00000  66.6%   3.8 1765s
 5955922 5509747  441.00000  218  248  661.00000  221.00000  66.6%   3.8 1770s
 5975167 5527580  441.00000  108  434  661.00000  221.00000  66.6%   3.8 1775s
 5988452 5539869  441.00000  103  433  661.00000  221.00000  66.6%   3.8 1780s
 6006025 5556177  441.00000  120  415  661.00000  221.00000  66.6%   3.8 1785s
 6023847 5571776  441.00000  167  350  661.00000  221.00000  66.6%   3.8 1790s
 6036253 5584143  441.00000  220  254  661.00000  221.00000  66.6%   3.8 1795s
 6053469 5599877  441.00000  284  120  661.00000  221.00000  66.6%   3.8 1800s

Cutting planes:
  MIR: 2

Explored 6054158 nodes (23094439 simplex iterations) in 1800.04 seconds (1836.03 work units)
Thread count was 8 (of 8 available processors)

Solution count 2: 661 662 

Time limit reached
Best objective 6.610000000000e+02, best bound 2.210000000000e+02, gap 66.5658%
! --------------------------------------------------------
! Status: FEASIBLE (time limit reached)
! Best span = 661
! Labeling: 1 1 1 661 1 441 1 1 661 1 1 1 221 1 1 221 1 1 221 1 441 661 1 221 1 1 661 1 661 1 661 661 1 441 661 441 441 1 1 1 441 1 1 221 221 661 1 1 1 661 661 221 1 661 1 441 661 1 1 661 1 661 1 441 661 1 661 1 1 661 441 1 661 1 221 1 661 661 441 221 1 1 661 661 661 441 1 221 661 441 1 661 661 1 221 441 1 1 1 1 661 441 1 441 661 221 1 441 1 661 1 1 661 1 1 661 441 1 661 441 441 1 661 221 1 1 441 661 441 441 661 1 1 1 441 1 1 441 441 441 661 221 1 661 661 441 661 221 441 1 661 1 661 661 661 1 661 221 1 441 661 441 221 221 1 1 221 661 1 221 1 221 441 1 441 661 221 441 1 1 221 221 1 661 661 1 661 441 1 441 661 661 441 221 661 221 661 1 661 221 661 1 661 441 661 661 661 1 661 661 661 661 1 1 441 441 1 441 1 661 331 1 1 661 221 441 661 1 441 1 441 1 441 661 1 1 1 661 441 661 1 1 221 221 661 1 1 1 661 661 441 221 221 1 661 221 441 661 221 661 1 661 661 221 441 441 661 1 221 1 441 661 661 1 661 441 1 661 441 661 1 1 661 1 1 661 221 221 661 661 441 441 441 1 661 441 1 221 661 661 661 441 661 1 1 661 661 1 661 661 441 661 441 1 661 661 661 441 221 1 1 661 441 1 441 441 221 661 1 661 441 1 441 661 1 441 1 221 441 1 441 661 661 221 221 221 1 661 1 221 441 661 661 1 661 661 441 661 1 1 1 1 441 221 221 441 221 661 1 661 221 1 441 661 1 441 661 221 441 1 661 441 441 441 441 1 441 661 661 661 1 1 661 221 661 661 661 661 661 661 441 1 661 1 661 1 1 661 441 221 661 1 221 221 441 661 661 1 221 441 1 661 1 1 221 661 661 441 1 1 661 1 1 1 661 661 441 661 661 1 221 1 661 441 221 661 661 221 661 661 441 661 441 441 1 1 661 1 661 1 221 661 661 441 221 441 221 661 441 221 441 221 221 441 221 441 661 661 221 441 441 661 1 221 221 661 1 221 441 221 1 661 661 441 1 661 221 221 661 221 221 221 661 441 661 441 1 221 661 661 661 221 661 661 661 661 661 661 441 221 661 661 661 661 221 441 661 1 221 1 661 661 1 1 661 221 661 1 441 661 221 441 441 661 1 661 441 441 441 221 661 661 221 221 661 441 441 441 441 441 1 441 441 661 1 661 441 221 441 1 441 661 661 441 221 221 221 661 441 661 441 441 441 1 661 661 221 441 441 661 221 221 441 221 441 661 661 661 1 661 1 221 441 1 661 1 221 1 441 221 661 661 221 661 661 1 1 441 661 1 441 1 221 221 221 221 441 221 661 661 1 221 661 661 1 221 221 661 441 1 441 661 661 1 661 661 1 221 661 441 1 661 661 1 221 661 221 661 661 441 441 441 
! --------------------------------------------------------
! All verification passed
