! Solving for graph /home/truongxuanhieu/Gurobi-for-MinSpanLabeling/benchmarks/abp/W-685_bus.mtx.rnd
! Target value is set to 136
! Lower bound is set to 137
! Upper bound is set to 685
! Time limit is set to 1800
! Vertices mode is set to Has hole
! Target value mode is set to Antibandwidth
Set parameter WLSAccessID
Set parameter WLSSecret
Set parameter LicenseID to value 2663665
Academic license 2663665 - for non-commercial use only - registered to tu___@vnu.edu.vn
Set parameter OutputFlag to value 1
Set parameter TimeLimit to value 1800
Gurobi Optimizer version 13.0.2 build v13.0.2rc1 (linux64 - "Debian GNU/Linux 12 (bookworm)")

CPU model: AMD EPYC 7B12, instruction set [SSE2|AVX|AVX2]
Thread count: 4 physical cores, 8 logical processors, using up to 8 threads

Non-default parameters:
TimeLimit  1800

Academic license 2663665 - for non-commercial use only - registered to tu___@vnu.edu.vn
Optimize a model with 2567 rows, 473160 columns and 6499 nonzeros (Min)
Model fingerprint: 0x5f959ea7
Model has 1 linear objective coefficients
Model has 2652 simple general constraints
  1282 ABS, 1370 INDICATOR
Variable types: 0 continuous, 473160 integer (469910 binary)
Coefficient statistics:
  Matrix range     [1e+00, 1e+00]
  Objective range  [1e+00, 1e+00]
  Bounds range     [1e+00, 7e+02]
  RHS range        [1e+00, 3e+02]
  GenCon rhs range [1e+00, 1e+00]
  GenCon coe range [1e+00, 1e+00]

Presolve added 6760 rows and 0 columns
Presolve removed 0 rows and 463236 columns
Presolve time: 0.10s
Presolved: 9327 rows, 9924 columns, 24553 nonzeros
Presolved model has 1282 SOS constraint(s)
Variable types: 0 continuous, 9924 integer (2740 binary)
Found heuristic solution: objective 685.0000000
Found heuristic solution: objective 684.0000000
Performing another presolve...
Presolve removed 4707 rows and 4707 columns
Presolve time: 0.04s

Root relaxation: objective 1.370000e+02, 3296 iterations, 0.01 seconds (0.01 work units)

    Nodes    |    Current Node    |     Objective Bounds      |     Work
 Expl Unexpl |  Obj  Depth IntInf | Incumbent    BestBd   Gap | It/Node Time

     0     0  137.00000    0  849  684.00000  137.00000  80.0%     -    0s
H    0     0                     682.0000000  137.00000  79.9%     -    0s
     0     0  137.00000    0  849  682.00000  137.00000  79.9%     -    0s
H    0     0                     681.0000000  137.00000  79.9%     -    0s
     0     2  137.00000    0  849  681.00000  137.00000  79.9%     -    0s
  7295  5662  545.00000  299  458  681.00000  137.00000  79.9%   2.7    5s
 14981 11915  409.00000  117  694  681.00000  137.00000  79.9%   2.7   10s
 33237 28426  409.00000  151  630  681.00000  273.00000  59.9%   2.6   15s
 51254 44916  545.00000  219  552  681.00000  273.00000  59.9%   2.6   20s
 70349 62215  409.00000  161  627  681.00000  273.00000  59.9%   2.6   25s
 87868 77936  409.00000  142  634  681.00000  273.00000  59.9%   2.6   30s
 105792 94160  545.00000  184  600  681.00000  273.00000  59.9%   2.6   35s
 123666 110299  545.00000  281  473  681.00000  273.00000  59.9%   2.6   40s
 140349 124862  545.00000  142  645  681.00000  273.00000  59.9%   2.6   45s
 155504 138922  409.00000  126  671  681.00000  273.00000  59.9%   2.6   50s
 173573 155424  545.00000  264  502  681.00000  273.00000  59.9%   2.7   55s
 191308 171753  545.00000  200  585  681.00000  273.00000  59.9%   2.7   60s
 207907 186441  545.00000  276  484  681.00000  273.00000  59.9%   2.7   65s
 224052 200879  409.00000  134  679  681.00000  273.00000  59.9%   2.7   70s
 241162 216604  409.00000  101  710  681.00000  273.00000  59.9%   2.7   75s
 258281 231931  545.00000  179  605  681.00000  273.00000  59.9%   2.7   80s
 270706 243150  545.00000  239  520  681.00000  273.00000  59.9%   2.7   85s
 288075 258611  545.00000  209  567  681.00000  273.00000  59.9%   2.7   90s
 304469 273528  545.00000  124  678  681.00000  273.00000  59.9%   2.7   95s
 321336 288609  409.00000  127  677  681.00000  273.00000  59.9%   2.7  100s
 336633 302374  545.00000  205  564  681.00000  273.00000  59.9%   2.7  105s
 355113 319240  545.00000  289  468  681.00000  273.00000  59.9%   2.7  110s
 373842 336032  545.00000  235  532  681.00000  273.00000  59.9%   2.7  115s
 391698 351826  409.00000  156  629  681.00000  273.00000  59.9%   2.7  120s
 407534 366329  545.00000  244  521  681.00000  273.00000  59.9%   2.7  125s
 425396 382334  273.00000  109  698  681.00000  273.00000  59.9%   2.7  130s
 438993 394763  545.00000  184  608  681.00000  273.00000  59.9%   2.7  135s
 456537 410459  545.00000  175  615  681.00000  273.00000  59.9%   2.7  140s
 472822 424892  545.00000  266  496  681.00000  273.00000  59.9%   2.7  145s
 489711 440512  545.00000  242  522  681.00000  273.00000  59.9%   2.7  150s
 504175 453120  409.00000  117  687  681.00000  273.00000  59.9%   2.7  155s
 517500 465626  545.00000  195  588  681.00000  273.00000  59.9%   2.7  160s
 533583 480037  545.00000  248  520  681.00000  273.00000  59.9%   2.7  165s
 551726 495901  409.00000  159  629  681.00000  273.00000  59.9%   2.7  170s
 565075 508334  545.00000  211  572  681.00000  273.00000  59.9%   2.7  175s
 581518 522759  545.00000  283  472  681.00000  273.00000  59.9%   2.7  180s
 598616 538531  545.00000  258  521  681.00000  273.00000  59.9%   2.7  185s
 617473 555582  409.00000  132  658  681.00000  273.00000  59.9%   2.7  190s
 636588 572750  409.00000  164  626  681.00000  273.00000  59.9%   2.7  195s
 654872 589037  545.00000  298  467  681.00000  273.00000  59.9%   2.7  200s
 673628 605993  409.00000  119  678  681.00000  273.00000  59.9%   2.7  205s
 681646 619699  409.00000  130  672  681.00000  273.00000  59.9%   2.7  210s
 707483 636303  410.00000  107  699  681.00000  273.00000  59.9%   2.7  215s
 727080 654055  545.00000  316  431  681.00000  273.00000  59.9%   2.7  220s
 745259 670775  545.00000  169  614  681.00000  273.00000  59.9%   2.7  225s
 759951 683872  545.00000  249  501  681.00000  273.00000  59.9%   2.7  230s
 779067 701106  545.00000  234  528  681.00000  273.00000  59.9%   2.7  235s
 796747 717375  545.00000  174  612  681.00000  273.00000  59.9%   2.7  240s
 813217 732380  545.00000  171  608  681.00000  273.00000  59.9%   2.7  245s
 831636 748693  409.00000  120  677  681.00000  273.00000  59.9%   2.7  250s
 849954 765491  545.00000  231  535  681.00000  273.00000  59.9%   2.7  255s
 868948 782599  546.00000  121  690  681.00000  273.00000  59.9%   2.7  260s
 884554 797178  545.00000  202  581  681.00000  273.00000  59.9%   2.7  265s
 902105 812041  545.00000  293  450  681.00000  273.00000  59.9%   2.7  270s
 919517 828482  409.00000  162  627  681.00000  273.00000  59.9%   2.7  275s
 938173 845349  545.00000  310  441  681.00000  273.00000  59.9%   2.7  280s
 955736 861314  545.00000  157  624  681.00000  273.00000  59.9%   2.7  285s
 974017 877849  545.00000  255  522  681.00000  273.00000  59.9%   2.7  290s
 988898 891385  409.00000  124  694  681.00000  273.00000  59.9%   2.7  295s
 1006238 906834  545.00000  173  623  681.00000  273.00000  59.9%   2.7  300s
 1024423 923361  545.00000  270  490  681.00000  273.00000  59.9%   2.7  305s
 1034601 932609  545.00000  307  445  681.00000  273.00000  59.9%   2.7  310s
 1049884 945936  545.00000  304  455  681.00000  273.00000  59.9%   2.7  315s
 1068652 963124  545.00000  274  490  681.00000  273.00000  59.9%   2.7  320s
 1083729 976653  545.00000  184  617  681.00000  273.00000  59.9%   2.7  325s
 1100311 991710  545.00000  269  489  681.00000  273.00000  59.9%   2.7  330s
 1117913 1007469 infeasible  171       681.00000  273.00000  59.9%   2.7  335s
 1136687 1024457  409.00000  111  697  681.00000  273.00000  59.9%   2.7  340s
 1154431 1039937  409.00000  108  704  681.00000  273.00000  59.9%   2.7  345s
 1172880 1057068  409.00000  160  626  681.00000  273.00000  59.9%   2.7  350s
 1188920 1070747  545.00000  277  479  681.00000  273.00000  59.9%   2.7  355s
 1204232 1084916  409.00000  114  703  681.00000  273.00000  59.9%   2.7  360s
 1222965 1102154  545.00000  241  537  681.00000  273.00000  59.9%   2.7  365s
 1240651 1117950  273.00000  124  671  681.00000  273.00000  59.9%   2.7  370s
 1259236 1134895  545.00000  289  473  681.00000  273.00000  59.9%   2.7  375s
 1277750 1151535  545.00000  310  456  681.00000  273.00000  59.9%   2.7  380s
 1297381 1169193  545.00000  186  604  681.00000  273.00000  59.9%   2.7  385s
 1311946 1181781  545.00000  177  620  681.00000  273.00000  59.9%   2.7  390s
 1328097 1196767  545.00000  261  517  681.00000  273.00000  59.9%   2.7  395s
 1347073 1213848  545.00000  260  503  681.00000  273.00000  59.9%   2.7  400s
 1365546 1230392  545.00000  162  626  681.00000  273.00000  59.9%   2.7  405s
 1384317 1247219  545.00000  242  536  681.00000  273.00000  59.9%   2.7  410s
 1402559 1263729  545.00000  177  617  681.00000  273.00000  59.9%   2.7  415s
 1419256 1278415  409.00000  175  620  681.00000  273.00000  59.9%   2.7  420s
 1437568 1295116  545.00000  242  538  681.00000  273.00000  59.9%   2.7  425s
 1455320 1311024  273.00000  124  684  681.00000  273.00000  59.9%   2.7  430s
 1472755 1326554  546.00000  178  618  681.00000  273.00000  59.9%   2.7  435s
 1490184 1342548  545.00000  221  557  681.00000  273.00000  59.9%   2.7  440s
 1505469 1356532  545.00000  235  539  681.00000  273.00000  59.9%   2.7  445s
 1525416 1374296  545.00000  256  505  681.00000  273.00000  59.9%   2.7  450s
 1543608 1390482  545.00000  254  515  681.00000  273.00000  59.9%   2.7  455s
 1561802 1407034  545.00000  179  620  681.00000  273.00000  59.9%   2.7  460s
 1579955 1423089  545.00000  232  542  681.00000  273.00000  59.9%   2.7  465s
 1597575 1439070  545.00000  218  567  681.00000  273.00000  59.9%   2.7  470s
 1611391 1450517  409.00000  118  686  681.00000  273.00000  59.9%   2.7  475s
 1626771 1465266  545.00000  328  432  681.00000  273.00000  59.9%   2.7  480s
 1640915 1478378  545.00000  214  571  681.00000  273.00000  59.9%   2.7  485s
 1659268 1494292  545.00000  158  641  681.00000  273.00000  59.9%   2.7  490s
 1677226 1510653  545.00000  282  473  681.00000  273.00000  59.9%   2.7  495s
 1695018 1526589  409.00000  166  629  681.00000  273.00000  59.9%   2.7  500s
 1713610 1542985  545.00000  320  432  681.00000  273.00000  59.9%   2.7  505s
 1728149 1556576  545.00000  271  485  681.00000  273.00000  59.9%   2.7  510s
 1746359 1572683  545.00000  194  588  681.00000  273.00000  59.9%   2.7  515s
 1762723 1587433  545.00000  140  666  681.00000  273.00000  59.9%   2.7  520s
 1781475 1604224  409.00000  133  676  681.00000  273.00000  59.9%   2.7  525s
 1799747 1620858  545.00000  248  517  681.00000  273.00000  59.9%   2.7  530s
 1815423 1634957  410.00000  126  676  681.00000  273.00000  59.9%   2.7  535s
 1833821 1651312  545.00000  267  499  681.00000  273.00000  59.9%   2.7  540s
 1851232 1666607  409.00000  170  623  681.00000  273.00000  59.9%   2.7  545s
 1866810 1681147  545.00000  269  493  681.00000  273.00000  59.9%   2.7  550s
 1884442 1697251  409.00000  150  642  681.00000  273.00000  59.9%   2.7  555s
 1902697 1713836  545.00000  180  615  681.00000  273.00000  59.9%   2.7  560s
 1919786 1729196  545.00000  299  463  681.00000  273.00000  59.9%   2.6  565s
 1935171 1742742  545.00000  158  630  681.00000  273.00000  59.9%   2.6  570s
 1948348 1754867  545.00000  301  449  681.00000  273.00000  59.9%   2.6  575s
 1966346 1771130  545.00000  155  631  681.00000  273.00000  59.9%   2.6  580s
 1984341 1787023 infeasible  309       681.00000  273.00000  59.9%   2.6  585s
 2001036 1802022  409.00000  105  715  681.00000  273.00000  59.9%   2.6  590s
 2017529 1817166  545.00000  316  446  681.00000  273.00000  59.9%   2.6  595s
 2030322 1828727  409.00000  142  647  681.00000  273.00000  59.9%   2.6  600s
 2039793 1837386  545.00000  173  619  681.00000  273.00000  59.9%   2.6  605s
 2048845 1846074  545.00000  266  502  681.00000  273.00000  59.9%   2.6  610s
 2058611 1854499  545.00000  151  645  681.00000  273.00000  59.9%   2.6  615s
 2068275 1863037  545.00000  300  450  681.00000  273.00000  59.9%   2.6  620s
 2078557 1872323 infeasible  141       681.00000  273.00000  59.9%   2.6  625s
 2088023 1881068  545.00000  198  590  681.00000  273.00000  59.9%   2.6  630s
 2097842 1889430  273.00000  121  685  681.00000  273.00000  59.9%   2.6  635s
 2106204 1897164 infeasible  326       681.00000  273.00000  59.9%   2.6  640s
 2115752 1905924  545.00000  247  519  681.00000  273.00000  59.9%   2.6  645s
 2125617 1914573  409.00000  127  679  681.00000  273.00000  59.9%   2.6  650s
 2135519 1923383  545.00000  254  515  681.00000  273.00000  59.9%   2.6  655s
 2144099 1930749  409.00000  118  696  681.00000  273.00000  59.9%   2.6  660s
 2152763 1939095  273.00000   72  767  681.00000  273.00000  59.9%   2.6  665s
 2162627 1947799  409.00000  138  648  681.00000  273.00000  59.9%   2.6  670s
 2171992 1956306  409.00000  166  623  681.00000  273.00000  59.9%   2.6  675s
 2181663 1965016  545.00000  264  499  681.00000  273.00000  59.9%   2.6  680s
 2188988 1971425  545.00000  271  489  681.00000  273.00000  59.9%   2.6  685s
 2197622 1979556  545.00000  329  427  681.00000  273.00000  59.9%   2.6  690s
 2206846 1987688  545.00000  299  464  681.00000  273.00000  59.9%   2.6  695s
 2216012 1995976  545.00000  172  621  681.00000  273.00000  59.9%   2.7  700s
 2222427 2001856  409.00000  128  682  681.00000  273.00000  59.9%   2.7  705s
 2230640 2009225  546.00000  164  633  681.00000  273.00000  59.9%   2.7  710s
 2240055 2017674  545.00000  277  497  681.00000  273.00000  59.9%   2.7  715s
 2249477 2026294  545.00000  324  444  681.00000  273.00000  59.9%   2.7  720s
 2258358 2034347  545.00000  189  618  681.00000  273.00000  59.9%   2.7  725s
 2265226 2040610  545.00000  223  568  681.00000  273.00000  59.9%   2.7  730s
 2274765 2049091  545.00000  126  682  681.00000  273.00000  59.9%   2.7  735s
 2283283 2056683  409.00000  132  673  681.00000  273.00000  59.9%   2.7  740s
 2292839 2065327  545.00000  270  490  681.00000  273.00000  59.9%   2.7  745s
 2301489 2073180  545.00000  307  453  681.00000  273.00000  59.9%   2.7  750s
 2310088 2080771  409.00000  117  697  681.00000  273.00000  59.9%   2.7  755s
 2319354 2089127  545.00000  136  674  681.00000  273.00000  59.9%   2.7  760s
 2327790 2096785  545.00000  224  541  681.00000  273.00000  59.9%   2.7  765s
 2336292 2104396  545.00000  299  463  681.00000  273.00000  59.9%   2.7  770s
 2345532 2112703  545.00000  290  477  681.00000  273.00000  59.9%   2.7  775s
 2353806 2120249  409.00000  119  699  681.00000  273.00000  59.9%   2.7  780s
 2363182 2128118  409.00000  178  615  681.00000  273.00000  59.9%   2.6  785s
 2369575 2133925 infeasible  170       681.00000  273.00000  59.9%   2.7  790s
 2382319 2145789  409.00000  148  656  681.00000  273.00000  59.9%   2.7  795s
 2401329 2162590  409.00000  133  677  681.00000  273.00000  59.9%   2.7  800s
 2419902 2179149  545.00000  279  482  681.00000  273.00000  59.9%   2.6  805s
 2436380 2194284  409.00000  164  633  681.00000  273.00000  59.9%   2.7  810s
 2453508 2209381  545.00000  241  530  681.00000  273.00000  59.9%   2.7  815s
 2470669 2224372  409.00000  132  681  681.00000  273.00000  59.9%   2.7  820s
 2485239 2238020  545.00000  173  623  681.00000  273.00000  59.9%   2.7  825s
 2502167 2253320 infeasible  331       681.00000  273.00000  59.9%   2.7  830s
 2519224 2268763  545.00000  190  589  681.00000  273.00000  59.9%   2.7  835s
 2536373 2284055  545.00000  295  458  681.00000  273.00000  59.9%   2.7  840s
 2552432 2298269  545.00000  298  471  681.00000  273.00000  59.9%   2.7  845s
 2569286 2313453  545.00000  175  625  681.00000  273.00000  59.9%   2.7  850s
 2587994 2330181  409.00000  136  678  681.00000  273.00000  59.9%   2.7  855s
 2602762 2343548  545.00000  258  515  681.00000  273.00000  59.9%   2.7  860s
 2622613 2361308  545.00000  138  679  681.00000  273.00000  59.9%   2.7  865s
 2640408 2377056  545.00000  242  536  681.00000  273.00000  59.9%   2.7  870s
 2656886 2391509  545.00000  229  542  681.00000  273.00000  59.9%   2.7  875s
 2672559 2405802  545.00000  238  547  681.00000  273.00000  59.9%   2.7  880s
 2686113 2417927  545.00000  292  483  681.00000  273.00000  59.9%   2.7  885s
 2704022 2433877  545.00000  129  685  681.00000  273.00000  59.9%   2.7  890s
 2723489 2451307  409.00000  151  638  681.00000  273.00000  59.9%   2.7  895s
 2742153 2468193  545.00000  299  476  681.00000  273.00000  59.9%   2.7  900s
 2760089 2484570  409.00000  143  660  681.00000  273.00000  59.9%   2.7  905s
 2777293 2499816  409.00000  135  673  681.00000  273.00000  59.9%   2.7  910s
 2796283 2516961  545.00000  310  454  681.00000  273.00000  59.9%   2.7  915s
 2814687 2533490  545.00000  208  584  681.00000  273.00000  59.9%   2.7  920s
 2832508 2549544  545.00000  180  619  681.00000  273.00000  59.9%   2.7  925s
 2847653 2563069  409.00000  144  668  681.00000  273.00000  59.9%   2.7  930s
 2863721 2577426  409.00000  150  641  681.00000  273.00000  59.9%   2.7  935s
 2882768 2594426  273.00000  107  716  681.00000  273.00000  59.9%   2.7  940s
 2901049 2611326  545.00000  176  614  681.00000  273.00000  59.9%   2.7  945s
 2919332 2627497 infeasible  334       681.00000  273.00000  59.9%   2.7  950s
 2938318 2644490  409.00000  122  698  681.00000  273.00000  59.9%   2.7  955s
 2953045 2664632  409.00000  123  680  681.00000  273.00000  59.9%   2.7  962s
 2970396 2673475  545.00000  151  658  681.00000  273.00000  59.9%   2.7  965s
 2988173 2689667  545.00000  280  485  681.00000  273.00000  59.9%   2.7  970s
 3005951 2705577  409.00000  162  634  681.00000  273.00000  59.9%   2.7  975s
 3024702 2722638  545.00000  289  469  681.00000  273.00000  59.9%   2.7  980s
 3042691 2738699  545.00000  238  539  681.00000  273.00000  59.9%   2.7  985s
 3062164 2756311  545.00000  265  517  681.00000  273.00000  59.9%   2.7  990s
 3075208 2768021  545.00000  307  451  681.00000  273.00000  59.9%   2.7  995s
 3095196 2786092  545.00000  219  567  681.00000  273.00000  59.9%   2.7 1000s
 3114099 2803189  409.00000  161  629  681.00000  273.00000  59.9%   2.7 1005s
 3132493 2819685  545.00000  276  485  681.00000  273.00000  59.9%   2.7 1010s
 3146048 2832046  545.00000  220  568  681.00000  273.00000  59.9%   2.7 1015s
 3164720 2848583  273.00000  131  675  681.00000  273.00000  59.9%   2.7 1020s
 3179498 2862059 infeasible  337       681.00000  273.00000  59.9%   2.7 1025s
 3197613 2878636  545.00000  245  529  681.00000  273.00000  59.9%   2.7 1030s
 3216508 2895409  409.00000  184  618  681.00000  273.00000  59.9%   2.7 1035s
 3232250 2909879  409.00000  134  662  681.00000  273.00000  59.9%   2.7 1040s
 3252042 2927524  545.00000  259  502  681.00000  273.00000  59.9%   2.7 1045s
 3270334 2943756  545.00000  130  673  681.00000  273.00000  59.9%   2.7 1050s
 3287914 2959954  545.00000  215  580  681.00000  273.00000  59.9%   2.7 1055s
 3304612 2974936  545.00000  284  490  681.00000  273.00000  59.9%   2.7 1060s
 3322396 2991007  545.00000  246  531  681.00000  273.00000  59.9%   2.7 1065s
 3340524 3007260  409.00000  157  644  681.00000  273.00000  59.9%   2.7 1070s
 3359762 3024259  409.00000  138  662  681.00000  273.00000  59.9%   2.7 1075s
 3378195 3041104  545.00000  299  459  681.00000  273.00000  59.9%   2.7 1080s
 3393757 3055270  545.00000  265  491  681.00000  273.00000  59.9%   2.7 1085s
 3411827 3071214  409.00000  114  696  681.00000  273.00000  59.9%   2.7 1090s
 3430781 3088448  545.00000  289  471  681.00000  273.00000  59.9%   2.7 1095s
 3449101 3105059  545.00000  269  493  681.00000  273.00000  59.9%   2.7 1100s
 3465903 3119756  409.00000  182  619  681.00000  273.00000  59.9%   2.7 1105s
 3484737 3136662  409.00000  127  693  681.00000  273.00000  59.9%   2.7 1110s
 3501869 3158466  545.00000  169  623  681.00000  273.00000  59.9%   2.7 1117s
 3516691 3165502  409.00000  136  669  681.00000  273.00000  59.9%   2.7 1120s
 3535351 3182409  409.00000  114  702  681.00000  273.00000  59.9%   2.7 1125s
 3554703 3199914  409.00000  137  672  681.00000  273.00000  59.9%   2.7 1130s
 3572998 3216170  409.00000  167  631  681.00000  273.00000  59.9%   2.7 1135s
 3592532 3233649  409.00000  119  684  681.00000  273.00000  59.9%   2.7 1140s
 3610944 3250235  545.00000  328  431  681.00000  273.00000  59.9%   2.7 1145s
 3626462 3264406  545.00000  294  462  681.00000  273.00000  59.9%   2.7 1150s
 3644948 3281046  545.00000  189  596  681.00000  273.00000  59.9%   2.7 1155s
 3662330 3296395  409.00000  159  635  681.00000  273.00000  59.9%   2.7 1160s
 3678936 3311700  545.00000  236  536  681.00000  273.00000  59.9%   2.7 1165s
 3695747 3326761  545.00000  324  432  681.00000  273.00000  59.9%   2.7 1170s
 3712408 3341685  545.00000  277  472  681.00000  273.00000  59.9%   2.7 1175s
 3726468 3355118  545.00000  322  427  681.00000  273.00000  59.9%   2.7 1180s
 3742509 3369013  545.00000  303  458  681.00000  273.00000  59.9%   2.7 1185s
 3754910 3381077  545.00000  247  517  681.00000  273.00000  59.9%   2.7 1190s
 3769825 3393385  273.00000  135  678  681.00000  273.00000  59.9%   2.7 1195s
 3787076 3408859  409.00000  149  633  681.00000  273.00000  59.9%   2.7 1200s
 3805314 3425301  545.00000  240  537  681.00000  273.00000  59.9%   2.7 1205s
 3822178 3440384  545.00000  111  711  681.00000  273.00000  59.9%   2.7 1210s
 3841109 3457543  409.00000  151  633  681.00000  273.00000  59.9%   2.7 1215s
 3860059 3474881  545.00000  304  471  681.00000  273.00000  59.9%   2.7 1220s
 3875834 3489457  409.00000  148  656  681.00000  273.00000  59.9%   2.7 1225s
 3894075 3505124  409.00000  133  684  681.00000  273.00000  59.9%   2.7 1230s
 3912299 3521536  273.00000  118  701  681.00000  273.00000  59.9%   2.7 1235s
 3931246 3538817  545.00000  245  535  681.00000  273.00000  59.9%   2.7 1240s
 3946951 3553164  409.00000  117  699  681.00000  273.00000  59.9%   2.7 1245s
 3966235 3569736  545.00000  276  501  681.00000  273.00000  59.9%   2.7 1250s
 3981696 3584307  545.00000  320  445  681.00000  273.00000  59.9%   2.7 1255s
 4001359 3601971  409.00000  147  651  681.00000  273.00000  59.9%   2.7 1260s
 4015700 3614989  545.00000  296  464  681.00000  273.00000  59.9%   2.7 1265s
 4032635 3630438  545.00000  186  602  681.00000  273.00000  59.9%   2.7 1270s
 4051089 3646675  545.00000  169  620  681.00000  273.00000  59.9%   2.7 1275s
 4069716 3663362  545.00000  174  617  681.00000  273.00000  59.9%   2.7 1280s
 4085035 3677276  545.00000  165  630  681.00000  273.00000  59.9%   2.7 1285s
 4103918 3694512  545.00000  162  635  681.00000  273.00000  59.9%   2.7 1290s
 4122266 3710937  545.00000  157  629  681.00000  273.00000  59.9%   2.7 1295s
 4136804 3724002  545.00000  151  653  681.00000  273.00000  59.9%   2.7 1300s
 4155785 3740878  409.00000  146  655  681.00000  273.00000  59.9%   2.7 1305s
 4175277 3758566  273.00000   97  726  681.00000  273.00000  59.9%   2.7 1310s
 4192576 3774047  545.00000  217  558  681.00000  273.00000  59.9%   2.7 1315s
 4210274 3790147  409.00000  137  675  681.00000  273.00000  59.9%   2.7 1320s
 4229157 3807189  545.00000  259  518  681.00000  273.00000  59.9%   2.7 1325s
 4247158 3823397  545.00000  254  519  681.00000  273.00000  59.9%   2.7 1330s
 4264021 3838596  545.00000  290  477  681.00000  273.00000  59.9%   2.7 1335s
 4283098 3855736  409.00000  139  669  681.00000  273.00000  59.9%   2.7 1340s
 4302624 3872996  409.00000  164  634  681.00000  273.00000  59.9%   2.7 1345s
 4319678 3888660  409.00000  187  621  681.00000  273.00000  59.9%   2.7 1350s
 4332925 3900253  545.00000  234  543  681.00000  273.00000  59.9%   2.7 1355s
 4345834 3912023  273.00000  121  675  681.00000  273.00000  59.9%   2.7 1360s
 4360853 3925775  545.00000  255  510  681.00000  273.00000  59.9%   2.7 1365s
 4373306 3936781  545.00000  311  443  681.00000  273.00000  59.9%   2.7 1370s
 4391719 3952908  545.00000  274  484  681.00000  273.00000  59.9%   2.7 1375s
 4409853 3969290  545.00000  326  430  681.00000  273.00000  59.9%   2.7 1380s
 4428333 3986105  545.00000  314  447  681.00000  273.00000  59.9%   2.7 1385s
 4445702 4001542  545.00000  272  490  681.00000  273.00000  59.9%   2.7 1390s
 4460551 4015284  545.00000  191  605  681.00000  273.00000  59.9%   2.7 1395s
 4478585 4031190  273.00000  126  689  681.00000  273.00000  59.9%   2.7 1400s
 4496665 4047495  545.00000  171  626  681.00000  273.00000  59.9%   2.7 1405s
 4514839 4063333  409.00000  129  655  681.00000  273.00000  59.9%   2.7 1410s
 4530594 4078048  409.00000  146  650  681.00000  273.00000  59.9%   2.7 1415s
 4549631 4095001  545.00000  233  534  681.00000  273.00000  59.9%   2.7 1420s
 4568307 4111607  545.00000  294  464  681.00000  273.00000  59.9%   2.7 1425s
 4587356 4128952  409.00000  166  628  681.00000  273.00000  59.9%   2.7 1430s
 4600141 4142079  545.00000  230  550  681.00000  273.00000  59.9%   2.7 1435s
 4619223 4157551  545.00000  223  556  681.00000  273.00000  59.9%   2.7 1440s
 4636888 4173098  545.00000  301  467  681.00000  273.00000  59.9%   2.7 1445s
 4654432 4188674  545.00000  133  682  681.00000  273.00000  59.9%   2.7 1450s
 4673340 4205786  545.00000  219  568  681.00000  273.00000  59.9%   2.7 1455s
 4692063 4222418  409.00000  152  631  681.00000  273.00000  59.9%   2.7 1460s
 4711089 4239758  545.00000  248  529  681.00000  273.00000  59.9%   2.7 1465s
 4728159 4255091  545.00000  250  520  681.00000  273.00000  59.9%   2.7 1470s
 4745629 4270838  545.00000  249  530  681.00000  273.00000  59.9%   2.7 1475s
 4764661 4288023  545.00000  215  553  681.00000  273.00000  59.9%   2.7 1480s
 4783756 4304905  409.00000  143  644  681.00000  273.00000  59.9%   2.7 1485s
 4799431 4319398  545.00000  317  448  681.00000  273.00000  59.9%   2.7 1490s
 4816094 4334261  545.00000  228  539  681.00000  273.00000  59.9%   2.7 1495s
 4834485 4350464  545.00000  184  604  681.00000  273.00000  59.9%   2.7 1500s
 4852967 4367015  545.00000  324  440  681.00000  273.00000  59.9%   2.7 1505s
 4870930 4383049  545.00000  114  693  681.00000  273.00000  59.9%   2.7 1510s
 4887427 4397210  545.00000  236  536  681.00000  273.00000  59.9%   2.7 1515s
 4903256 4412312  545.00000  240  523  681.00000  273.00000  59.9%   2.7 1520s
 4921475 4428480  545.00000  283  484  681.00000  273.00000  59.9%   2.7 1525s
 4939468 4444753  545.00000  248  507  681.00000  273.00000  59.9%   2.7 1530s
 4957276 4460690  409.00000  170  620  681.00000  273.00000  59.9%   2.7 1535s
 4974385 4475998  409.00000  159  630  681.00000  273.00000  59.9%   2.7 1540s
 4985798 4486279  409.00000  122  679  681.00000  273.00000  59.9%   2.7 1545s
 5002519 4502078  545.00000  177  617  681.00000  273.00000  59.9%   2.7 1550s
 5017771 4515459  409.00000  156  632  681.00000  273.00000  59.9%   2.7 1555s
 5036453 4532072  409.00000  176  623  681.00000  273.00000  59.9%   2.7 1560s
 5055819 4549519  409.00000  109  688  681.00000  273.00000  59.9%   2.7 1565s
 5071602 4564123  545.00000  235  543  681.00000  273.00000  59.9%   2.7 1570s
 5089911 4580074  545.00000  298  459  681.00000  273.00000  59.9%   2.7 1575s
 5107372 4596392  545.00000  161  620  681.00000  273.00000  59.9%   2.7 1580s
 5123122 4610040  409.00000  160  635  681.00000  273.00000  59.9%   2.7 1585s
 5140734 4626350  545.00000  230  535  681.00000  273.00000  59.9%   2.7 1590s
 5158825 4642090  545.00000  324  429  681.00000  273.00000  59.9%   2.7 1595s
 5176098 4658105  545.00000  227  547  681.00000  273.00000  59.9%   2.7 1600s
 5193507 4673855 infeasible  158       681.00000  273.00000  59.9%   2.7 1605s
 5211680 4690088  545.00000  263  488  681.00000  273.00000  59.9%   2.7 1610s
 5229675 4706734  545.00000  166  633  681.00000  273.00000  59.9%   2.7 1615s
 5245228 4720711  409.00000  159  631  681.00000  273.00000  59.9%   2.7 1620s
 5264358 4737883 infeasible  314       681.00000  273.00000  59.9%   2.7 1625s
 5281659 4753660  545.00000  306  473  681.00000  273.00000  59.9%   2.7 1630s
 5299664 4769811  409.00000  133  662  681.00000  273.00000  59.9%   2.7 1635s
 5318046 4786223  409.00000  139  671  681.00000  273.00000  59.9%   2.7 1640s
 5332507 4799424  545.00000  296  469  681.00000  273.00000  59.9%   2.7 1645s
 5350875 4815898  545.00000  195  598  681.00000  273.00000  59.9%   2.7 1650s
 5369433 4832383  409.00000  135  661  681.00000  273.00000  59.9%   2.7 1655s
 5385042 4846523  545.00000  225  552  681.00000  273.00000  59.9%   2.7 1660s
 5403694 4863145  409.00000  142  660  681.00000  273.00000  59.9%   2.7 1665s
 5422328 4879939  273.00000  111  706  681.00000  273.00000  59.9%   2.7 1670s
 5438920 4894832  545.00000  148  645  681.00000  273.00000  59.9%   2.7 1675s
 5458009 4912008  545.00000  190  599  681.00000  273.00000  59.9%   2.7 1680s
 5476218 4928508  545.00000  191  580  681.00000  273.00000  59.9%   2.7 1685s
 5493705 4944224  545.00000  286  482  681.00000  273.00000  59.9%   2.7 1690s
 5507386 4956235  409.00000  119  694  681.00000  273.00000  59.9%   2.7 1695s
 5526163 4973459  545.00000  319  446  681.00000  273.00000  59.9%   2.7 1700s
 5544714 4989959  409.00000  134  685  681.00000  273.00000  59.9%   2.7 1705s
 5563244 5006913  545.00000  241  533  681.00000  273.00000  59.9%   2.7 1710s
 5579399 5021231  409.00000  127  678  681.00000  273.00000  59.9%   2.7 1715s
 5597107 5037500  545.00000  262  501  681.00000  273.00000  59.9%   2.7 1720s
 5615324 5053630  409.00000  145  651  681.00000  273.00000  59.9%   2.7 1725s
 5632638 5068996  545.00000  182  618  681.00000  273.00000  59.9%   2.7 1730s
 5647266 5082673  545.00000  225  553  681.00000  273.00000  59.9%   2.7 1735s
 5665685 5099252  546.00000  168  623  681.00000  273.00000  59.9%   2.7 1740s
 5683998 5115638  545.00000  181  601  681.00000  273.00000  59.9%   2.7 1745s
 5702483 5132334  409.00000  136  671  681.00000  273.00000  59.9%   2.7 1750s
 5719267 5147366  409.00000  151  630  681.00000  273.00000  59.9%   2.7 1755s
 5738429 5164256  409.00000  157  628  681.00000  273.00000  59.9%   2.7 1760s
 5756306 5180669  545.00000  290  484  681.00000  273.00000  59.9%   2.7 1765s
 5772656 5195210  409.00000  120  693  681.00000  273.00000  59.9%   2.7 1770s
 5789985 5210821  409.00000  182  616  681.00000  273.00000  59.9%   2.7 1775s
 5805929 5225228  545.00000  281  481  681.00000  273.00000  59.9%   2.7 1780s
 5820413 5238250  545.00000  310  447  681.00000  273.00000  59.9%   2.7 1785s
 5837827 5253967  545.00000  247  518  681.00000  273.00000  59.9%   2.7 1790s
 5855607 5270029  545.00000  203  584  681.00000  273.00000  59.9%   2.7 1795s
 5871108 5283446  545.00000  155  629  681.00000  273.00000  59.9%   2.7 1800s

Explored 5871363 nodes (15613590 simplex iterations) in 1800.03 seconds (1607.85 work units)
Thread count was 8 (of 8 available processors)

Solution count 4: 681 682 684 685 

Time limit reached
Best objective 6.810000000000e+02, best bound 2.730000000000e+02, gap 59.9119%
! --------------------------------------------------------
! Status: FEASIBLE (time limit reached)
! Best span = 681
! Labeling: 681 409 273 137 137 137 137 1 137 137 1 137 273 137 273 137 1 273 273 273 137 137 273 1 137 273 1 1 409 273 1 1 409 137 1 409 137 1 1 137 273 409 545 681 137 137 273 1 273 137 409 137 1 409 273 137 273 137 1 137 1 409 137 273 1 681 1 545 1 545 137 1 273 1 1 1 409 1 137 1 273 1 1 137 545 409 137 273 1 273 545 273 137 1 137 137 1 273 1 273 1 1 1 137 137 1 137 137 545 137 409 1 1 137 273 137 137 137 1 409 273 1 137 137 137 273 137 273 273 1 545 1 137 273 409 409 1 1 409 137 1 273 273 1 1 137 1 409 137 1 273 1 409 1 273 273 137 137 1 273 273 137 137 137 545 681 137 273 273 1 273 1 1 273 409 137 273 409 273 1 137 1 137 137 137 137 409 137 273 273 545 409 273 1 137 273 1 409 1 681 273 409 137 273 273 273 1 1 1 409 273 1 273 273 1 273 1 273 137 1 1 273 1 273 1 1 273 137 137 1 409 137 409 137 273 681 1 137 1 273 1 273 137 137 1 137 273 1 1 137 1 1 1 1 137 545 273 1 1 137 273 545 137 137 1 1 137 409 681 137 273 1 137 1 137 137 1 1 1 1 273 273 681 137 137 273 1 137 137 1 545 1 137 1 137 273 1 137 545 1 273 1 137 681 1 1 1 137 1 273 1 409 137 273 1 409 1 273 137 137 1 273 409 409 545 273 137 273 1 1 1 273 409 137 273 1 137 137 137 1 137 1 1 1 137 1 137 1 1 137 137 137 137 273 137 273 137 137 137 137 137 137 137 273 137 1 137 409 545 1 137 409 1 1 545 137 1 409 137 137 409 137 137 409 1 1 137 273 1 273 1 545 1 1 1 137 1 273 409 273 273 273 137 409 273 1 409 273 137 273 1 137 137 1 273 1 1 409 1 137 137 1 1 273 137 1 1 681 409 137 1 273 409 137 1 273 1 137 137 1 273 1 1 137 137 137 409 1 1 273 1 137 137 1 409 409 1 273 409 137 273 137 137 545 1 409 1 409 409 137 1 273 137 137 1 137 137 1 1 409 1 137 1 137 409 1 273 1 1 409 1 409 137 1 1 273 1 1 273 137 273 409 137 273 273 1 137 137 273 1 137 273 137 1 1 273 137 545 1 409 1 1 137 1 1 137 137 545 273 137 1 1 409 1 1 1 1 137 1 273 1 409 137 137 273 137 273 1 1 137 137 137 1 1 137 1 137 273 1 1 137 273 409 273 1 409 409 409 137 137 137 137 137 137 273 273 1 1 1 1 1 1 545 1 137 1 409 409 273 273 137 273 1 273 273 137 137 1 273 137 409 137 1 137 1 1 273 409 409 137 273 137 137 273 273 409 137 273 1 273 1 137 409 273 1 137 409 137 1 137 273 1 273 1 1 137 137 137 273 137 137 545 137 1 1 137 137 137 273 1 137 273 1 1 137 273 273 137 137 137 1 1 1 137 137 137 1 273 1 273 409 409 545 137 273 1 1 409 137 409 137 273 1 137 681 
! --------------------------------------------------------
! All verification passed
