! Solving for graph /home/truongxuanhieu/Gurobi-for-MinSpanLabeling/benchmarks/abp/X-can__715.mtx.rnd
! Target value is set to 116
! Lower bound is set to 117
! Upper bound is set to 715
! Time limit is set to 1800
! Vertices mode is set to Has hole
! Target value mode is set to Antibandwidth
Set parameter WLSAccessID
Set parameter WLSSecret
Set parameter LicenseID to value 2663665
Academic license 2663665 - for non-commercial use only - registered to tu___@vnu.edu.vn
Set parameter OutputFlag to value 1
Set parameter TimeLimit to value 1800
Gurobi Optimizer version 13.0.2 build v13.0.2rc1 (linux64 - "Debian GNU/Linux 12 (bookworm)")

CPU model: AMD EPYC 7B12, instruction set [SSE2|AVX|AVX2]
Thread count: 4 physical cores, 8 logical processors, using up to 8 threads

Non-default parameters:
TimeLimit  1800

Academic license 2663665 - for non-commercial use only - registered to tu___@vnu.edu.vn
Optimize a model with 5953 rows, 518606 columns and 13331 nonzeros (Min)
Model fingerprint: 0xf23e4caa
Model has 1 linear objective coefficients
Model has 4405 simple general constraints
  2975 ABS, 1430 INDICATOR
Variable types: 0 continuous, 518606 integer (511940 binary)
Coefficient statistics:
  Matrix range     [1e+00, 1e+00]
  Objective range  [1e+00, 1e+00]
  Bounds range     [1e+00, 7e+02]
  RHS range        [1e+00, 4e+02]
  GenCon rhs range [1e+00, 1e+00]
  GenCon coe range [1e+00, 1e+00]

Presolve added 8693 rows and 0 columns
Presolve removed 0 rows and 501700 columns
Presolve time: 0.15s
Presolved: 14646 rows, 16906 columns, 40360 nonzeros
Presolved model has 2975 SOS constraint(s)
Variable types: 0 continuous, 16906 integer (2860 binary)
Performing another presolve...
Presolve removed 6550 rows and 6550 columns
Presolve time: 0.07s
Found heuristic solution: objective 715.0000000

Root relaxation: objective 1.170000e+02, 7091 iterations, 0.05 seconds (0.05 work units)

    Nodes    |    Current Node    |     Objective Bounds      |     Work
 Expl Unexpl |  Obj  Depth IntInf | Incumbent    BestBd   Gap | It/Node Time

     0     0  117.00000    0 2091  715.00000  117.00000  83.6%     -    0s
H    0     0                     698.0000000  117.00000  83.2%     -    0s
     0     0  117.00000    0 2112  698.00000  117.00000  83.2%     -    0s
H    0     0                     697.0000000  117.00000  83.2%     -    0s
     0     0  117.00000    0 2098  697.00000  117.00000  83.2%     -    0s
     0     0  117.00000    0 2098  697.00000  117.00000  83.2%     -    0s
     0     2  117.00000    0 2098  697.00000  117.00000  83.2%     -    0s
  3995  3951  465.00000   44 1921  697.00000  117.00000  83.2%  13.0    5s
  5386  5072  465.00000   41 1954  697.00000  117.00000  83.2%  13.0   10s
 11224  9052  581.00000  788  519  697.00000  117.00000  83.2%  11.1   15s
 16212 12188  581.00000  389 1222  697.00000  117.00000  83.2%   9.9   20s
*17180  2370            1168     581.0000000  117.00000  79.9%  10.1   21s
 20596  3157 infeasible   31       581.00000  233.00000  59.9%   9.5   26s
 26811  5747  465.00000   42 1944  581.00000  234.00000  59.7%   8.5   30s
 37213  8724 infeasible   99       581.00000  349.00000  39.9%   7.5   35s
 47730  9524  349.00000  111 1830  581.00000  349.00000  39.9%   6.7   40s
 57809 10116  349.00000  113 1818  581.00000  349.00000  39.9%   6.3   45s
 68041 11192  349.00000   59 1979  581.00000  349.00000  39.9%   6.2   50s
 78301 11640  349.00000   62 1937  581.00000  349.00000  39.9%   6.1   55s
 88729 12087 infeasible   62       581.00000  349.00000  39.9%   6.2   60s
 98974 12571  349.00000   79 1884  581.00000  349.00000  39.9%   6.2   65s
 108996 14041  349.00000   71 1916  581.00000  349.00000  39.9%   6.1   70s
 119248 15053  349.00000   53 1944  581.00000  349.00000  39.9%   6.0   75s
 129393 15292  349.00000  125 1823  581.00000  349.00000  39.9%   5.7   80s
 139159 15447 infeasible   64       581.00000  349.00000  39.9%   5.5   85s
 148910 15419  349.00000   61 1937  581.00000  349.00000  39.9%   5.3   90s
 158871 15410  349.00000   62 1924  581.00000  349.00000  39.9%   5.1   95s
 168817 15543  349.00000   66 1935  581.00000  349.00000  39.9%   5.0  100s
 178240 15506 infeasible   61       581.00000  349.00000  39.9%   4.8  105s
 188096 15417  349.00000   59 1943  581.00000  349.00000  39.9%   4.7  110s
 197504 15393 infeasible   63       581.00000  349.00000  39.9%   4.6  115s
 206924 15450 infeasible   64       581.00000  349.00000  39.9%   4.5  120s
 216632 15544  349.00000   60 1935  581.00000  349.00000  39.9%   4.4  125s
 226330 15471  349.00000   55 1957  581.00000  349.00000  39.9%   4.3  130s
 234888 15555 infeasible   67       581.00000  349.00000  39.9%   4.2  135s
 241284 15552 infeasible   57       581.00000  349.00000  39.9%   4.1  140s
 247556 15664  349.00000   62 1935  581.00000  349.00000  39.9%   4.1  145s
 254376 15744 infeasible   66       581.00000  349.00000  39.9%   4.1  150s
 264112 15806  349.00000   60 1939  581.00000  349.00000  39.9%   4.0  155s
 273549 15770 infeasible   64       581.00000  349.00000  39.9%   3.9  160s
 283168 15892  349.00000   59 1948  581.00000  349.00000  39.9%   3.9  165s
 292346 15949  349.00000   63 1929  581.00000  349.00000  39.9%   3.8  170s
 301936 15860 infeasible   63       581.00000  349.00000  39.9%   3.8  175s
 311383 15849  349.00000   62 1922  581.00000  349.00000  39.9%   3.7  180s
 321638 15808 infeasible   65       581.00000  349.00000  39.9%   3.7  185s
 331370 15901 infeasible   63       581.00000  349.00000  39.9%   3.6  190s
 341853 15858 infeasible   63       581.00000  349.00000  39.9%   3.6  195s
 350839 15869 infeasible   66       581.00000  349.00000  39.9%   3.5  200s
 359633 15833 infeasible   69       581.00000  349.00000  39.9%   3.5  205s
 369601 15865 infeasible   64       581.00000  349.00000  39.9%   3.5  210s
 380102 15947 infeasible   62       581.00000  349.00000  39.9%   3.4  215s
 389645 15980  349.00000   62 1931  581.00000  349.00000  39.9%   3.4  220s
 399575 15941 infeasible   64       581.00000  349.00000  39.9%   3.4  225s
 409427 15916 infeasible   64       581.00000  349.00000  39.9%   3.3  230s
 419593 15925 infeasible   70       581.00000  349.00000  39.9%   3.3  235s
 430092 15952 infeasible   64       581.00000  349.00000  39.9%   3.3  240s
 440270 16046 infeasible   66       581.00000  349.00000  39.9%   3.3  245s
 450422 16152  349.00000   62 1947  581.00000  349.00000  39.9%   3.2  250s
 460964 16182 infeasible   62       581.00000  349.00000  39.9%   3.2  255s
 471750 16297 infeasible   65       581.00000  349.00000  39.9%   3.2  260s
 482322 16296 infeasible   70       581.00000  349.00000  39.9%   3.2  265s
 492855 16290  349.00000   61 1941  581.00000  349.00000  39.9%   3.2  270s
 503552 16272 infeasible   65       581.00000  349.00000  39.9%   3.1  275s
 514255 16311  349.00000   62 1945  581.00000  349.00000  39.9%   3.1  280s
 525098 16287 infeasible   66       581.00000  349.00000  39.9%   3.1  285s
 534941 16320 infeasible   71       581.00000  349.00000  39.9%   3.1  290s
 545187 16259 infeasible   60       581.00000  349.00000  39.9%   3.1  295s
 556036 16308  349.00000   52 1979  581.00000  349.00000  39.9%   3.0  300s
 564556 16299 infeasible   64       581.00000  349.00000  39.9%   3.0  305s
 575117 16412 infeasible   68       581.00000  349.00000  39.9%   3.0  310s
 585757 16359  349.00000   61 1938  581.00000  349.00000  39.9%   3.0  315s
 596087 16503  349.00000   63 1944  581.00000  349.00000  39.9%   3.0  320s
 606877 16402  349.00000   61 1941  581.00000  349.00000  39.9%   3.0  325s
 617214 16432  349.00000   68 1919  581.00000  349.00000  39.9%   3.0  330s
 627498 16483 infeasible   64       581.00000  349.00000  39.9%   3.0  335s
 637553 16508 infeasible   65       581.00000  349.00000  39.9%   3.0  340s
 646566 16546 infeasible   67       581.00000  349.00000  39.9%   3.0  345s
 657126 16424  349.00000  109 1838  581.00000  349.00000  39.9%   3.0  350s
 667304 16474 infeasible   64       581.00000  349.00000  39.9%   3.1  355s
 677488 16444  349.00000   56 1958  581.00000  349.00000  39.9%   3.1  360s
 687618 16938  349.00000  121 1794  581.00000  349.00000  39.9%   3.1  365s
 697452 17536  349.00000  111 1831  581.00000  349.00000  39.9%   3.1  370s
 707477 18131  349.00000  100 1850  581.00000  349.00000  39.9%   3.1  375s
 717756 18855 infeasible  118       581.00000  349.00000  39.9%   3.1  380s
 727486 19169 infeasible   98       581.00000  349.00000  39.9%   3.1  385s
 737515 19804 infeasible  110       581.00000  349.00000  39.9%   3.1  390s
 747594 20771 infeasible  117       581.00000  349.00000  39.9%   3.1  395s
 758328 21485 infeasible   67       581.00000  349.00000  39.9%   3.2  400s
 769498 21831  349.00000  116 1839  581.00000  349.00000  39.9%   3.2  405s
 779993 22103 infeasible   61       581.00000  349.00000  39.9%   3.2  410s
 791040 22552  349.00000   57 1967  581.00000  349.00000  39.9%   3.3  415s
 802164 22750  349.00000   88 1862  581.00000  349.00000  39.9%   3.3  420s
 812465 22785 infeasible   65       581.00000  349.00000  39.9%   3.3  425s
 823555 23546 infeasible  125       581.00000  349.00000  39.9%   3.4  430s
 833976 24723 infeasible  106       581.00000  349.00000  39.9%   3.4  435s
 844229 25581  349.00000   59 1958  581.00000  349.00000  39.9%   3.4  440s
 855070 25891  349.00000   64 1954  581.00000  349.00000  39.9%   3.4  445s
 866133 26448 infeasible   65       581.00000  349.00000  39.9%   3.5  450s
 877241 27027 infeasible   59       581.00000  349.00000  39.9%   3.5  455s
 888668 27383  349.00000  108 1833  581.00000  349.00000  39.9%   3.5  460s
 899701 27434  349.00000   63 1939  581.00000  349.00000  39.9%   3.5  465s
 910925 27504  349.00000   66 1929  581.00000  349.00000  39.9%   3.5  470s
 921100 27556 infeasible  104       581.00000  349.00000  39.9%   3.5  475s
 930619 27444 infeasible   64       581.00000  349.00000  39.9%   3.6  480s
 940054 27545  349.00000  104 1847  581.00000  349.00000  39.9%   3.6  485s
 951034 27647 infeasible   63       581.00000  349.00000  39.9%   3.6  490s
 961830 27585  349.00000   64 1943  581.00000  349.00000  39.9%   3.6  495s
 972911 27554 infeasible   67       581.00000  349.00000  39.9%   3.7  500s
 984182 27446 infeasible   65       581.00000  349.00000  39.9%   3.7  505s
 995371 27425  349.00000   65 1949  581.00000  349.00000  39.9%   3.7  510s
 1006646 27391  349.00000   67 1942  581.00000  349.00000  39.9%   3.7  515s
 1017309 27411 infeasible   66       581.00000  349.00000  39.9%   3.7  520s
 1028658 27404 infeasible   70       581.00000  349.00000  39.9%   3.8  525s
 1039259 27605  465.00000   54 1803  581.00000  349.00000  39.9%   3.8  530s
 1050182 28339 infeasible   70       581.00000  349.00000  39.9%   3.8  535s
 1060999 28610  349.00000   66 1901  581.00000  349.00000  39.9%   3.8  540s
 1072348 28636 infeasible   61       581.00000  349.00000  39.9%   3.9  545s
 1083209 28713  349.00000   59 1982  581.00000  349.00000  39.9%   3.9  550s
 1093975 28637 infeasible   66       581.00000  349.00000  39.9%   4.0  555s
 1105008 28537  349.00000   69 1944  581.00000  349.00000  39.9%   4.0  560s
 1115963 28550 infeasible   71       581.00000  349.00000  39.9%   4.1  565s
 1126001 28463 infeasible   66       581.00000  349.00000  39.9%   4.1  570s
 1136876 28490  349.00000   56 1973  581.00000  349.00000  39.9%   4.1  575s
 1148314 28607  349.00000   69 1883  581.00000  349.00000  39.9%   4.2  580s
 1158370 28562 infeasible   69       581.00000  349.00000  39.9%   4.2  585s
 1168667 28530 infeasible   70       581.00000  349.00000  39.9%   4.2  590s
 1180290 28493 infeasible   64       581.00000  349.00000  39.9%   4.3  595s
 1190025 28477  349.00000   65 1976  581.00000  349.00000  39.9%   4.3  600s
 1196283 28549 infeasible   66       581.00000  349.00000  39.9%   4.3  605s
 1202269 28553  349.00000   68 1961  581.00000  349.00000  39.9%   4.3  610s
 1209003 28553  349.00000   60 1980  581.00000  349.00000  39.9%   4.4  615s
 1214348 28467 infeasible   67       581.00000  349.00000  39.9%   4.4  620s
 1220199 28428  349.00000   61 1987  581.00000  349.00000  39.9%   4.4  625s
 1226281 28464  349.00000   67 1955  581.00000  349.00000  39.9%   4.4  630s
 1232625 28515  349.00000   64 1905  581.00000  349.00000  39.9%   4.4  635s
 1238550 28643 infeasible   73       581.00000  349.00000  39.9%   4.4  640s
 1245440 28655  349.00000   66 1971  581.00000  349.00000  39.9%   4.5  645s
 1252026 28632 infeasible   68       581.00000  349.00000  39.9%   4.5  650s
 1258128 28557  349.00000   63 1956  581.00000  349.00000  39.9%   4.5  655s
 1264588 28485  349.00000   69 1957  581.00000  349.00000  39.9%   4.5  660s
 1271278 28524 infeasible   67       581.00000  349.00000  39.9%   4.5  665s
 1277888 28551  349.00000   63 1902  581.00000  349.00000  39.9%   4.6  670s
 1284199 28593 infeasible   69       581.00000  349.00000  39.9%   4.6  675s
 1290781 28542  349.00000   63 1970  581.00000  349.00000  39.9%   4.6  680s
 1296967 28494 infeasible   67       581.00000  349.00000  39.9%   4.6  685s
 1303416 28450 infeasible   67       581.00000  349.00000  39.9%   4.6  690s
 1309745 28465 infeasible   66       581.00000  349.00000  39.9%   4.6  695s
 1316679 28728 infeasible   53       581.00000  349.00000  39.9%   4.7  700s
 1322876 28936 infeasible   62       581.00000  349.00000  39.9%   4.7  705s
 1329882 28949 infeasible   60       581.00000  349.00000  39.9%   4.7  710s
 1336066 28948  349.00000   62 1972  581.00000  349.00000  39.9%   4.7  715s
 1342559 29020  349.00000   63 1955  581.00000  349.00000  39.9%   4.7  720s
 1349582 29021 infeasible   63       581.00000  349.00000  39.9%   4.7  725s
 1356242 28973  349.00000   68 1956  581.00000  349.00000  39.9%   4.7  730s
 1362730 29002  349.00000   68 1951  581.00000  349.00000  39.9%   4.8  735s
 1368702 28873 infeasible   68       581.00000  349.00000  39.9%   4.8  740s
 1374083 28935 infeasible   60       581.00000  349.00000  39.9%   4.8  745s
 1379971 28973  349.00000   66 1956  581.00000  349.00000  39.9%   4.8  750s
 1384955 29012 infeasible   64       581.00000  349.00000  39.9%   4.8  755s
 1391111 29145 infeasible   68       581.00000  349.00000  39.9%   4.8  760s
 1397701 29124 infeasible   66       581.00000  349.00000  39.9%   4.8  765s
 1404746 29082 infeasible   66       581.00000  349.00000  39.9%   4.9  770s
 1411027 29055  349.00000   70 1933  581.00000  349.00000  39.9%   4.9  775s
 1418159 29035  349.00000   66 1939  581.00000  349.00000  39.9%   4.9  780s
 1424378 28988  349.00000   68 1935  581.00000  349.00000  39.9%   4.9  785s
 1431963 28944 infeasible   68       581.00000  349.00000  39.9%   4.9  790s
 1438870 28897  349.00000   63 1965  581.00000  349.00000  39.9%   4.9  795s
 1448498 28875 infeasible   68       581.00000  349.00000  39.9%   5.0  800s
 1459819 29010 infeasible   67       581.00000  349.00000  39.9%   5.0  805s
 1470856 28966 infeasible   72       581.00000  349.00000  39.9%   5.0  810s
 1481900 28996 infeasible   69       581.00000  349.00000  39.9%   5.0  815s
 1493170 28920 infeasible   67       581.00000  349.00000  39.9%   5.1  820s
 1503881 28838  349.00000   68 1964  581.00000  349.00000  39.9%   5.1  825s
 1515515 28947 infeasible   67       581.00000  349.00000  39.9%   5.1  830s
 1526590 28962 infeasible   63       581.00000  349.00000  39.9%   5.1  835s
 1538043 28915  349.00000   65 1961  581.00000  349.00000  39.9%   5.1  840s
 1549454 28873 infeasible   71       581.00000  349.00000  39.9%   5.2  845s
 1560764 28825 infeasible   65       581.00000  349.00000  39.9%   5.2  850s
 1568173 28816  349.00000   64 1973  581.00000  349.00000  39.9%   5.2  855s
 1579470 28784  349.00000   63 1953  581.00000  349.00000  39.9%   5.2  860s
 1590680 28767 infeasible   69       581.00000  349.00000  39.9%   5.2  865s
 1601478 29117 infeasible   66       581.00000  349.00000  39.9%   5.3  870s
 1613119 29239 infeasible   65       581.00000  349.00000  39.9%   5.3  875s
 1624346 29245 infeasible   65       581.00000  349.00000  39.9%   5.3  880s
 1635928 29227  349.00000   65 1967  581.00000  349.00000  39.9%   5.3  885s
 1647399 29268  349.00000   66 1970  581.00000  349.00000  39.9%   5.3  890s
 1657417 29143 infeasible   67       581.00000  349.00000  39.9%   5.3  895s
 1668727 29193 infeasible   71       581.00000  349.00000  39.9%   5.4  900s
 1680122 29105  349.00000   66 1896  581.00000  349.00000  39.9%   5.4  905s
 1690846 29202  349.00000   58 1972  581.00000  349.00000  39.9%   5.4  910s
 1702759 29217 infeasible   68       581.00000  349.00000  39.9%   5.4  915s
 1713683 29248  349.00000   65 1893  581.00000  349.00000  39.9%   5.4  920s
 1725193 29287  349.00000   67 1941  581.00000  349.00000  39.9%   5.4  925s
 1736052 29204  349.00000   61 1951  581.00000  349.00000  39.9%   5.5  930s
 1747508 29220  349.00000   72 1890  581.00000  349.00000  39.9%   5.5  935s
 1758650 29290  349.00000   66 1963  581.00000  349.00000  39.9%   5.5  940s
 1769601 29335 infeasible   71       581.00000  349.00000  39.9%   5.5  945s
 1780963 29232 infeasible   68       581.00000  349.00000  39.9%   5.5  950s
 1792330 29218 infeasible   69       581.00000  349.00000  39.9%   5.5  955s
 1803262 29214  349.00000   66 1948  581.00000  349.00000  39.9%   5.6  960s
 1815267 29150 infeasible   68       581.00000  349.00000  39.9%   5.6  965s
 1826570 29052 infeasible   71       581.00000  349.00000  39.9%   5.6  970s
 1837447 29051 infeasible   66       581.00000  349.00000  39.9%   5.6  975s
 1848099 29072  349.00000   66 1964  581.00000  349.00000  39.9%   5.6  980s
 1859483 28978 infeasible   63       581.00000  349.00000  39.9%   5.6  985s
 1870787 28925 infeasible   66       581.00000  349.00000  39.9%   5.7  990s
 1881688 28920 infeasible   67       581.00000  349.00000  39.9%   5.7  995s
 1893378 28796  349.00000   69 1964  581.00000  349.00000  39.9%   5.7 1000s
 1904739 28744  349.00000   61 1983  581.00000  349.00000  39.9%   5.7 1005s
 1915828 28870 infeasible   74       581.00000  349.00000  39.9%   5.7 1010s
 1926574 29044  349.00000   66 1951  581.00000  349.00000  39.9%   5.7 1015s
 1938100 28971 infeasible   69       581.00000  349.00000  39.9%   5.7 1020s
 1949205 28848 infeasible   66       581.00000  349.00000  39.9%   5.7 1025s
 1960412 28701 infeasible   65       581.00000  349.00000  39.9%   5.8 1030s
 1971237 28736  349.00000   66 1901  581.00000  349.00000  39.9%   5.8 1035s
 1982158 29013  349.00000   62 1986  581.00000  349.00000  39.9%   5.8 1040s
 1992892 29053 infeasible   66       581.00000  349.00000  39.9%   5.8 1045s
 2003889 29099  349.00000   60 1964  581.00000  349.00000  39.9%   5.8 1050s
 2014885 29163 infeasible   69       581.00000  349.00000  39.9%   5.8 1055s
 2026194 29112 infeasible   65       581.00000  349.00000  39.9%   5.8 1060s
 2037561 29051  349.00000   67 1948  581.00000  349.00000  39.9%   5.8 1065s
 2048530 29058 infeasible   70       581.00000  349.00000  39.9%   5.9 1070s
 2059412 29017 infeasible   69       581.00000  349.00000  39.9%   5.9 1075s
 2070821 28965 infeasible   67       581.00000  349.00000  39.9%   5.9 1080s
 2081575 28970 infeasible   66       581.00000  349.00000  39.9%   5.9 1085s
 2092181 28842  349.00000   65 1953  581.00000  349.00000  39.9%   5.9 1090s
 2103832 28884  349.00000   60 1975  581.00000  349.00000  39.9%   5.9 1095s
 2114150 28961 infeasible   64       581.00000  349.00000  39.9%   5.9 1100s
 2125263 28892  349.00000   65 1960  581.00000  349.00000  39.9%   5.9 1105s
 2135819 28810 infeasible   64       581.00000  349.00000  39.9%   5.9 1110s
 2146947 28944  349.00000   63 1968  581.00000  349.00000  39.9%   6.0 1115s
 2157313 28948 infeasible   70       581.00000  349.00000  39.9%   6.0 1120s
 2168468 28949  349.00000   58 1974  581.00000  349.00000  39.9%   6.0 1125s
 2179377 28844 infeasible   69       581.00000  349.00000  39.9%   6.0 1130s
 2189785 28855  349.00000   61 1968  581.00000  349.00000  39.9%   6.0 1135s
 2200596 28852  349.00000   65 1960  581.00000  349.00000  39.9%   6.0 1140s
 2211024 28850 infeasible   70       581.00000  349.00000  39.9%   6.0 1145s
 2221042 28973  349.00000   68 1953  581.00000  349.00000  39.9%   6.0 1150s
 2231809 29806 infeasible   74       581.00000  349.00000  39.9%   6.0 1155s
 2242343 30440  349.00000   69 1949  581.00000  349.00000  39.9%   6.0 1160s
 2251934 31405 infeasible   71       581.00000  349.00000  39.9%   6.0 1165s
 2263156 32677 infeasible   74       581.00000  349.00000  39.9%   6.1 1170s
 2274165 33902  349.00000   69 1957  581.00000  349.00000  39.9%   6.1 1175s
 2285146 35491 infeasible   71       581.00000  349.00000  39.9%   6.1 1180s
 2296269 36367 infeasible   75       581.00000  349.00000  39.9%   6.1 1185s
 2307596 36819  349.00000   68 1899  581.00000  349.00000  39.9%   6.1 1190s
 2317946 37164  349.00000   55 1973  581.00000  349.00000  39.9%   6.1 1195s
 2327666 37684 infeasible  118       581.00000  349.00000  39.9%   6.1 1200s
 2337613 38071 infeasible   65       581.00000  349.00000  39.9%   6.1 1205s
 2348576 38365 infeasible   71       581.00000  349.00000  39.9%   6.1 1210s
 2358969 38356 infeasible   72       581.00000  349.00000  39.9%   6.1 1215s
 2369661 38358 infeasible   69       581.00000  349.00000  39.9%   6.1 1220s
 2381417 38348 infeasible   63       581.00000  349.00000  39.9%   6.1 1225s
 2392788 38699  349.00000   59 1907  581.00000  349.00000  39.9%   6.1 1230s
 2404130 39262  349.00000   55 1990  581.00000  349.00000  39.9%   6.1 1235s
 2415608 39514  349.00000   58 1958  581.00000  349.00000  39.9%   6.1 1240s
 2427471 39944 infeasible   63       581.00000  349.00000  39.9%   6.1 1245s
 2438606 40332 infeasible   70       581.00000  349.00000  39.9%   6.1 1250s
 2449563 40481 infeasible   64       581.00000  349.00000  39.9%   6.1 1255s
 2460715 40838 infeasible   66       581.00000  349.00000  39.9%   6.1 1260s
 2472613 40974 infeasible   65       581.00000  349.00000  39.9%   6.1 1265s
 2483999 41167  349.00000   60 1967  581.00000  349.00000  39.9%   6.1 1270s
 2495343 41428  349.00000   60 1947  581.00000  349.00000  39.9%   6.1 1275s
 2506637 41778  465.00000  111 1609  581.00000  349.00000  39.9%   6.1 1280s
 2518077 42313  349.00000   65 1945  581.00000  349.00000  39.9%   6.1 1285s
 2529718 42730  349.00000   61 1942  581.00000  349.00000  39.9%   6.1 1290s
 2541231 43091 infeasible  126       581.00000  349.00000  39.9%   6.1 1295s
 2552291 43219  349.00000  129 1809  581.00000  349.00000  39.9%   6.1 1300s
 2563154 44186 infeasible   65       581.00000  349.00000  39.9%   6.1 1305s
 2574538 44966 infeasible   63       581.00000  349.00000  39.9%   6.1 1310s
 2585954 45253 infeasible   63       581.00000  349.00000  39.9%   6.1 1315s
 2597533 45612 infeasible   59       581.00000  349.00000  39.9%   6.1 1320s
 2608525 47119  349.00000   69 1944  581.00000  349.00000  39.9%   6.1 1325s
 2620326 48672  465.00000  111 1551  581.00000  349.00000  39.9%   6.1 1330s
 2630712 49811  349.00000   61 1947  581.00000  349.00000  39.9%   6.1 1335s
 2638273 50584 infeasible   62       581.00000  349.00000  39.9%   6.1 1340s
 2646361 51102  349.00000   65 1939  581.00000  349.00000  39.9%   6.1 1345s
 2655582 51377  349.00000   68 1929  581.00000  349.00000  39.9%   6.1 1350s
 2667111 51530  349.00000   63 1934  581.00000  349.00000  39.9%   6.1 1355s
 2678814 51673 infeasible  114       581.00000  349.00000  39.9%   6.1 1360s
 2690797 52010 infeasible  114       581.00000  349.00000  39.9%   6.1 1365s
 2702521 52454 infeasible   57       581.00000  349.00000  39.9%   6.1 1370s
 2713807 52667 infeasible   61       581.00000  349.00000  39.9%   6.1 1375s
 2725984 52868 infeasible   63       581.00000  349.00000  39.9%   6.1 1380s
 2737498 53678 infeasible   65       581.00000  349.00000  39.9%   6.1 1385s
 2749587 54012 infeasible   63       581.00000  349.00000  39.9%   6.1 1390s
 2761159 54293  349.00000   61 1963  581.00000  349.00000  39.9%   6.1 1395s
 2772420 54420  349.00000   60 1937  581.00000  349.00000  39.9%   6.1 1400s
 2777885 54312 infeasible   63       581.00000  349.00000  39.9%   6.1 1406s
 2790488 54331 infeasible   71       581.00000  349.00000  39.9%   6.1 1410s
 2802163 54256  349.00000   63 1931  581.00000  349.00000  39.9%   6.1 1415s
 2814448 54321 infeasible   65       581.00000  349.00000  39.9%   6.1 1420s
 2825712 54282 infeasible   72       581.00000  349.00000  39.9%   6.1 1425s
 2838021 54244  349.00000   60 1967  581.00000  349.00000  39.9%   6.1 1430s
 2848723 54220 infeasible   65       581.00000  349.00000  39.9%   6.1 1435s
 2861049 54308 infeasible   62       581.00000  349.00000  39.9%   6.1 1440s
 2872251 54489 infeasible   60       581.00000  349.00000  39.9%   6.1 1445s
 2884087 54520  349.00000   65 1956  581.00000  349.00000  39.9%   6.1 1450s
 2895998 54443 infeasible   72       581.00000  349.00000  39.9%   6.1 1455s
 2907126 54418  349.00000   57 1969  581.00000  349.00000  39.9%   6.1 1460s
 2919424 54298  349.00000   56 1972  581.00000  349.00000  39.9%   6.1 1465s
 2930491 54398 infeasible   62       581.00000  349.00000  39.9%   6.1 1470s
 2942038 54356  349.00000   63 1959  581.00000  349.00000  39.9%   6.1 1475s
 2953487 54228 infeasible   65       581.00000  349.00000  39.9%   6.1 1480s
 2964281 54184  349.00000   64 1938  581.00000  349.00000  39.9%   6.1 1485s
 2975201 54210 infeasible   64       581.00000  349.00000  39.9%   6.1 1490s
 2986151 54219 infeasible   64       581.00000  349.00000  39.9%   6.1 1495s
 2997660 54164 infeasible   61       581.00000  349.00000  39.9%   6.1 1500s
 3008759 54197  349.00000   61 1941  581.00000  349.00000  39.9%   6.1 1505s
 3020131 54220  349.00000   64 1934  581.00000  349.00000  39.9%   6.1 1510s
 3032030 54177 infeasible   64       581.00000  349.00000  39.9%   6.1 1515s
 3043538 54092 infeasible   65       581.00000  349.00000  39.9%   6.1 1520s
 3055135 54109 infeasible   64       581.00000  349.00000  39.9%   6.1 1525s
 3066499 54076  349.00000   61 1933  581.00000  349.00000  39.9%   6.1 1530s
 3077300 54604 infeasible   62       581.00000  349.00000  39.9%   6.1 1535s
 3088586 54628 infeasible   64       581.00000  349.00000  39.9%   6.1 1540s
 3099592 54737 infeasible   55       581.00000  349.00000  39.9%   6.1 1545s
 3111378 54906  349.00000   60 1954  581.00000  349.00000  39.9%   6.1 1550s
 3122787 54975  349.00000   59 1937  581.00000  349.00000  39.9%   6.1 1555s
 3134488 54969 infeasible   67       581.00000  349.00000  39.9%   6.1 1560s
 3145918 54852 infeasible   64       581.00000  349.00000  39.9%   6.1 1565s
 3156848 54908 infeasible   63       581.00000  349.00000  39.9%   6.1 1570s
 3168648 54871  349.00000   61 1951  581.00000  349.00000  39.9%   6.1 1575s
 3179826 54801  349.00000   62 1880  581.00000  349.00000  39.9%   6.1 1580s
 3190613 54925  349.00000   60 1956  581.00000  349.00000  39.9%   6.1 1585s
 3202087 54912  349.00000   61 1967  581.00000  349.00000  39.9%   6.1 1590s
 3213611 54786  349.00000   60 1970  581.00000  349.00000  39.9%   6.1 1595s
 3225331 54838  349.00000   68 1935  581.00000  349.00000  39.9%   6.1 1600s
 3236662 54952 infeasible   69       581.00000  349.00000  39.9%   6.1 1605s
 3248990 54964 infeasible   67       581.00000  349.00000  39.9%   6.1 1610s
 3260611 55079 infeasible   62       581.00000  349.00000  39.9%   6.1 1615s
 3272606 54986  349.00000   65 1941  581.00000  349.00000  39.9%   6.1 1620s
 3284335 54921  349.00000   56 1962  581.00000  349.00000  39.9%   6.1 1625s
 3295761 54900  349.00000   57 1971  581.00000  349.00000  39.9%   6.1 1630s
 3307609 54804  349.00000   60 1956  581.00000  349.00000  39.9%   6.1 1635s
 3318927 54834 infeasible   64       581.00000  349.00000  39.9%   6.1 1640s
 3330731 54756 infeasible   62       581.00000  349.00000  39.9%   6.1 1645s
 3342323 54817  349.00000   73 1939  581.00000  349.00000  39.9%   6.1 1650s
 3353871 54880  349.00000   60 1960  581.00000  349.00000  39.9%   6.1 1655s
 3365763 54740  349.00000   63 1955  581.00000  349.00000  39.9%   6.1 1660s
 3376864 54733  349.00000   59 1943  581.00000  349.00000  39.9%   6.1 1665s
 3388568 54968 infeasible   66       581.00000  349.00000  39.9%   6.1 1670s
 3400322 55058 infeasible   64       581.00000  349.00000  39.9%   6.1 1675s
 3411181 54971 infeasible   68       581.00000  349.00000  39.9%   6.1 1680s
 3422668 54911 infeasible   73       581.00000  349.00000  39.9%   6.1 1685s
 3434340 54906 infeasible   65       581.00000  349.00000  39.9%   6.1 1690s
 3446174 54847 infeasible   63       581.00000  349.00000  39.9%   6.1 1695s
 3457453 54872 infeasible   67       581.00000  349.00000  39.9%   6.1 1700s
 3469219 54853  349.00000   59 1952  581.00000  349.00000  39.9%   6.1 1705s
 3480785 54736 infeasible   72       581.00000  349.00000  39.9%   6.1 1710s
 3492729 54760 infeasible   60       581.00000  349.00000  39.9%   6.1 1715s
 3503609 54697 infeasible   64       581.00000  349.00000  39.9%   6.1 1720s
 3513615 54682 infeasible   60       581.00000  349.00000  39.9%   6.1 1725s
 3525690 54668  349.00000   66 1944  581.00000  349.00000  39.9%   6.1 1730s
 3537281 54648 infeasible   65       581.00000  349.00000  39.9%   6.1 1735s
 3548340 54831 infeasible   63       581.00000  349.00000  39.9%   6.1 1740s
 3560176 55007  349.00000   70 1934  581.00000  349.00000  39.9%   6.1 1745s
 3571692 55111  349.00000   64 1954  581.00000  349.00000  39.9%   6.1 1750s
 3583915 55251 infeasible   68       581.00000  349.00000  39.9%   6.1 1755s
 3595248 55265 infeasible   67       581.00000  349.00000  39.9%   6.1 1760s
 3607042 55137 infeasible   67       581.00000  349.00000  39.9%   6.1 1765s
 3618834 55152  349.00000   59 1949  581.00000  349.00000  39.9%   6.1 1770s
 3630839 55063 infeasible   59       581.00000  349.00000  39.9%   6.1 1775s
 3642409 55028  349.00000   63 1954  581.00000  349.00000  39.9%   6.1 1780s
 3654019 54960  349.00000   66 1930  581.00000  349.00000  39.9%   6.1 1785s
 3665355 54894  349.00000   57 1940  581.00000  349.00000  39.9%   6.1 1790s
 3677475 55014 infeasible   62       581.00000  349.00000  39.9%   6.1 1795s
 3688699 55167 infeasible   64       581.00000  349.00000  39.9%   6.1 1800s

Cutting planes:
  MIR: 1

Explored 3688984 nodes (22360431 simplex iterations) in 1800.02 seconds (2698.33 work units)
Thread count was 8 (of 8 available processors)

Solution count 4: 581 697 698 715 

Time limit reached
Best objective 5.810000000000e+02, best bound 3.490000000000e+02, gap 39.9312%
! --------------------------------------------------------
! Status: FEASIBLE (time limit reached)
! Best span = 581
! Labeling: 117 349 349 349 349 117 233 233 233 1 117 117 233 465 465 349 233 349 117 1 117 1 581 117 581 465 465 465 581 1 117 349 117 1 1 117 1 117 349 581 465 233 1 117 465 117 581 117 233 233 465 465 465 581 465 465 117 349 349 233 581 117 1 233 465 1 117 349 117 349 581 117 233 117 117 581 349 1 465 465 1 1 117 1 233 465 465 465 1 233 233 581 1 233 117 349 581 581 465 233 581 349 117 1 117 1 1 117 233 117 117 349 349 1 349 233 465 465 117 349 233 349 233 349 233 233 581 233 1 1 117 117 349 117 465 117 117 233 1 233 349 233 465 349 233 349 349 117 117 1 581 465 1 233 233 117 465 117 349 1 117 1 465 349 1 117 233 117 465 1 117 233 233 1 233 233 349 1 349 117 349 349 117 1 465 1 349 465 233 233 349 581 1 117 1 465 1 117 465 349 233 465 349 465 233 1 349 465 233 465 117 349 349 1 117 233 233 349 233 117 349 581 465 1 117 349 233 1 1 233 1 349 233 233 465 465 117 117 233 1 117 233 465 581 233 465 465 1 233 1 465 1 581 349 465 349 1 1 117 349 349 233 233 117 349 465 117 465 117 233 465 349 233 349 465 349 1 465 349 349 1 1 349 233 465 233 233 117 581 465 117 233 233 117 233 117 1 233 1 349 349 117 233 117 465 465 349 117 117 349 349 1 117 1 581 233 117 1 581 117 1 117 1 117 349 117 465 1 117 233 1 465 1 233 233 1 117 1 349 349 465 233 465 233 465 349 117 1 117 1 117 233 117 117 465 1 117 117 1 117 233 581 465 233 233 233 1 465 117 581 117 117 349 465 1 349 117 1 349 233 349 233 117 349 349 465 349 349 581 1 1 233 117 233 233 465 349 349 465 465 117 233 465 1 233 465 233 233 117 349 1 349 233 465 117 1 117 465 1 581 465 117 581 1 349 581 117 349 233 117 465 233 1 233 349 233 233 233 349 117 233 1 349 233 1 117 117 117 1 1 233 117 117 233 465 117 117 1 1 465 117 465 117 117 349 117 117 233 465 581 465 1 117 349 117 465 581 1 1 117 233 581 233 117 581 349 1 233 117 117 233 233 349 117 117 233 465 581 117 465 465 465 233 233 1 1 117 233 117 465 233 117 117 1 1 117 349 465 465 117 465 1 1 233 233 349 233 233 117 117 117 117 349 117 1 233 1 117 581 1 233 233 117 349 581 1 1 233 349 349 117 1 465 233 1 1 117 117 233 233 349 1 581 465 117 117 233 349 233 1 465 233 349 233 117 117 465 1 117 117 1 465 1 117 465 233 233 349 1 465 233 117 465 349 117 117 233 581 349 349 117 233 1 117 233 233 233 1 233 117 465 233 349 465 1 117 349 349 465 349 233 117 233 1 117 349 233 349 349 1 465 349 117 465 1 233 233 1 1 1 465 117 349 465 465 1 117 233 465 117 117 233 349 465 581 233 233 349 349 349 117 581 1 117 233 233 349 349 465 349 465 117 233 1 1 117 117 465 1 581 465 1 1 1 349 117 465 581 1 581 1 233 1 349 117 233 117 233 233 117 349 1 117 233 117 233 117 1 465 349 349 233 1 117 1 
! --------------------------------------------------------
! All verification passed
