! Solving for graph /home/truongxuanhieu/Gurobi-for-MinSpanLabeling/benchmarks/abp/Q-494_bus.mtx.rnd
! Target value is set to 113
! Lower bound is set to 114
! Upper bound is set to 247
! Time limit is set to 1800
! Vertices mode is set to No hole
! Target value mode is set to Antibandwidth
Set parameter WLSAccessID
Set parameter WLSSecret
Set parameter LicenseID to value 2663665
Academic license 2663665 - for non-commercial use only - registered to tu___@vnu.edu.vn
Set parameter OutputFlag to value 1
Set parameter TimeLimit to value 1800
Gurobi Optimizer version 13.0.2 build v13.0.2rc1 (linux64 - "Debian GNU/Linux 12 (bookworm)")

CPU model: AMD EPYC 7B12, instruction set [SSE2|AVX|AVX2]
Thread count: 4 physical cores, 8 logical processors, using up to 8 threads

Non-default parameters:
TimeLimit  1800

Academic license 2663665 - for non-commercial use only - registered to tu___@vnu.edu.vn
Optimize a model with 2410 rows, 124179 columns and 370128 nonzeros (Min)
Model fingerprint: 0x2399ab72
Model has 1 linear objective coefficients
Model has 1574 simple general constraints
  586 ABS, 988 INDICATOR
Variable types: 0 continuous, 124179 integer (122512 binary)
Coefficient statistics:
  Matrix range     [1e+00, 2e+02]
  Objective range  [1e+00, 1e+00]
  Bounds range     [1e+00, 2e+02]
  RHS range        [1e+00, 2e+02]
  GenCon rhs range [1e+00, 1e+00]
  GenCon coe range [1e+00, 1e+00]

Presolve added 2652 rows and 953 columns
Presolve time: 1.26s
Presolved: 5062 rows, 125132 columns, 376916 nonzeros
Variable types: 0 continuous, 125132 integer (122879 binary)
Deterministic concurrent LP optimizer: primal and dual simplex
Showing primal log only...

Concurrent spin time: 0.00s

Solved with dual simplex

Root relaxation: objective 1.140000e+02, 2682 iterations, 0.31 seconds (0.26 work units)

    Nodes    |    Current Node    |     Objective Bounds      |     Work
 Expl Unexpl |  Obj  Depth IntInf | Incumbent    BestBd   Gap | It/Node Time

     0     0  114.00000    0  687          -  114.00000      -     -    3s
     0     0  114.00000    0  760          -  114.00000      -     -    3s
     0     0  114.00000    0 1821          -  114.00000      -     -    6s
     0     0  114.00000    0 1726          -  114.00000      -     -    6s
     0     0  114.00000    0 1746          -  114.00000      -     -    6s
     0     0  114.00000    0 1831          -  114.00000      -     -    7s
     0     0  114.00000    0 1830          -  114.00000      -     -    7s
     0     0  114.00000    0 1830          -  114.00000      -     -    7s
     0     0  114.00000    0 2040          -  114.00000      -     -   10s
     0     0  114.00000    0 1986          -  114.00000      -     -   10s
     0     0  114.00000    0  847          -  114.00000      -     -   12s
     0     0  114.00000    0 1386          -  114.00000      -     -   13s
     0     0  114.00000    0 1366          -  114.00000      -     -   14s
     0     0  114.00000    0 1823          -  114.00000      -     -   16s
     0     0  114.00000    0 1803          -  114.00000      -     -   16s
     0     0  114.00000    0  909          -  114.00000      -     -   19s
     0     0  114.00000    0 1000          -  114.00000      -     -   21s
     0     0  114.00000    0  764          -  114.00000      -     -   25s
     0     2  115.00000    0  762          -  115.00000      -     -   32s
    55    89  227.00000   11 1556          -  115.00000      -   217   35s
   263   320  227.00000   50 1394          -  115.00000      -   134   40s
   481   495  243.00000   62 1381          -  115.00000      -   138   45s
   854   614  243.00000   98 1295          -  115.00000      -  99.4   50s
  1192   739  243.00000  155 1240          -  115.00000      -  88.4   55s
  1494   782  243.00000  186 1179          -  115.00000      -  73.9   67s
  1552   802 infeasible  195               -  115.00000      -  71.7   82s
  1583   836  243.00000  217 1179          -  115.00000      -  71.2   85s
  1926   952  244.00000  170  764          -  115.00000      -  70.3   95s
  1929   954  227.00000   58 1890          -  115.00000      -  70.2  100s
  1931   955  115.00000   21 1053          -  115.00000      -  70.2  106s
  1933   957  227.00000   78  907          -  115.00000      -  70.1  111s
  1935   958  227.00000   27  908          -  115.00000      -  70.0  117s
  1936   959  243.00000   87  790          -  115.00000      -  70.0  123s
  1937   959  242.00000   39  790          -  115.00000      -  69.9  128s
  1938   963  115.00000   15  944          -  115.00000      -   123  146s
  1997  1017  115.00000   24  919          -  115.00000      -   127  150s
  2104  1106  115.00000   36  943          -  115.00000      -   140  156s
  2301  1100 infeasible   52               -  115.00000      -   145  160s
  2414  1076  227.00000  103 1399          -  115.00000      -   144  166s
  2503  1061  227.00000  134 1327          -  115.00000      -   144  170s
  2645  1021  227.00000  177 1402          -  115.00000      -   141  175s
  2854   962  227.00000  225 1306          -  115.00000      -   135  181s
  2976   926  227.00000  240 1226          -  115.00000      -   131  185s
  3123   884  227.00000  265 1274          -  115.00000      -   126  194s
  3127   885  227.00000  266 1276          -  115.00000      -   126  202s
  3183   868  227.00000  282 1188          -  115.00000      -   125  215s
  3241   878  227.00000  295 1198          -  115.00000      -   125  221s
  3325   869  227.00000  328 1180          -  115.00000      -   123  230s
  3367   857  227.00000  347 1193          -  115.00000      -   123  246s
  3371   858  227.00000  348 1198          -  115.00000      -   124  252s
  3433   840  227.00000  367 1131          -  115.00000      -   122  260s
  3496   822  227.00000  368 1101          -  115.00000      -   120  269s
  3500   828  227.00000  369 1090          -  115.00000      -   120  277s
  3605   794  227.00000  414 1116          -  115.00000      -   118  287s
  3609   797  227.00000  415 1129          -  115.00000      -   118  297s
  3762   748  227.00000  473 1087          -  115.00000      -   114  312s
  3766   752  227.00000  474 1087          -  115.00000      -   115  316s
  3854   731  227.00000  485 1082          -  115.00000      -   113  320s
  4026   696  227.00000  486 1082          -  115.00000      -   109  328s
  4166   649  227.00000  487 1080          -  115.00000      -   108  338s
  4170   659  227.00000  488 1080          -  115.00000      -   108  341s
  4464   590  247.00000  496 1154          -  115.00000      -   104  347s
  4505   604  227.00000  499 1076          -  115.00000      -   105  350s
  4655   604  227.00000  506 1099          -  115.00000      -   105  356s
  4726   638  227.00000  514 1066          -  115.00000      -   108  360s
  4790   618  227.00000  521 1140          -  115.00000      -   112  365s
  4876   704  227.00000  531 1153          -  115.00000      -   116  372s
  4951   754  246.00000  539 1363          -  115.00000      -   120  378s
  5018   763  227.00000  547 1116          -  115.00000      -   124  381s
  5039   809  247.00000  548 1100          -  115.00000      -   124  385s
  5173   815  227.00000  581 1096          -  115.00000      -   126  396s
  5177   819  247.00000  581 1004          -  115.00000      -   127  417s
  5181   822  227.00000  582 1095          -  115.00000      -   127  436s
  5185   826  247.00000  582 1016          -  115.00000      -   127  470s
  5189   829  227.00000  583 1095          -  115.00000      -   128  483s
  5193   833  247.00000  583 1099          -  115.00000      -   128  501s
  5197   837  227.00000  584 1090          -  115.00000      -   128  539s
  5201   841  247.00000  584 1088          -  115.00000      -   129  568s
  5205   848  227.00000  585 1090          -  115.00000      -   130  586s
  5213   857  227.00000  586 1089          -  115.00000      -   130  598s
  5223   865  227.00000  587 1089          -  115.00000      -   131  613s
  5231   870  247.00000  588 1089          -  115.00000      -   132  617s
  5238   931  227.00000  590 1097          -  115.00000      -   133  621s
  5359  1012  227.00000  605 1084          -  115.00000      -   138  630s
  5568  1014  247.00000  618 1098          -  115.00000      -   138  636s
  5573  1018  227.00000  619 1078          -  115.00000      -   139  642s
  5692  1032  247.00000  619 1127          -  115.00000      -   136  649s
  5749  1035  227.00000  620 1078          -  115.00000      -   136  668s
H 5753   533                     247.0000000  115.00000  53.4%   136  674s
  5815   538  227.00000  621 1041  247.00000  115.00000  53.4%   137  687s
  5827   644  227.00000  623 1049  247.00000  115.00000  53.4%   137  693s
  5991   747  227.00000  660 1037  247.00000  115.00000  53.4%   141  699s
  6171   813  227.00000  680 1019  247.00000  115.00000  53.4%   143  705s
  6432   819  227.00000  698 1050  247.00000  115.00000  53.4%   141  710s
  6440   950  227.00000  700 1050  247.00000  115.00000  53.4%   141  717s
  6715  1004  227.00000  728 1022  247.00000  115.00000  53.4%   142  722s
  6866  1088  227.00000  743 1026  247.00000  115.00000  53.4%   142  728s
  7008  1158  227.00000  756 1022  247.00000  115.00000  53.4%   143  735s
  7208  1223  232.00000  776 1079  247.00000  115.00000  53.4%   143  741s
  7361  1358  245.00000  797 1243  247.00000  115.00000  53.4%   142  749s
  7790  1362  227.00000  878 1047  247.00000  115.00000  53.4%   139  762s
  7794  1544  245.00000  878 1147  247.00000  115.00000  53.4%   140  771s
  8247  1706  227.00000 1017  972  247.00000  115.00000  53.4%   137  780s
  8661  1708  115.00000   77  838  247.00000  115.00000  53.4%   137  791s
  8666  1845  115.00000   78  834  247.00000  115.00000  53.4%   137  800s
  9074  2018  115.00000  176  784  247.00000  115.00000  53.4%   140  810s
  9512  2028  115.00000  337  776  247.00000  115.00000  53.4%   143  818s
  9524  2342  115.00000  340  775  247.00000  115.00000  53.4%   144  828s
 10088  2504  115.00000  402  770  247.00000  115.00000  53.4%   147  837s
 10418  2861  115.00000  416  762  247.00000  115.00000  53.4%   149  864s
 11078  3306  115.00000  454  762  247.00000  115.00000  53.4%   153  881s
 11917  3313  115.00000  538  754  247.00000  115.00000  53.4%   158  901s
 11926  3645  115.00000  539  754  247.00000  115.00000  53.4%   158  913s
 12431  4089  115.00000  589  754  247.00000  115.00000  53.4%   162  925s
 13004  4350  125.00000  655  814  247.00000  115.00000  53.4%   167  935s
 13506  4356  115.00000  678  768  247.00000  115.00000  53.4%   171  949s
 13512  4385  115.00000  679  768  247.00000  115.00000  53.4%   171  956s
 13548  4388  221.00000  683 1175  247.00000  115.00000  53.4%   172  964s
 13552  4392  115.00000  684  768  247.00000  115.00000  53.4%   172  975s
H13556  3980                     246.0000000  115.00000  53.3%   172  984s
 13597  3989  115.00000  686  768  246.00000  115.00000  53.3%   173  994s
 13607  4308  115.00000  689  757  246.00000  115.00000  53.3%   173 1004s
 14087  4523  115.00000  737  757  246.00000  115.00000  53.3%   177 1014s
 14576  4530  115.00000  775  757  246.00000  115.00000  53.3%   180 1030s
 14583  4842  115.00000  776  757  246.00000  115.00000  53.3%   180 1041s
 15097  4959  115.00000  808  757  246.00000  115.00000  53.3%   183 1054s
 15261  4963  115.00000  820  757  246.00000  115.00000  53.3%   184 1072s
 15265  4967  235.00000  820 1388  246.00000  115.00000  53.3%   184 1116s
 15269  4971  115.00000  821  757  246.00000  115.00000  53.3%   184 1129s
 15273  4974  245.00000  821 1318  246.00000  115.00000  53.3%   184 1163s
 15278  4978  115.00000  822  757  246.00000  115.00000  53.3%   184 1177s
 15282  4982  244.00000  822 1425  246.00000  115.00000  53.3%   185 1198s
 15286  4986  115.00000  823  757  246.00000  115.00000  53.3%   185 1214s
 15290  4990  245.00000  823 1216  246.00000  115.00000  53.3%   185 1267s
 15294  4994  115.00000  824  757  246.00000  115.00000  53.3%   185 1285s
 15298  4998  245.00000  824 1337  246.00000  115.00000  53.3%   185 1339s
 15302  5002  115.00000  825  757  246.00000  115.00000  53.3%   186 1358s
 15306  5006  244.00000  825 1404  246.00000  115.00000  53.3%   186 1385s
 15310  5010  115.00000  826  757  246.00000  115.00000  53.3%   186 1402s
 15314  5014  243.00000  826 1335  246.00000  115.00000  53.3%   186 1444s
 15318  5018  115.00000  827  757  246.00000  115.00000  53.3%   186 1460s
 15322  5022  242.00000  827 1443  246.00000  115.00000  53.3%   186 1514s
 15326  5026  115.00000  828  757  246.00000  115.00000  53.3%   187 1541s
 15330  5030  241.00000  828 1366  246.00000  115.00000  53.3%   187 1561s
 15334  5034  115.00000  829  757  246.00000  115.00000  53.3%   187 1580s
 15338  5038  237.00000  829 1308  246.00000  115.00000  53.3%   187 1629s
 15342  5043  115.00000  830  757  246.00000  115.00000  53.3%   187 1653s
 15347  5048  236.00000  830 1358  246.00000  115.00000  53.3%   188 1705s
H15350  2743                     232.0000000  115.00000  50.4%   188 1705s
 15352  2751  115.00000  831  757  232.00000  115.00000  50.4%   188 1743s
 15366  2745  115.00000  833  758  232.00000  115.00000  50.4%   189 1778s
 15372  2752  115.00000  834  764  232.00000  115.00000  50.4%   189 1800s

Cutting planes:
  Gomory: 20
  Cover: 44
  Implied bound: 89
  Clique: 16
  MIR: 79
  StrongCG: 22
  Flow cover: 264
  GUB cover: 47
  Zero half: 10
  Network: 5
  Relax-and-lift: 195

Explored 15383 nodes (3002384 simplex iterations) in 1800.01 seconds (3941.30 work units)
Thread count was 8 (of 8 available processors)

Solution count 3: 232 246 247 

Time limit reached
Best objective 2.320000000000e+02, best bound 1.150000000000e+02, gap 50.4310%
! --------------------------------------------------------
! Status: FEASIBLE (time limit reached)
! Best span = 232
! Labeling: 70 114 1 126 91 74 1 116 1 114 49 114 117 217 1 1 219 1 50 57 83 42 1 114 1 114 1 11 33 115 4 1 157 101 1 230 114 201 171 151 105 127 227 136 1 1 56 230 227 228 36 225 183 103 129 1 174 227 51 55 211 115 202 93 232 114 227 121 45 109 1 131 174 62 218 1 1 1 1 216 231 114 114 228 213 227 65 231 227 9 232 232 117 118 39 46 114 95 231 1 223 192 1 229 114 119 203 132 119 1 63 1 114 114 114 1 1 194 231 231 41 21 10 232 193 114 227 81 102 114 112 86 76 1 114 13 64 133 84 114 130 232 115 1 156 1 108 92 67 90 227 145 231 146 232 2 1 114 1 165 223 100 1 130 1 231 206 114 223 1 227 163 227 114 114 232 1 61 99 114 28 12 114 37 44 4 141 20 1 54 155 114 143 231 8 170 69 230 150 3 114 1 199 1 208 1 1 197 188 227 114 114 107 227 114 7 115 114 120 1 230 114 169 35 176 1 1 22 115 27 5 130 29 228 114 135 227 116 1 232 26 1 94 1 24 228 144 1 175 228 1 227 1 212 168 58 1 172 160 196 18 149 231 215 227 122 227 1 1 231 229 1 192 226 232 114 227 227 227 227 191 185 187 181 1 1 227 1 186 222 114 38 214 47 52 114 124 114 128 231 114 1 138 1 114 224 198 159 78 73 114 118 79 114 43 114 2 48 140 227 106 114 66 1 232 152 1 1 30 1 117 77 104 232 125 114 5 184 167 128 114 207 210 166 15 158 117 85 1 195 2 119 229 53 178 231 114 231 1 220 40 14 190 148 71 228 1 68 75 97 1 1 227 221 6 25 60 89 118 227 114 228 115 204 1 134 1 1 1 164 6 123 1 19 230 205 182 1 114 114 2 1 232 229 149 34 137 209 161 98 1 152 1 231 227 115 115 142 228 80 114 59 82 189 232 115 139 227 1 227 111 115 177 114 162 1 16 230 231 115 1 110 173 114 114 72 115 231 96 231 154 1 1 1 23 153 31 1 4 230 113 200 232 180 1 147 227 1 1 230 88 17 161 229 114 227 119 32 1 179 230 1 1 232 87 114 227 119 225 1 1 114 1 1 
! --------------------------------------------------------
! All verification passed
