! Solving for graph /home/truongxuanhieu/Gurobi-for-MinSpanLabeling/benchmarks/cabp/L-bcspwr03.mtx.rnd
! Target value is set to 29
! Lower bound is set to 30
! Upper bound is set to 118
! Time limit is set to 1800
! Vertices mode is set to No hole
! Target value mode is set to Cyclic Antibandwidth
Set parameter WLSAccessID
Set parameter WLSSecret
Set parameter LicenseID to value 2663665
Academic license 2663665 - for non-commercial use only - registered to tu___@vnu.edu.vn
Set parameter OutputFlag to value 1
Set parameter TimeLimit to value 1800
Gurobi Optimizer version 13.0.2 build v13.0.2rc1 (linux64 - "Debian GNU/Linux 12 (bookworm)")

CPU model: Intel(R) Xeon(R) CPU @ 2.20GHz, instruction set [SSE2|AVX|AVX2]
Thread count: 4 physical cores, 8 logical processors, using up to 8 threads

Non-default parameters:
TimeLimit  1800

Academic license 2663665 - for non-commercial use only - registered to tu___@vnu.edu.vn
Optimize a model with 894 rows, 14519 columns and 43319 nonzeros (Min)
Model fingerprint: 0xe7835d87
Model has 1 linear objective coefficients
Model has 415 simple general constraints
  179 ABS, 236 INDICATOR
Variable types: 0 continuous, 14519 integer (14042 binary)
Coefficient statistics:
  Matrix range     [1e+00, 1e+02]
  Objective range  [1e+00, 1e+00]
  Bounds range     [1e+00, 1e+02]
  RHS range        [1e+00, 1e+02]
  GenCon rhs range [1e+00, 1e+00]
  GenCon coe range [1e+00, 1e+00]

Presolve added 710 rows and 299 columns
Presolve time: 0.20s
Presolved: 1604 rows, 14818 columns, 45162 nonzeros
Variable types: 0 continuous, 14818 integer (14162 binary)

Root relaxation: objective 5.800000e+01, 1264 iterations, 0.04 seconds (0.04 work units)

    Nodes    |    Current Node    |     Objective Bounds      |     Work
 Expl Unexpl |  Obj  Depth IntInf | Incumbent    BestBd   Gap | It/Node Time

     0     0   58.00000    0  271          -   58.00000      -     -    0s
     0     0   58.00000    0  545          -   58.00000      -     -    0s
     0     0   58.00000    0  648          -   58.00000      -     -    1s
     0     0   58.00000    0  702          -   58.00000      -     -    1s
     0     0   58.00000    0  361          -   58.00000      -     -    1s
     0     0   58.00000    0  471          -   58.00000      -     -    2s
     0     0   58.00000    0  621          -   58.00000      -     -    2s
     0     0   58.00000    0  461          -   58.00000      -     -    3s
     0     0   58.00000    0  460          -   58.00000      -     -    3s
     0     0   58.00000    0  330          -   58.00000      -     -    3s
     0     2   58.00000    0  330          -   58.00000      -     -    4s
    11    41   58.66667    4  663          -   58.00000      -   312    5s
   320   323  116.00000   46  551          -   58.00000      -   182   10s
   465   474 infeasible   84               -   58.00000      -   188   15s
   701   690  116.00000   36  595          -   58.00000      -   213   20s
   839   768  116.00000   98  404          -   58.00000      -   214   25s
   880   832  116.00000  109  365          -   58.00000      -   212   31s
  1137  1022  117.00000   72  461          -   58.00000      -   206   36s
  1208  1025  117.00000   49  427          -   58.00000      -   210   40s
  1216  1030  116.00000   96  470          -   58.00000      -   208   45s
  1220  1033  116.00000   43  408          -   60.00000      -   208   50s
  1269  1085   87.00000   25  435          -   60.00000      -   231   57s
  1292  1095   87.00000   27  427          -   60.00000      -   239   62s
  1313  1100  118.00000   29  500          -   60.00000      -   261   66s
  1327  1111   87.00000   31  406          -   60.00000      -   276   70s
  1342  1119  118.00000   32  542          -   60.00000      -   298   76s
  1355  1130  114.00000   34  614          -   60.00000      -   307   80s
  1378  1147  116.00000   36  616          -   60.00000      -   319   87s
  1398  1160  116.00000   37  605          -   60.00000      -   322   90s
  1426  1181  116.00000   40  548          -   60.00000      -   331   96s
  1482  1210  117.00000   47  592          -   60.00000      -   328  100s
  1525  1247  117.00000   50  462          -   60.00000      -   335  105s
  1592  1303  117.00000   59  494          -   60.00000      -   338  111s
  1636  1383  117.00000   65  483          -   60.00000      -   338  115s
  1722  1366 infeasible   76               -   60.00000      -   335  120s
  1749  1377  117.00000   78  492          -   60.00000      -   338  126s
  1757  1382 infeasible   79               -   60.00000      -   338  131s
  1767  1398  117.00000   81  456          -   60.00000      -   345  136s
  1790  1402  117.00000   84  484          -   60.00000      -   345  141s
  1800  1413  117.00000   85  490          -   60.00000      -   345  146s
  1808  1423  117.00000   85  449          -   60.00000      -   345  150s
  1836  1450  117.00000   86  422          -   60.00000      -   349  156s
  1874  1463  117.00000   87  562          -   60.00000      -   357  161s
  1901  1476  117.00000   88  442          -   60.00000      -   363  168s
  1909  1485  117.00000   89  498          -   60.00000      -   366  172s
  1921  1497  117.00000   89  447          -   60.00000      -   370  176s
  1937  1503  117.00000   90  568          -   60.00000      -   374  180s
  1954  1516  117.00000   91  502          -   60.00000      -   378  187s
  1967  1526 infeasible   92               -   60.00000      -   379  191s
  1992  1535  117.00000   96  413          -   60.00000      -   381  198s
  2006  1550  117.00000   99  545          -   60.00000      -   385  201s
  2026  1572 infeasible  103               -   60.00000      -   385  205s
  2081  1591  117.00000  110  506          -   60.00000      -   387  212s
  2100  1605  117.00000  112  496          -   60.00000      -   389  216s
  2124  1626  117.00000  115  416          -   60.00000      -   392  221s
  2161  1617  117.00000  119  512          -   60.00000      -   395  225s
  2169  1622  117.00000  120  488          -   60.00000      -   395  235s
  2178  1627  117.00000  121  497          -   60.00000      -   397  244s
  2182  1635  117.00000  121  447          -   60.00000      -   397  249s
  2192  1665  117.00000  122  417          -   60.00000      -   399  253s
  2233  1694  117.00000  128  464          -   60.00000      -   400  258s
  2292  1720  117.00000  133  454          -   60.00000      -   401  264s
  2346  1761  117.00000  142  427          -   60.00000      -   404  269s
  2421  1804  117.00000  153  338          -   60.00000      -   402  275s
  2521  1874  117.00000  178  275          -   60.00000      -   398  281s
  2644  1916  117.00000  210  264          -   60.00000      -   389  286s
  2747  1964   87.00000   25  491          -   60.00000      -   385  292s
  2857  2013  116.00000   31  509          -   60.00000      -   383  298s
  2964  2065  116.00000   35  467          -   60.00000      -   379  304s
  3085  2118  116.00000   40  503          -   60.00000      -   370  310s
* 3200  1108             376     117.0000000   60.00000  48.7%   365  310s
  3231  1128  116.00000   49  390  117.00000   60.00000  48.7%   362  317s
  3327  1181  116.00000   58  421  117.00000   60.00000  48.7%   359  325s
  3416  1270  116.00000   66  478  117.00000   60.00000  48.7%   358  333s
  3539  1337  116.00000   81  396  117.00000   60.00000  48.7%   355  340s
  3735  1561  116.00000  101  383  117.00000   60.00000  48.7%   345  346s
  4182  1499 infeasible  178       117.00000   87.00000  25.6%   321  353s
  4321  1637  116.00000   27  638  117.00000   87.00000  25.6%   321  359s
  4461  1944  116.00000   49  517  117.00000   87.00000  25.6%   319  366s
  4995  2044  116.00000   72  459  117.00000   87.00000  25.6%   294  372s
  5099  2401  116.00000  107  431  117.00000   87.00000  25.6%   294  379s
  5582  2531  116.00000  198  316  117.00000   87.00000  25.6%   278  386s
  5716  2926  116.00000  213  411  117.00000   87.00000  25.6%   278  393s
  6455  2999 infeasible  331       117.00000   87.00000  25.6%   255  400s
  6560  3162  116.00000   43  469  117.00000   87.00000  25.6%   255  407s
  6750  3575  116.00000   70  519  117.00000   87.00000  25.6%   253  415s
  7314  3669  116.00000  211  370  117.00000   87.00000  25.6%   238  422s
  7421  3960  116.00000  249  398  117.00000   87.00000  25.6%   238  429s
  7724  4491  116.00000  333  406  117.00000   87.00000  25.6%   233  437s
  8410  4658  116.00000  483  406  117.00000   87.00000  25.6%   219  445s
  8594  4967  116.00000  546  412  117.00000   87.00000  25.6%   217  453s
  8905  5911  116.00000  645  476  117.00000   87.00000  25.6%   214  462s
 10135  6166  116.00000   56  386  117.00000   87.00000  25.6%   194  469s
 10395  6938  116.00000   60  426  117.00000   87.00000  25.6%   193  485s
 11408  7006  116.00000   90  468  117.00000   87.00000  25.6%   185  491s
 11478  7405  116.00000  110  390  117.00000   87.00000  25.6%   186  498s
 11912  7937  116.00000  293  432  117.00000   87.00000  25.6%   182  506s
 12610  8251  116.00000  450  414  117.00000   87.00000  25.6%   176  512s
 12975  8722  116.00000  582  343  117.00000   87.00000  25.6%   173  518s
 13520  9065  116.00000  785  415  117.00000   87.00000  25.6%   169  523s
 13878 10240  116.00000  915  454  117.00000   87.00000  25.6%   167  529s
 15198 10353  116.00000  118  538  117.00000   87.00000  25.6%   156  534s
 15343 10935  116.00000  128  459  117.00000   87.00000  25.6%   156  539s
 16056 11051  116.00000  344  444  117.00000   87.00000  25.6%   152  543s
 16172 11055  116.00000  399  446  117.00000   87.00000  25.6%   152  547s
 16176 11059  116.00000  400  423  117.00000   87.00000  25.6%   152  551s
 16180 11224  116.00000  401  421  117.00000   87.00000  25.6%   152  556s
 16345 11322  116.00000  479  443  117.00000   87.00000  25.6%   151  560s
 16743 12390  116.00000  654  358  117.00000   87.00000  25.6%   151  569s
 17639 12544  116.00000  854  431  117.00000   87.00000  25.6%   146  573s
 17795 13306  116.00000  911  440  117.00000   87.00000  25.6%   146  577s
 18648 13355  116.00000 1101  444  117.00000   87.00000  25.6%   142  581s
 18742 13383   88.00000   24  410  117.00000   87.00000  25.6%   142  585s
 19295 13729 infeasible   53       117.00000   87.00000  25.6%   141  594s
 19326 13829  116.00000   32  513  117.00000   87.00000  25.6%   143  598s
 19426 14761  116.00000   45  468  117.00000   87.00000  25.6%   142  602s
 20632 14964  116.00000   26  489  117.00000   87.00000  25.6%   137  628s
 20857 17368  116.00000   40  487  117.00000   87.00000  25.6%   138  649s
 23863 17568  116.00000   63  484  117.00000   87.00000  25.6%   128  652s
 24067 17679  116.00000  111  413  117.00000   87.00000  25.6%   127  655s
 24442 18114  116.00000  154  431  117.00000   87.00000  25.6%   127  662s
 24657 18918  116.00000  227  390  117.00000   87.00000  25.6%   127  665s
 25635 19176  116.00000  433  460  117.00000   87.00000  25.6%   124  671s
 25852 19569  116.00000  551  478  117.00000   87.00000  25.6%   124  675s
 26298 19598  116.00000  682  422  117.00000   87.00000  25.6%   123  680s
 27017 20246  116.00000  156  403  117.00000   87.00000  25.6%   122  686s
 27215 21442  116.00000  251  438  117.00000   87.00000  25.6%   122  693s
 28316 21483  116.00000  550  364  117.00000   87.00000  25.6%   119  696s
 28375 21648  116.00000  558  415  117.00000   87.00000  25.6%   119  700s
 28770 22061  116.00000  699  433  117.00000   87.00000  25.6%   119  707s
 29057 22137  116.00000  803  408  117.00000   87.00000  25.6%   119  710s
 29930 22969  116.00000 1001  457  117.00000   87.00000  25.6%   117  717s
 30000 23281  116.00000 1043  512  117.00000   87.00000  25.6%   117  720s
 30619 23773  116.00000   32  495  117.00000   87.00000  25.6%   116  726s
 30858 24185  116.00000   33  474  117.00000   87.00000  25.6%   116  735s
 31386 24404  116.00000  112  383  117.00000   87.00000  25.6%   116  742s
 31681 26063  116.00000  168  304  117.00000   87.00000  25.6%   116  749s
 33979 26060  116.00000   74  494  117.00000   87.00000  25.6%   111  753s
 33990 26085  116.00000   75  485  117.00000   87.00000  25.6%   111  755s
 34079 26388  116.00000  101  486  117.00000   87.00000  25.6%   111  762s
 34337 26465  116.00000  161  379  117.00000   87.00000  25.6%   111  765s
 35174 27239  116.00000  419  395  117.00000   87.00000  25.6%   110  770s
 35392 27968  116.00000  529  426  117.00000   87.00000  25.6%   110  776s
 36086 28287  116.00000  769  410  117.00000   87.00000  25.6%   109  780s
 36525 28662  116.00000   37  525  117.00000   87.00000  25.6%   109  785s
 36976 28704  116.00000   43  513  117.00000   87.00000  25.6%   109  791s
 37716 29301  116.00000  252  417  117.00000   87.00000  25.6%   108  797s
 37786 29818  116.00000  280  438  117.00000   87.00000  25.6%   108  803s
 38314 29911  116.00000  438  401  117.00000   87.00000  25.6%   107  805s
 38831 30287  116.00000   26  507  117.00000   87.00000  25.6%   107  811s
 38951 30861  116.00000   36  536  117.00000   87.00000  25.6%   107  817s
 39507 30907  116.00000   52  441  117.00000   87.00000  25.6%   107  820s
 39814 31216  116.00000   86  500  117.00000   87.00000  25.6%   107  825s
 40864 32215  116.00000  358  452  117.00000   87.00000  25.6%   105  831s
 41705 32985  116.00000  581  446  117.00000   87.00000  25.6%   104  841s
 41833 34315  116.00000   29  472  117.00000   87.00000  25.6%   105  862s
 43621 34542  116.00000  156  402  117.00000   87.00000  25.6%   105  869s
 43886 35686  116.00000  284  393  117.00000   87.00000  25.6%   105  877s
 45213 35862  116.00000  696  400  117.00000   87.00000  25.6%   104  881s
 45424 36970  116.00000  813  398  117.00000   87.00000  25.6%   104  886s
 46693 37005  116.00000   55  481  117.00000   87.00000  25.6%   102  890s
 46832 37724  116.00000   71  467  117.00000   87.00000  25.6%   102  897s
 47517 37810  116.00000  236  416  117.00000   87.00000  25.6%   102  901s
 47609 38175  116.00000  240  443  117.00000   87.00000  25.6%   102  906s
 48659 38930  116.00000  601  443  117.00000   87.00000  25.6%   101  914s
 48805 39350  116.00000  692  468  117.00000   87.00000  25.6%   101  919s
 49326 39350 infeasible   56       117.00000   87.00000  25.6%   101  925s
 49396 40169  116.00000   75  502  117.00000   87.00000  25.6%   102  934s
 50195 40190  116.00000  329  493  117.00000   87.00000  25.6%   101  938s
 50230 40287  116.00000  334  489  117.00000   87.00000  25.6%   101  941s
 50683 40816  116.00000  478  464  117.00000   87.00000  25.6%   101  948s
 50894 41669  116.00000  570  393  117.00000   87.00000  25.6%   101  952s
 51787 41730  116.00000  774  493  117.00000   87.00000  25.6%   100  956s
 51864 42139  116.00000  794  524  117.00000   87.00000  25.6%   100  961s
 52337 42257  116.00000  896  501  117.00000   87.00000  25.6%   100  968s
 52505 45710  116.00000   33  536  117.00000   87.00000  25.6%   100  987s
 56421 45730  116.00000  549  359  117.00000   87.00000  25.6%  96.3  990s
 56515 45879  116.00000  593  345  117.00000   87.00000  25.6%  96.6  995s
 56682 46023  116.00000  658  348  117.00000   87.00000  25.6%  96.6 1000s
 57393 46682  116.00000  880  334  117.00000   87.00000  25.6%  96.0 1007s
 58105 47259 infeasible 1143       117.00000   87.00000  25.6%  95.4 1012s
 58169 47401  116.00000   28  477  117.00000   87.00000  25.6%  95.6 1015s
 58690 47757  116.00000   85  407  117.00000   87.00000  25.6%  95.6 1021s
 58747 48119  116.00000   94  438  117.00000   87.00000  25.6%  95.6 1026s
 59229 48845  116.00000  265  345  117.00000   87.00000  25.6%  95.4 1030s
 60081 49036  116.00000  540  282  117.00000   87.00000  25.6%  94.8 1035s
 61000 50342  116.00000  877  285  117.00000   87.00000  25.6%  94.2 1042s
 61741 50393  116.00000   28  517  117.00000   87.00000  25.6%  93.8 1046s
 62070 50652  116.00000   36  502  117.00000   87.00000  25.6%  93.7 1051s
 62143 51141  116.00000   45  528  117.00000   87.00000  25.6%  94.0 1056s
 62654 51257  116.00000   30  470  117.00000   87.00000  25.6%  93.6 1062s
 62789 53618  116.00000   39  488  117.00000   87.00000  25.6%  93.9 1080s
 65437 53734  116.00000  430  402  117.00000   87.00000  25.6%  92.2 1085s
 65684 54930  116.00000  562  420  117.00000   87.00000  25.6%  92.3 1092s
 66790 55049 infeasible  830       117.00000   87.00000  25.6%  91.4 1095s
 67269 55772  116.00000   29  512  117.00000   87.00000  25.6%  91.3 1103s
 67677 55986  116.00000   55  399  117.00000   87.00000  25.6%  91.3 1106s
 68682 56684  116.00000   27  464  117.00000   87.00000  25.6%  90.8 1113s
 68702 56722  116.00000   29  487  117.00000   87.00000  25.6%  91.0 1116s
 69409 57364  116.00000   84  434  117.00000   87.00000  25.6%  90.8 1122s
 69437 57539  116.00000   86  448  117.00000   87.00000  25.6%  91.0 1125s
 70618 58505 infeasible  336       117.00000   87.00000  25.6%  90.2 1132s
 71157 58985  116.00000  123  433  117.00000   87.00000  25.6%  90.3 1138s
 71196 59085  116.00000  124  451  117.00000   87.00000  25.6%  90.4 1141s
 72261 60093  116.00000  433  445  117.00000   87.00000  25.6%  89.8 1147s
 72824 60770  116.00000  639  397  117.00000   87.00000  25.6%  89.7 1154s
 73028 62049  116.00000  720  386  117.00000   87.00000  25.6%  89.7 1160s
 74493 62140  116.00000 1199  432  117.00000   87.00000  25.6%  89.3 1167s
 74681 62780  116.00000 1263  442  117.00000   87.00000  25.6%  89.3 1171s
 75380 63100 infeasible   38       117.00000   87.00000  25.6%  89.0 1176s
 75716 63125  116.00000   53  502  117.00000   87.00000  25.6%  89.0 1180s
 76000 63439  116.00000   69  390  117.00000   87.00000  25.6%  89.2 1186s
 76333 63725 infeasible   93       117.00000   87.00000  25.6%  89.3 1194s
 76387 64038  116.00000   95  424  117.00000   87.00000  25.6%  89.5 1197s
 76814 64226  116.00000  130  319  117.00000   87.00000  25.6%  89.7 1202s
 76976 64696  116.00000  139  331  117.00000   87.00000  25.6%  89.8 1207s
 77679 64745  116.00000   61  460  117.00000   87.00000  25.6%  89.7 1210s
 78193 65095   88.00000   25  340  117.00000   87.00000  25.6%  89.7 1218s
 78212 65135  116.00000   28  541  117.00000   87.00000  25.6%  89.9 1222s
 78252 65763  116.00000   40  520  117.00000   87.00000  25.6%  90.0 1228s
 78998 65782  116.00000   67  501  117.00000   87.00000  25.6%  89.7 1232s
 79017 65861  116.00000   76  401  117.00000   87.00000  25.6%  89.9 1235s
 79665 66568  116.00000  284  353  117.00000   87.00000  25.6%  89.7 1241s
 79821 67943  116.00000  377  357  117.00000   87.00000  25.6%  89.7 1245s
 81305 68891  116.00000  720  390  117.00000   87.00000  25.6%  88.8 1250s
 82288 69348  116.00000  989  389  117.00000   87.00000  25.6%  88.3 1256s
 82807 69439  116.00000   42  519  117.00000   87.00000  25.6%  88.3 1263s
 82896 69455  116.00000   55  492  117.00000   87.00000  25.6%  88.4 1266s
 83212 69666  116.00000  128  471  117.00000   87.00000  25.6%  88.4 1270s
 83261 71162  116.00000  135  458  117.00000   87.00000  25.6%  88.6 1280s
 85052 72154  116.00000  581  401  117.00000   87.00000  25.6%  87.6 1285s
 86542 72834   87.00000   39  443  117.00000   87.00000  25.6%  86.8 1291s
 86672 72977  116.00000   53  501  117.00000   87.00000  25.6%  86.9 1295s
 86986 73223  116.00000   97  497  117.00000   87.00000  25.6%  87.1 1301s
 87301 73483  116.00000  188  445  117.00000   87.00000  25.6%  87.0 1305s
 88099 74212  116.00000  427  419  117.00000   87.00000  25.6%  86.8 1311s
 88224 74648  116.00000  514  349  117.00000   87.00000  25.6%  87.0 1315s
 88658 75024  116.00000  671  460  117.00000   87.00000  25.6%  86.9 1321s
 89226 75537  116.00000  802  426  117.00000   87.00000  25.6%  86.8 1325s
 89774 75775  116.00000  956  432  117.00000   87.00000  25.6%  86.7 1332s
 90211 76521  116.00000 1080  427  117.00000   87.00000  25.6%  86.6 1336s
 90816 76929  116.00000 1244  424  117.00000   87.00000  25.6%  86.4 1341s
 91309 77399  116.00000 1376  476  117.00000   87.00000  25.6%  86.3 1345s
 91755 77460  116.00000   25  538  117.00000   87.00000  25.6%  86.3 1350s
 92098 77753  116.00000   28  507  117.00000   87.00000  25.6%  86.3 1355s
 92323 78013  116.00000   47  493  117.00000   87.00000  25.6%  86.5 1360s
 92826 78357  116.00000   27  557  117.00000   87.00000  25.6%  86.4 1365s
 92885 78808  116.00000   38  582  117.00000   87.00000  25.6%  86.7 1372s
 93417 78888  116.00000   29  490  117.00000   87.00000  25.6%  86.6 1378s
 93488 79688  116.00000   35  408  117.00000   87.00000  25.6%  86.7 1384s
 94512 79701 infeasible  264       117.00000   87.00000  25.6%  86.5 1388s
 94531 79718 infeasible  261       117.00000   87.00000  25.6%  86.6 1391s
 94577 80008  116.00000   29  501  117.00000   87.00000  25.6%  86.8 1398s
 94888 80096  116.00000   77  432  117.00000   87.00000  25.6%  86.9 1401s
 96170 81295  116.00000  388  463  117.00000   87.00000  25.6%  86.3 1407s
 96254 81413  116.00000  408  521  117.00000   87.00000  25.6%  86.4 1410s
 97064 82271  116.00000  614  530  117.00000   87.00000  25.6%  86.2 1417s
 97301 82448  116.00000  704  515  117.00000   87.00000  25.6%  86.2 1420s
 98192 83170  116.00000  914  552  117.00000   87.00000  25.6%  85.9 1426s
 98600 83610  116.00000  993  537  117.00000   87.00000  25.6%  85.9 1432s
 99461 84266 infeasible  165       117.00000   87.00000  25.6%  85.7 1438s
 99498 84323  116.00000   29  478  117.00000   87.00000  25.6%  85.8 1441s
 100195 84884  116.00000   56  492  117.00000   87.00000  25.6%  85.7 1447s
 100199 84918  116.00000   57  417  117.00000   87.00000  25.6%  85.8 1450s
 100360 85160  116.00000   91  526  117.00000   87.00000  25.6%  86.0 1456s
 101273 86047  116.00000  323  514  117.00000   87.00000  25.6%  85.8 1462s
 102207 86895  116.00000  570  482  117.00000   87.00000  25.6%  85.5 1467s
 102960 87602  116.00000  805  475  117.00000   87.00000  25.6%  85.3 1472s
 103466 87907  116.00000   47  479  117.00000   87.00000  25.6%  85.3 1480s
 104270 88779  116.00000  232  386  117.00000   87.00000  25.6%  85.1 1491s
 104396 91549  116.00000  272  414  117.00000   87.00000  25.6%  85.3 1508s
 107369 91666  116.00000   82  451  117.00000   87.00000  25.6%  84.4 1510s
 107625 92057  116.00000  108  435  117.00000   87.00000  25.6%  84.4 1516s
 107915 92139  116.00000  147  417  117.00000   87.00000  25.6%  84.5 1520s
 108933 93053  116.00000   39  487  117.00000   87.00000  25.6%  84.2 1528s
 108994 93301  116.00000   40  487  117.00000   87.00000  25.6%  84.3 1532s
 109324 93329  116.00000   65  494  117.00000   87.00000  25.6%  84.3 1537s
 110068 93979  116.00000  288  520  117.00000   87.00000  25.6%  84.3 1542s
 110079 94055  116.00000  290  523  117.00000   87.00000  25.6%  84.4 1545s
 110889 94573  116.00000   84  577  117.00000   87.00000  25.6%  84.3 1552s
 111261 95232  116.00000   88  559  117.00000   87.00000  25.6%  84.3 1557s
 111970 95233  116.00000   38  462  117.00000   87.00000  25.6%  84.1 1560s
 112073 95658  116.00000   43  426  117.00000   87.00000  25.6%  84.3 1570s
 112537 95792  116.00000   30  543  117.00000   87.00000  25.6%  84.5 1575s
 113352 96462  116.00000   43  497  117.00000   87.00000  25.6%  84.3 1581s
 113687 96784  116.00000   47  527  117.00000   87.00000  25.6%  84.4 1587s
 114497 97505  116.00000   62  463  117.00000   87.00000  25.6%  84.2 1596s
 114576 100038  116.00000   63  455  117.00000   87.00000  25.6%  84.4 1624s
 117426 100294  116.00000  126  425  117.00000   87.00000  25.6%  84.4 1629s
 117688 101495  116.00000  132  441  117.00000   87.00000  25.6%  84.3 1633s
 119231 101492  116.00000   67  419  117.00000   87.00000  25.6%  83.8 1637s
 119252 101544  116.00000   68  399  117.00000   87.00000  25.6%  83.9 1640s
 119409 101739  116.00000  106  338  117.00000   87.00000  25.6%  84.1 1646s
 119866 102588  116.00000  245  343  117.00000   87.00000  25.6%  84.1 1652s
 120449 102851  116.00000  465  342  117.00000   87.00000  25.6%  84.0 1656s
 121886 103996  116.00000   25  450  117.00000   87.00000  25.6%  83.5 1662s
 122850 104840  116.00000  186  373  117.00000   87.00000  25.6%  83.2 1667s
 122909 104928  116.00000  191  370  117.00000   87.00000  25.6%  83.3 1670s
 123699 105579  116.00000  432  345  117.00000   87.00000  25.6%  83.1 1676s
 123831 106303  116.00000  534  342  117.00000   87.00000  25.6%  83.3 1682s
 124487 106381  116.00000  742  388  117.00000   87.00000  25.6%  83.1 1685s
 125078 107168  116.00000  925  405  117.00000   87.00000  25.6%  83.0 1693s
 125393 108183  116.00000 1131  431  117.00000   87.00000  25.6%  83.0 1700s
 126670 108226  116.00000   46  465  117.00000   87.00000  25.6%  83.0 1706s
 126756 108735  116.00000   59  497  117.00000   87.00000  25.6%  83.1 1712s
 127276 108769  116.00000  171  455  117.00000   87.00000  25.6%  83.0 1716s
 127409 110002  116.00000  216  477  117.00000   87.00000  25.6%  83.1 1722s
 128562 110077  116.00000  460  489  117.00000   87.00000  25.6%  82.7 1725s
 129177 110692  116.00000  632  496  117.00000   87.00000  25.6%  82.7 1733s
 129319 111474  116.00000  679  476  117.00000   87.00000  25.6%  82.7 1735s
 130193 111625  116.00000  891  475  117.00000   87.00000  25.6%  82.5 1741s
 130393 112164  116.00000   57  506  117.00000   87.00000  25.6%  82.6 1747s
 130992 112162  116.00000   57  459  117.00000   87.00000  25.6%  82.5 1750s
 131058 112525  116.00000   64  388  117.00000   87.00000  25.6%  82.6 1755s
 131437 112604  116.00000  188  410  117.00000   87.00000  25.6%  82.7 1762s
 131510 112841  116.00000  219  439  117.00000   87.00000  25.6%  82.7 1765s
 132118 113970  116.00000  449  411  117.00000   87.00000  25.6%  82.6 1770s
 133624 114725 infeasible  872       117.00000   87.00000  25.6%  82.3 1777s
 133774 114754  116.00000   41  534  117.00000   87.00000  25.6%  82.3 1780s
 134141 115001  116.00000  146  397  117.00000   87.00000  25.6%  82.4 1785s
 134185 115155  116.00000  155  408  117.00000   87.00000  25.6%  82.6 1791s
 134596 115848  116.00000  363  437  117.00000   87.00000  25.6%  82.6 1797s
 135257 116159  116.00000  605  395  117.00000   87.00000  25.6%  82.5 1800s

Cutting planes:
  Gomory: 5
  Cover: 41
  Implied bound: 76
  Projected implied bound: 1
  Clique: 16
  MIR: 80
  StrongCG: 93
  Flow cover: 106
  GUB cover: 37
  Zero half: 9
  Network: 6
  RLT: 19
  Relax-and-lift: 57
  PSD: 4

Explored 135343 nodes (11186092 simplex iterations) in 1800.02 seconds (3019.65 work units)
Thread count was 8 (of 8 available processors)

Solution count 1: 117 

Time limit reached
Best objective 1.170000000000e+02, best bound 8.700000000000e+01, gap 25.6410%
! --------------------------------------------------------
! Status: FEASIBLE (time limit reached)
! Best span = 117
! Labeling: 65 39 91 16 45 1 18 23 89 15 26 51 59 109 30 69 98 25 4 52 106 31 40 116 85 82 96 36 75 104 102 87 80 9 33 46 21 60 68 56 95 29 99 90 12 114 28 77 43 72 67 81 3 7 17 76 38 62 63 105 64 8 92 5 103 49 66 32 50 48 79 78 74 47 43 11 84 83 41 110 35 117 71 113 2 42 70 58 100 57 27 24 14 86 88 93 97 112 13 20 6 107 101 55 19 61 34 73 54 53 115 108 22 111 37 94 44 10 
! --------------------------------------------------------
! All verification passed
