! Solving for graph /home/truongxuanhieu/Gurobi-for-MinSpanLabeling/benchmarks/abp/H-impcol_b.mtx.rnd
! Target value is set to 4
! Lower bound is set to 5
! Upper bound is set to 29
! Time limit is set to 1800
! Vertices mode is set to No hole
! Target value mode is set to Antibandwidth
Set parameter WLSAccessID
Set parameter WLSSecret
Set parameter LicenseID to value 2663665
Academic license 2663665 - for non-commercial use only - registered to tu___@vnu.edu.vn
Set parameter OutputFlag to value 1
Set parameter TimeLimit to value 1800
Gurobi Optimizer version 13.0.2 build v13.0.2rc1 (linux64 - "Debian GNU/Linux 12 (bookworm)")

CPU model: AMD EPYC 7B12, instruction set [SSE2|AVX|AVX2]
Thread count: 4 physical cores, 8 logical processors, using up to 8 threads

Non-default parameters:
TimeLimit  1800

Academic license 2663665 - for non-commercial use only - registered to tu___@vnu.edu.vn
Optimize a model with 712 rows, 2392 columns and 6464 nonzeros (Min)
Model fingerprint: 0xba6da847
Model has 1 linear objective coefficients
Model has 399 simple general constraints
  281 ABS, 118 INDICATOR
Variable types: 0 continuous, 2392 integer (1770 binary)
Coefficient statistics:
  Matrix range     [1e+00, 3e+01]
  Objective range  [1e+00, 1e+00]
  Bounds range     [1e+00, 3e+01]
  RHS range        [1e+00, 3e+01]
  GenCon rhs range [1e+00, 1e+00]
  GenCon coe range [1e+00, 1e+00]

Presolve added 737 rows and 548 columns
Presolve time: 0.03s
Presolved: 1449 rows, 2940 columns, 8796 nonzeros
Variable types: 0 continuous, 2940 integer (2037 binary)

Root relaxation: objective 5.000000e+00, 698 iterations, 0.01 seconds (0.00 work units)

    Nodes    |    Current Node    |     Objective Bounds      |     Work
 Expl Unexpl |  Obj  Depth IntInf | Incumbent    BestBd   Gap | It/Node Time

     0     0    5.00000    0   93          -    5.00000      -     -    0s
     0     0    5.00000    0  324          -    5.00000      -     -    0s
     0     0    5.00000    0  250          -    5.00000      -     -    0s
     0     0    5.00000    0  864          -    5.00000      -     -    0s
     0     0    5.00000    0  418          -    5.00000      -     -    0s
     0     0    5.00000    0  417          -    5.00000      -     -    0s
     0     0    5.00000    0  385          -    5.00000      -     -    0s
     0     2    5.00000    0  378          -    5.00000      -     -    0s
  1291  1051    9.00000   19  192          -    6.00000      -  51.0    5s
H 2924  1472                      29.0000000    6.00000  79.3%  53.4    8s
  4717  2503 infeasible  109        29.00000    6.00000  79.3%  44.0   10s
 18154 12608   17.00000   24  215   29.00000    9.00000  69.0%  25.9   15s
 30552 22569   21.00000  132  127   29.00000    9.00000  69.0%  23.9   22s
 38372 27760 infeasible   78        29.00000    9.00000  69.0%  23.5   25s
 53885 39197   25.00000   39  181   29.00000   13.00000  55.2%  22.0   30s
 56689 41010   25.00000   38  401   29.00000   13.00000  55.2%  22.6   35s
 68458 49584   25.00000   35  287   29.00000   13.00000  55.2%  21.9   40s
 83780 60741   17.00000   31  212   29.00000   13.00000  55.2%  21.1   45s
 99081 71717 infeasible   47        29.00000   13.00000  55.2%  20.6   50s
 111379 81532   17.00000   37  204   29.00000   13.00000  55.2%  20.8   55s
 127076 91146   25.00000   40  164   29.00000   13.00000  55.2%  20.4   60s
 141940 101412   13.00000   30  182   29.00000   13.00000  55.2%  20.4   65s
 156651 111539 infeasible   45        29.00000   13.00000  55.2%  20.3   70s
 163293 121458   17.00000   37  114   29.00000   13.00000  55.2%  20.5   75s
 177752 129106   25.00000   35  203   29.00000   13.00000  55.2%  20.6   83s
 188378 131277 infeasible   91        29.00000   13.00000  55.2%  21.1   85s
 202099 140215 infeasible   71        29.00000   13.00000  55.2%  21.0   90s
 215901 149037   13.00000   24  230   29.00000   13.00000  55.2%  20.9   95s
 226945 156425   17.00000   29  203   29.00000   13.00000  55.2%  21.1  100s
 236850 167001   17.00000   33  181   29.00000   13.00000  55.2%  21.3  105s
 251707 176344   13.00000   33  187   29.00000   13.00000  55.2%  21.1  111s
 266612 180784 infeasible   47        29.00000   13.00000  55.2%  21.0  115s
 277487 188104   21.00000   31  181   29.00000   13.00000  55.2%  21.0  120s
 290570 196161   17.00000   34  154   29.00000   13.00000  55.2%  21.0  125s
 304691 205219   17.00000   32  176   29.00000   13.00000  55.2%  21.0  130s
 311814 214391   21.00000   32  145   29.00000   13.00000  55.2%  21.1  136s
 326130 218262 infeasible   30        29.00000   13.00000  55.2%  21.1  140s
 340418 227450 infeasible   38        29.00000   13.00000  55.2%  21.1  145s
 352486 235161 infeasible  190        29.00000   13.00000  55.2%  21.1  150s
 364159 241967   13.00000   33  223   29.00000   13.00000  55.2%  21.1  155s
 371351 251602   17.00000   38  261   29.00000   13.00000  55.2%  21.2  160s
 386358 260888   21.00000   34  130   29.00000   13.00000  55.2%  21.2  166s
 400029 264722   24.00000   45  155   29.00000   13.00000  55.2%  21.2  170s
 409387 270664   17.00000   29  158   29.00000   13.00000  55.2%  21.2  175s
 421802 277601 infeasible   41        29.00000   13.00000  55.2%  21.2  180s
 438691 288627   17.00000   38  108   29.00000   13.00000  55.2%  21.0  185s
 445465 297376   21.07143   38  403   29.00000   13.00000  55.2%  21.2  191s
 455870 299072   21.00000   32  184   29.00000   13.00000  55.2%  21.2  195s
 468878 306237 infeasible   41        29.00000   13.00000  55.2%  21.2  200s
 483335 315239 infeasible   87        29.00000   13.00000  55.2%  21.2  205s
 489931 323481   21.00000   37  241   29.00000   13.00000  55.2%  21.3  211s
 503789 326701 infeasible   41        29.00000   13.00000  55.2%  21.3  215s
 516179 333332 infeasible   44        29.00000   13.00000  55.2%  21.3  220s
 527877 340075 infeasible   30        29.00000   13.00000  55.2%  21.4  225s
 534285 348211   21.00000   37  137   29.00000   13.00000  55.2%  21.4  231s
 546665 350848   21.00000   32  163   29.00000   13.00000  55.2%  21.5  235s
 559703 357685   22.00000   35  225   29.00000   13.00000  55.2%  21.5  240s
 571544 364344   22.00000   33  211   29.00000   13.00000  55.2%  21.5  245s
 578559 373625   21.00000   38  178   29.00000   13.00000  55.2%  21.5  250s
 593248 382058   17.00000   27  224   29.00000   13.00000  55.2%  21.5  257s
 605407 385247 infeasible   35        29.00000   13.00000  55.2%  21.5  260s
 619678 393375 infeasible   44        29.00000   13.00000  55.2%  21.4  265s
 632571 400906   23.00000   37  254   29.00000   13.00000  55.2%  21.5  270s
 646423 409055 infeasible   37        29.00000   13.00000  55.2%  21.4  275s
 653467 416568   17.00000   33  192   29.00000   13.00000  55.2%  21.5  281s
 668757 420597   21.00000   35  163   29.00000   13.00000  55.2%  21.6  285s
 679262 425979 infeasible   38        29.00000   13.00000  55.2%  21.6  290s
 692536 432931   21.00000   37  313   29.00000   13.00000  55.2%  21.6  295s
 695726 434330   21.00000   34  219   29.00000   13.00000  55.2%  21.7  300s
 699861 437374   17.00000   39  144   29.00000   13.00000  55.2%  21.8  306s
 711278 441950   17.00000   31  156   29.00000   13.00000  55.2%  21.9  310s
 723010 448136 infeasible   46        29.00000   13.00000  55.2%  21.9  315s
 730598 457239   17.07143   34  486   29.00000   13.00000  55.2%  22.0  320s
 745041 464537   21.00000   29  195   29.00000   13.00000  55.2%  22.0  327s
 756296 466964   21.00000   48  391   29.00000   13.00000  55.2%  22.0  330s
 768180 471959 infeasible   37        29.00000   13.00000  55.2%  22.1  335s
 778780 477969   17.00000   31  169   29.00000   13.00000  55.2%  22.1  340s
 789549 482857 infeasible   35        29.00000   13.00000  55.2%  22.1  345s
 801974 489391   21.00000   35  170   29.00000   13.00000  55.2%  22.2  350s
 813203 495168   17.00000   35  176   29.00000   13.00000  55.2%  22.2  355s
 827416 501807   21.00000   36  149   29.00000   13.00000  55.2%  22.2  360s
 834246 509051   17.00000   31  182   29.00000   13.00000  55.2%  22.3  366s
 847054 511282   26.00000   55  245   29.00000   13.00000  55.2%  22.3  370s
 857910 517213   21.00000   35  147   29.00000   13.00000  55.2%  22.3  375s
 864294 524086   17.00000   33  226   29.00000   13.00000  55.2%  22.3  381s
 873873 524712 infeasible   39        29.00000   13.00000  55.2%  22.3  385s
 887757 531994   13.00000   31  210   29.00000   13.00000  55.2%  22.3  390s
 895106 539444   22.00000   34  228   29.00000   13.00000  55.2%  22.4  396s
 903268 539499 infeasible   40        29.00000   13.00000  55.2%  22.4  400s
 903520 539526 infeasible   39        29.00000   13.00000  55.2%  22.4  405s
 903757 539551   17.00000   31  186   29.00000   13.00000  55.2%  22.4  410s
 904040 539580 infeasible   37        29.00000   13.00000  55.2%  22.4  415s
 904390 539627   13.00000   27  184   29.00000   13.00000  55.2%  22.5  420s
 904744 539711   21.00000   35  212   29.00000   13.00000  55.2%  22.5  425s
 905049 539797   21.00000   39  177   29.00000   13.00000  55.2%  22.5  430s
 905504 539849 infeasible   45        29.00000   13.00000  55.2%  22.5  435s
 905824 539914   26.00000   45  221   29.00000   13.00000  55.2%  22.6  440s
 906928 540150   13.00000   30  134   29.00000   13.00000  55.2%  22.6  445s
 908207 540354   25.00000  135  137   29.00000   13.00000  55.2%  22.7  450s
 909591 540511   22.00000   34  122   29.00000   13.00000  55.2%  22.8  455s
 910506 542403   17.00000   28  167   29.00000   13.00000  55.2%  22.9  461s
 919795 545408   17.00000   30  221   29.00000   13.00000  55.2%  23.0  465s
 931016 549258 infeasible   43        29.00000   13.00000  55.2%  23.0  470s
 938997 556554   21.00000   37  152   29.00000   13.00000  55.2%  23.1  475s
 951825 560036   17.00000   36  155   29.00000   13.00000  55.2%  23.1  480s
 962380 565212   21.00000   30  215   29.00000   13.00000  55.2%  23.1  485s
 977315 573261 infeasible   86        29.00000   13.00000  55.2%  23.1  490s
 984085 581055   25.00000   43  346   29.00000   13.00000  55.2%  23.1  496s
 996830 582665   21.00000   30  176   29.00000   13.00000  55.2%  23.1  500s
 1007378 587420 infeasible   39        29.00000   13.00000  55.2%  23.2  505s
 1013555 594316   17.00000   32  379   29.00000   13.00000  55.2%  23.2  510s
 1028034 597269 infeasible   79        29.00000   13.00000  55.2%  23.2  515s
 1040000 604088   25.00000   31  166   29.00000   13.00000  55.2%  23.2  520s
 1050998 609706   17.00000   33  209   29.00000   13.00000  55.2%  23.2  525s
 1062006 615696   21.00000   41  160   29.00000   13.00000  55.2%  23.3  530s
 1072410 619316 infeasible   72        29.00000   13.00000  55.2%  23.3  535s
 1083515 625622   21.00000   32  191   29.00000   13.00000  55.2%  23.3  540s
 1096213 632426   17.00000   37  177   29.00000   13.00000  55.2%  23.3  545s
 1106024 637449 infeasible   32        29.00000   13.00000  55.2%  23.3  550s
 1114247 641083 infeasible   40        29.00000   13.00000  55.2%  23.3  555s
 1127626 648321   21.00000   37  177   29.00000   13.00000  55.2%  23.3  560s
 1140310 654854   17.00000   31  237   29.00000   13.00000  55.2%  23.3  565s
 1147004 662976   21.00000   33  236   29.00000   13.00000  55.2%  23.3  570s
 1162683 666389 infeasible   46        29.00000   13.00000  55.2%  23.3  575s
 1173192 671404 infeasible   65        29.00000   13.00000  55.2%  23.4  580s
 1185119 677043   21.00000   30  157   29.00000   13.00000  55.2%  23.4  585s
 1192068 683359   21.00000   45  224   29.00000   13.00000  55.2%  23.4  590s
 1205130 686142   27.00000   37  442   29.00000   13.00000  55.2%  23.5  595s
 1215233 690339 infeasible   37        29.00000   13.00000  55.2%  23.5  600s
 1230006 697398   13.00000   36  160   29.00000   13.00000  55.2%  23.5  605s
 1235320 699901   13.00000   34  166   29.00000   13.00000  55.2%  23.5  610s
 1247090 704998 infeasible   70        29.00000   13.00000  55.2%  23.5  615s
 1259641 710958   17.00000   38  144   29.00000   13.00000  55.2%  23.5  620s
 1266844 717112   17.00000   30  181   29.00000   13.00000  55.2%  23.6  626s
 1278464 718917   21.00000   33  183   29.00000   13.00000  55.2%  23.6  630s
 1290312 724428 infeasible   37        29.00000   13.00000  55.2%  23.6  635s
 1296771 731547   17.00000   30  194   29.00000   13.00000  55.2%  23.6  640s
 1311281 734289 infeasible   48        29.00000   13.00000  55.2%  23.6  645s
 1322625 739914 infeasible   41        29.00000   13.00000  55.2%  23.6  650s
 1334048 745590 infeasible   34        29.00000   13.00000  55.2%  23.6  655s
 1340791 752769   17.00000   34  195   29.00000   13.00000  55.2%  23.7  660s
 1354531 755571   17.00000   36  193   29.00000   13.00000  55.2%  23.7  665s
 1366425 761928 infeasible   78        29.00000   13.00000  55.2%  23.7  670s
 1378933 767465   13.00000   27  217   29.00000   13.00000  55.2%  23.7  675s
 1385355 774034   17.00000   62  121   29.00000   13.00000  55.2%  23.7  680s
 1398781 776628   21.00000   32  352   29.00000   13.00000  55.2%  23.7  685s
 1409566 782106   17.00000   34  193   29.00000   13.00000  55.2%  23.7  690s
 1416055 788613 infeasible   41        29.00000   13.00000  55.2%  23.7  696s
 1428243 791007   21.00000   39  173   29.00000   13.00000  55.2%  23.8  700s
 1440196 796081 infeasible  120        29.00000   13.00000  55.2%  23.8  705s
 1446059 803156   17.00000   31  261   29.00000   13.00000  55.2%  23.8  710s
 1461250 810243   17.00000   36  163   29.00000   13.00000  55.2%  23.8  716s
 1473956 812560   21.00000   33  264   29.00000   13.00000  55.2%  23.8  720s
 1484646 818280   21.00000   37  137   29.00000   13.00000  55.2%  23.8  725s
 1499343 824826 infeasible   38        29.00000   13.00000  55.2%  23.8  730s
 1506339 832256   17.00000   33  149   29.00000   13.00000  55.2%  23.8  736s
 1514879 832349   17.00000   29  211   29.00000   13.00000  55.2%  23.8  740s
 1528779 839784 infeasible   57        29.00000   13.00000  55.2%  23.8  745s
 1535641 845780   21.00000   33  375   29.00000   13.00000  55.2%  23.9  752s
 1546609 847031 infeasible   40        29.00000   13.00000  55.2%  23.9  755s
 1558950 852998   21.00000   34  305   29.00000   13.00000  55.2%  23.9  760s
 1565860 860585   21.00000   37  192   29.00000   13.00000  55.2%  23.9  766s
 1579326 863065 infeasible   33        29.00000   13.00000  55.2%  23.9  770s
 1589212 867780   22.00000   38  160   29.00000   13.00000  55.2%  23.9  775s
 1600918 872988   13.07143   37  456   29.00000   13.00000  55.2%  23.9  780s
 1610517 881024   17.00000   35  357   29.00000   13.00000  55.2%  24.0  787s
 1620282 882695   13.00000   31  200   29.00000   13.00000  55.2%  24.0  790s
 1625184 887715   13.00000   29  217   29.00000   13.00000  55.2%  24.0  795s
 1639912 891245 infeasible   44        29.00000   13.00000  55.2%  24.0  800s
 1649245 895731 infeasible   30        29.00000   13.00000  55.2%  24.0  805s
 1655047 901040   21.00000   48  158   29.00000   13.00000  55.2%  24.0  813s
 1663304 901058   21.00000   34  143   29.00000   13.00000  55.2%  24.0  815s
 1669606 907740   21.00000   33  209   29.00000   13.00000  55.2%  24.0  821s
 1680780 909442   17.00000   35  171   29.00000   13.00000  55.2%  24.0  825s
 1692336 913732 infeasible   34        29.00000   13.00000  55.2%  24.1  830s
 1703210 917997   21.00000   34  294   29.00000   13.00000  55.2%  24.1  835s
 1713125 922630   21.00000   35  215   29.00000   13.00000  55.2%  24.1  840s
 1724749 928281   21.00000   36  242   29.00000   13.00000  55.2%  24.1  845s
 1736736 933110   13.00000   35  170   29.00000   13.00000  55.2%  24.1  850s
 1736853 933129   22.00000   41  154   29.00000   13.00000  55.2%  24.1  855s
 1736960 933136   18.00000   35  186   29.00000   13.00000  55.2%  24.1  860s
 1737075 933136   13.00000   29  234   29.00000   13.00000  55.2%  24.1  865s
 1737178 933153 infeasible   36        29.00000   13.00000  55.2%  24.1  870s
 1737279 933165   21.00000   35  183   29.00000   13.00000  55.2%  24.1  875s
 1737398 933176   13.00000   27  214   29.00000   13.00000  55.2%  24.1  881s
 1737474 933195 infeasible   33        29.00000   13.00000  55.2%  24.1  885s
 1737529 933202   13.00000   35  208   29.00000   13.00000  55.2%  24.1  890s
 1737622 933224 infeasible   42        29.00000   13.00000  55.2%  24.1  895s
 1737841 933245 infeasible   38        29.00000   13.00000  55.2%  24.1  900s
 1738029 933270 infeasible   41        29.00000   13.00000  55.2%  24.1  905s
 1738446 933322 infeasible   38        29.00000   13.00000  55.2%  24.1  910s
 1739033 933467   13.00000   31  270   29.00000   13.00000  55.2%  24.2  915s
 1739791 933549   26.00000   43  252   29.00000   13.00000  55.2%  24.2  920s
 1741160 933721   25.00000   35  256   29.00000   13.00000  55.2%  24.2  925s
 1742565 933862   17.00000   30  297   29.00000   13.00000  55.2%  24.3  930s
 1743864 934096 infeasible   34        29.00000   13.00000  55.2%  24.3  936s
 1745396 934369   17.00000   33  147   29.00000   13.00000  55.2%  24.4  942s
 1746160 934425   17.00000   35  155   29.00000   13.00000  55.2%  24.4  945s
 1747785 934720 infeasible   33        29.00000   13.00000  55.2%  24.5  950s
 1749504 934943 infeasible   38        29.00000   13.00000  55.2%  24.5  956s
 1758515 940290   13.00000   31  378   29.00000   13.00000  55.2%  24.6  961s
 1770428 943402 infeasible   51        29.00000   13.00000  55.2%  24.6  965s
 1782054 948492   17.00000   33  172   29.00000   13.00000  55.2%  24.6  970s
 1787320 950426 infeasible   38        29.00000   13.00000  55.2%  24.6  975s
 1796959 954176   17.00000   33  222   29.00000   13.00000  55.2%  24.6  980s
 1803559 957136   21.00000   38  125   29.00000   13.00000  55.2%  24.7  985s
 1814979 962707 infeasible   39        29.00000   13.00000  55.2%  24.7  990s
 1826656 967603   21.00000   36  140   29.00000   13.00000  55.2%  24.7  995s
 1833443 974443   23.00000   65  131   29.00000   13.00000  55.2%  24.7 1001s
 1845061 976262   17.00000   37  170   29.00000   13.00000  55.2%  24.7 1005s
 1856449 981308 infeasible   35        29.00000   13.00000  55.2%  24.7 1010s
 1863462 986158   21.00000   37  171   29.00000   13.00000  55.2%  24.7 1016s
 1875252 987060   25.00000   34  258   29.00000   13.00000  55.2%  24.8 1020s
 1886291 989336 infeasible   35        29.00000   13.00000  55.2%  24.8 1025s
 1893325 993009   19.00000   36  161   29.00000   13.00000  55.2%  24.8 1032s
 1903295 993946   21.00000   37  203   29.00000   13.00000  55.2%  24.9 1035s
 1916218 996732   17.00000   33  193   29.00000   13.00000  55.2%  24.9 1040s
 1922577 999629   25.00000   40  299   29.00000   13.00000  55.2%  24.9 1047s
 1931152 999779   22.00000   36  253   29.00000   13.00000  55.2%  25.0 1050s
 1934647 1000594   17.00000   33  250   29.00000   13.00000  55.2%  25.0 1055s
 1945882 1002901   17.00000   31  221   29.00000   13.00000  55.2%  25.0 1060s
 1952844 1006165   21.00000   36  189   29.00000   13.00000  55.2%  25.1 1067s
 1961411 1006575   21.00000   29  189   29.00000   13.00000  55.2%  25.1 1070s
 1967791 1008857   21.00000   33  182   29.00000   13.00000  55.2%  25.1 1076s
 1978916 1010088   21.00000   35  299   29.00000   13.00000  55.2%  25.2 1080s
 1991030 1014145   25.00000   41  376   29.00000   13.00000  55.2%  25.2 1085s
 1998064 1015887 infeasible   37        29.00000   13.00000  55.2%  25.2 1090s
 2006591 1017346 infeasible   33        29.00000   13.00000  55.2%  25.2 1095s
 2012972 1020902   21.00000   36  184   29.00000   13.00000  55.2%  25.3 1101s
 2024783 1021907   21.00000   36  200   29.00000   13.00000  55.2%  25.3 1105s
 2035642 1024645   23.00000   36  170   29.00000   13.00000  55.2%  25.3 1110s
 2042349 1027628   17.00000   30  171   29.00000   13.00000  55.2%  25.4 1116s
 2052437 1028574 infeasible   41        29.00000   13.00000  55.2%  25.4 1120s
 2057730 1032179   21.00000   32  176   29.00000   13.00000  55.2%  25.4 1125s
 2071115 1034134   17.00000   28  252   29.00000   13.00000  55.2%  25.4 1130s
 2081525 1036125 infeasible   35        29.00000   13.00000  55.2%  25.5 1135s
 2087373 1040078   21.00000   34  342   29.00000   13.00000  55.2%  25.5 1140s
 2100180 1041231 infeasible   38        29.00000   13.00000  55.2%  25.5 1145s
 2109044 1043160   17.00000   29  181   29.00000   13.00000  55.2%  25.6 1150s
 2117273 1047366 infeasible   41        29.00000   13.00000  55.2%  25.6 1156s
 2129747 1048386 infeasible   40        29.00000   13.00000  55.2%  25.6 1160s
 2139952 1050127   22.00000   41  227   29.00000   13.00000  55.2%  25.7 1165s
 2146562 1052848   17.00000   30  228   29.00000   13.00000  55.2%  25.7 1170s
 2158499 1054309   14.00000   34  252   29.00000   13.00000  55.2%  25.7 1175s
 2169374 1056354 infeasible   33        29.00000   13.00000  55.2%  25.8 1180s
 2175690 1059450   25.00000   37  440   29.00000   13.00000  55.2%  25.8 1186s
 2187850 1060852   13.00000   28  178   29.00000   13.00000  55.2%  25.8 1190s
 2197543 1062596   21.00000   33  137   29.00000   13.00000  55.2%  25.9 1195s
 2204845 1065801   17.03636   37  454   29.00000   13.00000  55.2%  25.9 1201s
 2215690 1066573   17.00000   34  180   29.00000   13.00000  55.2%  25.9 1205s
 2227188 1068237   21.00000   46  166   29.00000   13.00000  55.2%  26.0 1210s
 2234109 1070168   17.00000   34  303   29.00000   13.00000  55.2%  26.0 1215s
 2244389 1073256   17.00000   31  199   29.00000   13.00000  55.2%  26.0 1220s
 2255282 1075550 infeasible   33        29.00000   13.00000  55.2%  26.0 1225s
 2262976 1078003   25.00000   32  255   29.00000   13.00000  55.2%  26.1 1230s
 2272357 1079042   21.00000   33  232   29.00000   13.00000  55.2%  26.1 1235s
 2279578 1081572   17.00000   32  170   29.00000   13.00000  55.2%  26.1 1241s
 2290447 1083723   22.00000   33  242   29.00000   13.00000  55.2%  26.2 1245s
 2294624 1086855   18.00000   34  290   29.00000   13.00000  55.2%  26.2 1250s
 2308230 1088469 infeasible   39        29.00000   13.00000  55.2%  26.2 1255s
 2318170 1090958   17.00000   38  176   29.00000   13.00000  55.2%  26.3 1260s
 2324477 1093256   21.00000   38  331   29.00000   13.00000  55.2%  26.3 1266s
 2336532 1095022   17.00000   32  215   29.00000   13.00000  55.2%  26.3 1270s
 2346973 1097116 infeasible   36        29.00000   13.00000  55.2%  26.3 1275s
 2354223 1100291   22.00000   31  382   29.00000   13.00000  55.2%  26.4 1282s
 2363970 1100773 infeasible   34        29.00000   13.00000  55.2%  26.4 1285s
 2369497 1104363   17.00000   33  173   29.00000   13.00000  55.2%  26.4 1290s
 2381600 1105711   22.00000   35  168   29.00000   13.00000  55.2%  26.5 1295s
 2391655 1107349   21.00000   38  246   29.00000   13.00000  55.2%  26.5 1300s
 2398866 1109877 infeasible   41        29.00000   13.00000  55.2%  26.5 1307s
 2407821 1110746   21.00000   39  191   29.00000   13.00000  55.2%  26.6 1310s
 2414016 1114184   17.00000   31  242   29.00000   13.00000  55.2%  26.6 1316s
 2426490 1115270 infeasible   35        29.00000   13.00000  55.2%  26.6 1320s
 2435653 1117533 infeasible   37        29.00000   13.00000  55.2%  26.7 1325s
 2443419 1119698   22.00000   36  350   29.00000   13.00000  55.2%  26.7 1330s
 2452137 1121397   21.00000   31  192   29.00000   13.00000  55.2%  26.7 1335s
 2460964 1123083 infeasible   38        29.00000   13.00130  55.2%  26.8 1340s
 2470483 1125065 infeasible   37        29.00000   13.03571  55.0%  26.8 1345s
 2474219 1127158   15.00000   33  193   29.00000   13.03571  55.0%  26.8 1350s
 2489101 1128730 infeasible   39        29.00000   13.03571  55.0%  26.8 1355s
 2498829 1130776 infeasible   35        29.00000   13.03636  55.0%  26.9 1360s
 2504338 1133021   23.00000   37  144   29.00000   13.07143  54.9%  26.9 1365s
 2517010 1133909 infeasible   35        29.00000   13.07143  54.9%  26.9 1370s
 2527199 1135212 infeasible   36        29.00000   13.07143  54.9%  26.9 1375s
 2534291 1136317 infeasible   39        29.00000   13.07143  54.9%  27.0 1380s
 2542844 1138183   21.00000   33  186   29.00000   13.07143  54.9%  27.0 1385s
 2549104 1140343   22.00000   35  185   29.00000   13.07143  54.9%  27.0 1391s
 2560558 1140859   17.00000   31  188   29.00000   13.12500  54.7%  27.0 1395s
 2564462 1143208   21.00000   34  251   29.00000   13.12500  54.7%  27.0 1400s
 2577711 1144200 infeasible   32        29.00000   13.22222  54.4%  27.1 1405s
 2586052 1145170   21.00000   32  346   29.00000   13.22222  54.4%  27.1 1410s
 2593569 1146127 infeasible   38        29.00000   13.22424  54.4%  27.1 1415s
 2601141 1147166   23.00000   64  236   29.00000   13.28571  54.2%  27.1 1420s
 2609244 1148662   21.00000   43  144   29.00000   13.50000  53.4%  27.2 1427s
 2618306 1149661   21.00000   35  162   29.00000   13.50000  53.4%  27.2 1430s
 2624826 1152030   21.00000   39  148   29.00000   13.80000  52.4%  27.2 1436s
 2633150 1152052   25.00000   85  217   29.00000   14.00000  51.7%  27.2 1440s
 2636074 1152461 infeasible   88        29.00000   14.00000  51.7%  27.2 1445s
 2640694 1155032   20.00000   37  283   29.00000   14.00000  51.7%  27.2 1450s
 2653895 1156570   21.00000   35  182   29.00000   14.00000  51.7%  27.3 1455s
 2662960 1157798   17.00000   42  155   29.00000   14.00000  51.7%  27.3 1460s
 2669907 1160431   25.00000   40  294   29.00000   14.00000  51.7%  27.3 1466s
 2681446 1161702   18.00000   36  220   29.00000   14.00000  51.7%  27.3 1470s
 2693152 1162922 infeasible   41        29.00000   14.00000  51.7%  27.3 1475s
 2700103 1164146 infeasible   39        29.00000   14.00000  51.7%  27.3 1480s
 2709202 1165533 infeasible   36        29.00000   14.00000  51.7%  27.3 1485s
 2715546 1168937   21.00000   34  239   29.00000   14.00000  51.7%  27.3 1490s
 2729664 1170272 infeasible   38        29.00000   14.00000  51.7%  27.4 1495s
 2738805 1172045   24.00000   36  388   29.00000   14.00000  51.7%  27.4 1500s
 2745316 1174412   14.00000   42  193   29.00000   14.00000  51.7%  27.4 1506s
 2757317 1175894 infeasible   54        29.00000   14.00000  51.7%  27.4 1510s
 2760323 1178094   21.00000   38  139   29.00000   14.00000  51.7%  27.4 1515s
 2775434 1179538 infeasible   34        29.00000   14.00000  51.7%  27.4 1520s
 2782651 1180878   21.00000   36  242   29.00000   14.00000  51.7%  27.5 1525s
 2790752 1183900   21.00000   38  277   29.00000   14.00000  51.7%  27.5 1532s
 2800673 1184385   21.00000   38  218   29.00000   14.00000  51.7%  27.5 1535s
 2805441 1186636   21.00000   29  205   29.00000   14.00000  51.7%  27.5 1540s
 2817906 1187435   17.00000   35  138   29.00000   14.00000  51.7%  27.5 1545s
 2827859 1189037 infeasible   34        29.00000   14.00000  51.7%  27.5 1550s
 2834843 1190314   14.00000   32  268   29.00000   14.00000  51.7%  27.6 1555s
 2843465 1191280 infeasible   40        29.00000   14.00000  51.7%  27.6 1560s
 2850066 1192889   17.00000   34  150   29.00000   14.00000  51.7%  27.6 1566s
 2860599 1193382   21.00000   38  148   29.00000   14.00000  51.7%  27.6 1570s
 2865537 1195227   21.00000   36  354   29.00000   14.00000  51.7%  27.6 1576s
 2875661 1195790   22.00000   39  208   29.00000   14.00000  51.7%  27.6 1580s
 2881251 1197655   21.00000   31  232   29.00000   14.00000  51.7%  27.6 1586s
 2892546 1198972   21.00000   35  177   29.00000   15.00000  48.3%  27.6 1590s
 2904144 1200650 infeasible   33        29.00000   15.00000  48.3%  27.7 1595s
 2911915 1202237 infeasible   36        29.00000   15.00000  48.3%  27.7 1600s
 2920641 1203836   21.00000   37  205   29.00000   15.00000  48.3%  27.7 1605s
 2926872 1205941   18.00000   37  313   29.00000   15.00000  48.3%  27.7 1610s
 2939962 1207549 infeasible   61        29.00000   16.00000  44.8%  27.7 1615s
 2950565 1208721 infeasible   36        29.00000   16.00000  44.8%  27.7 1620s
 2955993 1210059 infeasible   29        29.00000   16.20000  44.1%  27.7 1625s
 2968795 1211248   17.00000   31  202   29.00000   17.00000  41.4%  27.7 1630s
 2979889 1212229   25.00000   72  201   29.00000   17.00000  41.4%  27.7 1635s
 2986796 1213691   21.00000   33  112   29.00000   17.00000  41.4%  27.7 1640s
 2999989 1214001 infeasible  133        29.00000   17.00000  41.4%  27.7 1645s
 3008867 1214973   17.07143   39  490   29.00000   17.00000  41.4%  27.7 1650s
 3019341 1216167   21.00000   33  203   29.00000   17.00000  41.4%  27.7 1655s
 3029732 1216635 infeasible   41        29.00000   17.00000  41.4%  27.7 1660s
 3039914 1217172   21.00000   35  136   29.00000   17.00000  41.4%  27.7 1665s
 3046873 1218307 infeasible   38        29.00000   17.00000  41.4%  27.7 1671s
 3058713 1218824 infeasible   35        29.00000   17.00000  41.4%  27.7 1675s
 3070010 1220198 infeasible   29        29.00000   17.00000  41.4%  27.7 1680s
 3077542 1221343 infeasible   34        29.00000   17.00000  41.4%  27.8 1685s
 3089032 1222480 infeasible   38        29.00000   17.00000  41.4%  27.8 1690s
 3098114 1223785   28.00000  177  121   29.00000   17.00000  41.4%  27.8 1695s
 3109200 1225707   21.00000   32  224   29.00000   17.00000  41.4%  27.8 1702s
 3119232 1226476   17.00000   34  148   29.00000   17.00000  41.4%  27.8 1705s
 3130294 1228041   17.00000   37  195   29.00000   17.00000  41.4%  27.8 1710s
 3139030 1229321   21.00000   43  257   29.00000   17.00000  41.4%  27.8 1716s
 3150380 1230009   21.00000   37  209   29.00000   17.00000  41.4%  27.8 1720s
 3162070 1231210 infeasible   38        29.00000   17.00000  41.4%  27.8 1725s
 3169078 1232393   17.00000   34  173   29.00000   17.00000  41.4%  27.8 1731s
 3180924 1233416   21.07143   33  495   29.00000   17.00000  41.4%  27.8 1735s
 3192324 1234313 infeasible   32        29.00000   17.00000  41.4%  27.8 1740s
 3199200 1235290 infeasible   66        29.00000   17.00000  41.4%  27.8 1745s
 3209516 1236624   21.00000   37  162   29.00000   17.00000  41.4%  27.8 1750s
 3222377 1237854   21.00000   31  135   29.00000   17.00000  41.4%  27.8 1755s
 3229285 1239367 infeasible   41        29.00000   17.00000  41.4%  27.8 1761s
 3240290 1239712 infeasible   40        29.00000   17.00000  41.4%  27.8 1765s
 3249508 1241154   28.00000   61  154   29.00000   17.00000  41.4%  27.8 1770s
 3258465 1242359 infeasible   39        29.00000   17.00000  41.4%  27.8 1775s
 3269264 1243536   21.00000   40  175   29.00000   17.00000  41.4%  27.8 1780s
 3280664 1245335   21.07143   39  401   29.00000   17.00000  41.4%  27.8 1785s
 3289008 1246368 infeasible   33        29.00000   17.00000  41.4%  27.8 1790s
 3299120 1248125   22.00000   35  326   29.00000   17.00000  41.4%  27.8 1795s
 3311604 1249606   23.00000   39  190   29.00000   17.00000  41.4%  27.8 1800s

Cutting planes:
  Gomory: 6
  Cover: 60
  Implied bound: 172
  Projected implied bound: 1
  Clique: 4
  MIR: 43
  StrongCG: 23
  Flow cover: 179
  GUB cover: 47
  Inf proof: 105
  Zero half: 6
  Network: 11
  Relax-and-lift: 41

Explored 3311679 nodes (91927233 simplex iterations) in 1800.00 seconds (1669.08 work units)
Thread count was 8 (of 8 available processors)

Solution count 1: 29 

Time limit reached
Best objective 2.900000000000e+01, best bound 1.700000000000e+01, gap 41.3793%
! --------------------------------------------------------
! Status: FEASIBLE (time limit reached)
! Best span = 29
! Labeling: 17 2 25 8 5 28 17 26 27 5 13 10 13 13 28 24 21 19 17 18 1 21 5 12 1 5 1 25 9 7 9 25 5 17 25 17 23 6 1 15 1 1 9 3 20 13 14 9 16 29 4 11 28 22 13 17 17 29 13 
! --------------------------------------------------------
! All verification passed
