! Solving for graph /home/truongxuanhieu/Gurobi-for-MinSpanLabeling/benchmarks/abp/U-662_bus.mtx.rnd
! Target value is set to 110
! Lower bound is set to 111
! Upper bound is set to 331
! Time limit is set to 1800
! Vertices mode is set to Has hole
! Target value mode is set to Antibandwidth
Set parameter WLSAccessID
Set parameter WLSSecret
Set parameter LicenseID to value 2663665
Academic license 2663665 - for non-commercial use only - registered to tu___@vnu.edu.vn
Set parameter OutputFlag to value 1
Set parameter TimeLimit to value 1800
Gurobi Optimizer version 13.0.2 build v13.0.2rc1 (linux64 - "Debian GNU/Linux 12 (bookworm)")

CPU model: Intel(R) Xeon(R) CPU @ 2.20GHz, instruction set [SSE2|AVX|AVX2]
Thread count: 4 physical cores, 8 logical processors, using up to 8 threads

Non-default parameters:
TimeLimit  1800

Academic license 2663665 - for non-commercial use only - registered to tu___@vnu.edu.vn
Optimize a model with 3139 rows, 222259 columns and 443855 nonzeros (Min)
Model fingerprint: 0x335a4f73
Model has 1 linear objective coefficients
Model has 2230 simple general constraints
  906 ABS, 1324 INDICATOR
Variable types: 0 continuous, 222259 integer (219784 binary)
Coefficient statistics:
  Matrix range     [1e+00, 3e+02]
  Objective range  [1e+00, 1e+00]
  Bounds range     [1e+00, 3e+02]
  RHS range        [1e+00, 2e+02]
  GenCon rhs range [1e+00, 1e+00]
  GenCon coe range [1e+00, 1e+00]

Presolve added 3797 rows and 1646 columns
Presolve time: 1.99s
Presolved: 6936 rows, 223905 columns, 455160 nonzeros
Variable types: 0 continuous, 223905 integer (220524 binary)
Deterministic concurrent LP optimizer: primal and dual simplex
Showing primal log only...

Concurrent spin time: 0.00s

Solved with dual simplex

Root relaxation: objective 1.110000e+02, 2402 iterations, 0.70 seconds (0.33 work units)

    Nodes    |    Current Node    |     Objective Bounds      |     Work
 Expl Unexpl |  Obj  Depth IntInf | Incumbent    BestBd   Gap | It/Node Time

     0     0  111.00000    0  996          -  111.00000      -     -    4s
     0     0  111.00000    0 1357          -  111.00000      -     -    9s
     0     0  111.00000    0 1660          -  111.00000      -     -   10s
     0     0  111.00000    0 1938          -  111.00000      -     -   12s
     0     0  111.00000    0 1727          -  111.00000      -     -   14s
     0     0  111.00000    0 1992          -  111.00000      -     -   17s
     0     0  111.00000    0 1992          -  111.00000      -     -   17s
     0     0  111.00000    0 1499          -  111.00000      -     -   20s
     0     0  111.00000    0  919          -  111.00000      -     -   22s
     0     0  111.00000    0  918          -  111.00000      -     -   23s
     0     0  111.00000    0  777          -  111.00000      -     -   25s
     0     2  111.00000    0  777          -  111.00000      -     -   34s
     7     9  111.00000    3 1038          -  111.00000      -   238   35s
   205   220  221.00000   43 1068          -  111.00000      -  66.3   40s
   488   486  221.00000   96  955          -  111.00000      -  48.8   45s
   748   726  221.00000  141  912          -  111.00000      -  42.6   50s
   806   771  331.00000  155  734          -  111.00000      -  41.4   55s
H  815   583                     331.0000000  111.00000  66.5%  41.1   55s
   958   690  112.00000   25 1448  331.00000  111.00000  66.5%  42.6   60s
  1128   769  134.50000   53 2262  331.00000  111.00000  66.5%  44.1   65s
  1189   822  221.00000  123  777  331.00000  111.00000  66.5%  42.5   76s
  1191   823  249.00000  238  896  331.00000  111.00000  66.5%  42.5   83s
  1192   824  222.00000   38 1366  331.00000  111.00000  66.5%  42.4   91s
  1193   825  221.00000  126 1571  331.00000  111.00000  66.5%  42.4   95s
  1195   826  221.00000  140 1511  331.00000  111.00000  66.5%  42.3  104s
  1196   827  221.00000   85 1078  331.00000  111.00000  66.5%  42.3  108s
  1197   827  221.00000  176 1261  331.00000  111.00000  66.5%  42.3  112s
  1198   828  221.00000  195  935  331.00000  111.00000  66.5%  42.2  115s
  1200   829  221.00000  182  733  331.00000  111.00000  66.5%  42.2  120s
  1202   831  221.00000   88  626  331.00000  111.00000  66.5%  42.1  126s
  1204   832  221.00000   44  609  331.00000  111.00000  66.5%  42.0  131s
  1206   833  221.00000   10  799  331.00000  111.00000  66.5%  41.9  135s
  1207   834  221.00000    8  708  331.00000  111.00000  66.5%  41.9  149s
  1208   835  221.00000  113  708  331.00000  111.00000  66.5%  41.9  151s
  1209   838  111.00000   12  636  331.00000  111.00000  66.5%  82.8  155s
  1231   861  111.00000   17  634  331.00000  111.00000  66.5%  89.7  162s
  1241   866  111.00000   18  634  331.00000  111.00000  66.5%  91.5  167s
  1249   872  111.00000   19  634  331.00000  111.00000  66.5%  93.3  172s
  1260   879  111.00000   20  634  331.00000  111.00000  66.5%  95.0  177s
  1315   920  111.00000   27  604  331.00000  111.00000  66.5%  99.1  180s
  1442   973  308.00000   39  873  331.00000  111.00000  66.5%   102  185s
  1549   978 infeasible   53       331.00000  111.00000  66.5%   106  190s
  1674  1004 infeasible   52       331.00000  111.00000  66.5%   110  195s
  1792   999 infeasible   43       331.00000  111.00000  66.5%   114  201s
  1954   981  257.00000   65  775  331.00000  111.00000  66.5%   110  205s
  2113   981  257.00000  110  759  331.00000  111.00000  66.5%   107  211s
  2281   970 infeasible   59       331.00000  111.00000  66.5%   104  216s
  2418   963  257.00000   54  823  331.00000  111.00000  66.5%   101  220s
  2683   938  257.00000   51  743  331.00000  111.00000  66.5%  95.5  226s
  2763   956  127.00000   32 1153  331.00000  111.00000  66.5%  94.2  231s
  2909   898 infeasible   30       331.00000  111.00000  66.5%  92.0  235s
  2977   894 infeasible   46       331.00000  111.00000  66.5%  91.6  240s
  3004   874 infeasible   33       331.00000  111.00000  66.5%  91.8  246s
  3247   863  330.00000   83  955  331.00000  134.00000  59.5%  88.5  250s
  3474   790  330.00000   26  931  331.00000  191.00000  42.3%  85.4  256s
  3649   736  276.00000   76  900  331.00000  191.00000  42.3%  82.6  262s
  4001   712  276.00000  197  896  331.00000  191.00000  42.3%  75.7  269s
  4015   769  276.00000  198  895  331.00000  191.00000  42.3%  76.2  272s
  4296   823  198.00000   57 1063  331.00000  198.00000  40.2%  71.9  275s
  4605   900  198.00000  125 1061  331.00000  198.00000  40.2%  68.7  281s
  4960   872  221.00000   30  942  331.00000  221.00000  33.2%  66.4  287s
  5273   868 infeasible   47       331.00000  221.00000  33.2%  62.6  290s
  5628   987 infeasible  136       331.00000  224.00000  32.3%  59.7  295s
  6065  1223 infeasible  102       331.00000  257.00000  22.4%  56.7  306s
  6102  1416  257.00000  106  766  331.00000  257.00000  22.4%  56.8  311s
  6417  1707  330.00000   54  706  331.00000  257.00000  22.4%  54.8  316s
  6841  1631 infeasible   27       331.00000  257.00000  22.4%  51.9  322s
  6929  1953  330.00000   29  737  331.00000  257.00000  22.4%  52.0  327s
  7376  1875 infeasible  115       331.00000  257.00000  22.4%  49.6  333s
  7473  2124  330.00000  165  673  331.00000  257.00000  22.4%  49.7  338s
  7973  2223  330.00000  271  656  331.00000  257.00000  22.4%  46.9  342s
  8273  2217  308.00000   48  863  331.00000  257.00000  22.4%  45.7  346s
  8437  2251  330.00000   86  779  331.00000  276.00000  16.6%  45.2  352s
  8896  2245  276.00000  102  757  331.00000  276.00000  16.6%  43.2  361s
  8910  2334  276.00000  103  757  331.00000  276.00000  16.6%  43.8  367s
  9456  2725  276.00000  210  718  331.00000  276.00000  16.6%  41.6  373s
 10004  2602 infeasible  334       331.00000  276.00000  16.6%  39.6  377s
 10127  3121  276.00000  222  722  331.00000  276.00000  16.6%  39.9  383s
 10675  2908 infeasible  334       331.00000  276.00000  16.6%  38.1  396s
 10888  3358  276.00000  255  701  331.00000  276.00000  16.6%  38.4  403s
 11436  3198 infeasible  374       331.00000  276.00000  16.6%  36.8  409s
 11596  3430  276.00000  355  635  331.00000  276.00000  16.6%  37.1  417s
 12141  3382 infeasible  428       331.00000  276.00000  16.6%  35.9  424s
 12404  3796  276.00000  402  564  331.00000  276.00000  16.6%  35.7  429s
 12952  3651 infeasible  519       331.00000  276.00000  16.6%  34.4  435s
 13097  4045  276.00000  360  592  331.00000  276.00000  16.6%  34.4  440s
 13645  3913 infeasible  475       331.00000  276.00000  16.6%  33.2  445s
 13777  3917  324.00000  436  536  331.00000  276.00000  16.6%  33.2  454s
 13784  3772 infeasible  438       331.00000  276.00000  16.6%  33.2  459s
 13929  3620 infeasible  502       331.00000  276.00000  16.6%  33.3  466s
 14081  3605  302.00000  445  556  331.00000  276.00000  16.6%  33.3  475s
 14101  3434 infeasible  304       331.00000  276.00000  16.6%  33.4  482s
 14272  3244 infeasible  335       331.00000  276.00000  16.6%  33.5  489s
 14462  3326  326.00000  255  693  331.00000  276.00000  16.6%  33.7  498s
 14586  3118 infeasible  322       331.00000  276.00000  16.6%  33.5  505s
 14794  2929 infeasible  312       331.00000  276.00000  16.6%  33.8  513s
 14985  3283  308.00000   89  824  331.00000  308.00000  6.95%  34.3  525s
 15397  3089 infeasible  194       331.00000  308.00000  6.95%  33.6  539s
 15592  3332  308.00000  189  678  331.00000  308.00000  6.95%  34.4  552s
 15868  3260 infeasible  291       331.00000  308.00000  6.95%  33.9  568s
 15942  3492  308.00000  104  805  331.00000  308.00000  6.95%  35.0  582s
 16223  3406 infeasible  233       331.00000  308.00000  6.95%  34.5  594s
 16311  3666  308.00000  205  730  331.00000  308.00000  6.95%  35.4  608s
 16683  3541 infeasible  284       331.00000  308.00000  6.95%  35.5  616s
 16808  3960  308.00000  253  717  331.00000  308.00000  6.95%  36.7  628s
 17270  3853 infeasible  324       331.00000  308.00000  6.95%  35.9  636s
 17377  4382  308.00000  127  715  331.00000  308.00000  6.95%  37.3  641s
 17925  4861  308.00000  240  677  331.00000  308.00000  6.95%  36.3  649s
 18473  4953 infeasible  250       331.00000  308.00000  6.95%  36.1  657s
 18794  5443  308.00000  356  527  331.00000  308.00000  6.95%  36.8  661s
 19342  5513 infeasible  484       331.00000  308.00000  6.95%  35.8  669s
 19604  6053  308.00000  383  473  331.00000  308.00000  6.95%  36.6  674s
 20152  6184 infeasible  492       331.00000  308.00000  6.95%  35.7  681s
 20593  6532 infeasible  588       331.00000  308.00000  6.95%  36.0  685s
 21141  6442 infeasible  675       331.00000  308.00000  6.95%  35.1  846s
 21381  6532  308.00000  612  682  331.00000  308.00000  6.95%  36.0  852s
 21929  6592 infeasible  736       331.00000  308.00000  6.95%  35.2  857s
 22323  6879 infeasible  441       331.00000  308.00000  6.95%  35.0  863s
 22871  6758 infeasible  502       331.00000  308.00000  6.95%  34.3  867s
 22992  7080  308.00000  572  703  331.00000  308.00000  6.95%  35.0  872s
 23540  6961 infeasible  709       331.00000  308.00000  6.95%  34.3  877s
 23659  7295  308.00000  601  742  331.00000  308.00000  6.95%  35.0  880s
 24324  7495  308.00000  548  744  331.00000  308.00000  6.95%  35.0  889s
 24823  7385 infeasible  523       331.00000  308.00000  6.95%  34.5  893s
 24933  7861  308.00000  477  745  331.00000  308.00000  6.95%  35.0  896s
 25481  7756 infeasible  594       331.00000  308.00000  6.95%  34.4  900s
 26134  8202 infeasible  501       331.00000  308.00000  6.95%  34.3  910s
 26776  8622 infeasible  539       331.00000  308.00000  6.95%  34.2  919s
 26864  9170  308.00000  382  730  331.00000  308.00000  6.95%  34.6  922s
 27412  9076 infeasible  514       331.00000  308.00000  6.95%  34.0  925s
 28054  9635 infeasible  577       331.00000  308.00000  6.95%  33.8  932s
 28261 10179  308.00000  388  678  331.00000  308.00000  6.95%  33.9  935s
 28894 10488  308.00000  416  736  331.00000  308.00000  6.95%  33.7  942s
 29300 10399 infeasible  545       331.00000  308.00000  6.95%  33.3  946s
 29389 10510  308.00000  451  697  331.00000  308.00000  6.95%  33.8  950s
 30006 11033 infeasible  398       331.00000  308.00000  6.95%  33.6  957s
 30554 10950 infeasible  730       331.00000  308.00000  6.95%  33.1  960s
 31185 11407 infeasible  544       331.00000  308.00000  6.95%  33.0  967s
 31276 11908  308.00000  377  670  331.00000  308.00000  6.95%  33.4  971s
 31824 11723 infeasible  461       331.00000  308.00000  6.95%  32.9  984s
 32009 12218  308.00000  426  667  331.00000  308.00000  6.95%  33.6  988s
 32557 12120 infeasible  558       331.00000  308.00000  6.95%  33.1  991s
 32657 12629 infeasible  762       331.00000  308.00000  6.95%  33.5  995s
 33307 13037  308.00000  315  781  331.00000  308.00000  6.95%  33.3 1002s
 33855 12935 infeasible  472       331.00000  308.00000  6.95%  32.9 1006s
 34505 13334 infeasible  480       331.00000  308.00000  6.95%  32.4 1012s
 34580 13730  308.00000  612  538  331.00000  308.00000  6.95%  32.4 1015s
 35276 13957  308.00000  307  747  331.00000  308.00000  6.95%  31.8 1023s
 35805 13751 infeasible  679       331.00000  308.00000  6.95%  31.4 1027s
 36011 13562 infeasible  752       331.00000  308.00000  6.95%  31.2 1031s
 36200 13966  308.00000  590  547  331.00000  308.00000  6.95%  31.1 1035s
 36925 13580 infeasible  773       331.00000  308.00000  6.95%  30.6 1042s
 37134 13856  308.00000  663  489  331.00000  308.00000  6.95%  30.4 1046s
 37671 13704 infeasible  752       331.00000  308.00000  6.95%  30.0 1050s
 38297 13674 infeasible  712       331.00000  308.00000  6.95%  29.6 1058s
 38487 14086 infeasible  633       331.00000  308.00000  6.95%  29.5 1062s
 39035 13884 infeasible  830       331.00000  308.00000  6.95%  29.1 1066s
 39237 13686 infeasible  708       331.00000  308.00000  6.95%  29.0 1070s
 39983 13878 infeasible  825       331.00000  308.00000  6.95%  28.6 1077s
 40273 13634 infeasible  755       331.00000  308.00000  6.95%  28.4 1081s
 40517 13577 infeasible  603       331.00000  308.00000  6.95%  28.3 1086s
 40972 13717 infeasible  648       331.00000  308.00000  6.95%  28.0 1090s
 41832 13958 infeasible  789       331.00000  308.00000  6.95%  27.5 1097s
 41951 14265  308.00000  631  495  331.00000  308.00000  6.95%  27.5 1101s
 42499 14064 infeasible  736       331.00000  308.00000  6.95%  27.1 1113s
 42700 14420 infeasible  666       331.00000  308.00000  6.95%  27.1 1116s
 43248 14485 infeasible  777       331.00000  308.00000  6.95%  26.8 1120s
 43596 14591  308.00000  803  396  331.00000  308.00000  6.95%  26.6 1125s
 44286 14802 infeasible  808       331.00000  308.00000  6.95%  26.3 1133s
 44834 14619 infeasible  854       331.00000  308.00000  6.95%  26.0 1136s
 45017 14713 infeasible  810       331.00000  308.00000  6.95%  25.9 1141s
 45400 14905  308.00000  843  345  331.00000  308.00000  6.95%  25.7 1146s
 45856 14787 infeasible  864       331.00000  308.00000  6.95%  25.5 1150s
 46522 14867 infeasible  998       331.00000  308.00000  6.95%  25.2 1158s
 46738 15348 infeasible  822       331.00000  308.00000  6.95%  25.1 1161s
 47286 15206 infeasible  897       331.00000  308.00000  6.95%  24.8 1165s
 47428 15319 infeasible  825       331.00000  308.00000  6.95%  24.8 1170s
 47966 15628  308.00000  869  358  331.00000  308.00000  6.95%  24.5 1177s
 48514 15445 infeasible  969       331.00000  308.00000  6.95%  24.3 1181s
 49245 15645 infeasible 1067       331.00000  308.00000  6.95%  23.9 1188s
 49549 15364 infeasible 1009       331.00000  308.00000  6.95%  23.8 1192s
 49830 15202 infeasible  876       331.00000  308.00000  6.95%  23.7 1196s
 49992 15730  308.00000  799  427  331.00000  308.00000  6.95%  23.6 1200s
 50796 15289 infeasible  852       331.00000  308.00000  6.95%  23.3 1208s
 50981 15821  308.00000  857  386  331.00000  308.00000  6.95%  23.2 1212s
 51529 15560 infeasible  983       331.00000  308.00000  6.95%  23.0 1215s
 52059 15827 infeasible  813       331.00000  308.00000  6.95%  22.8 1222s
 52607 15546 infeasible  963       331.00000  308.00000  6.95%  22.6 1226s
 52888 15334 infeasible  816       331.00000  308.00000  6.95%  22.5 1230s
 53648 15511 infeasible  977       331.00000  308.00000  6.95%  22.2 1246s
 54011 15185 infeasible  939       331.00000  308.00000  6.95%  22.1 1252s
 54337 15555 infeasible  838       331.00000  308.00000  6.95%  22.0 1258s
 54751 15203 infeasible  801       331.00000  308.00000  6.95%  21.8 1265s
 55103 15153 infeasible  792       331.00000  308.00000  6.95%  21.8 1273s
 55455 15210 infeasible  787       331.00000  308.00000  6.95%  21.7 1281s
 55865 14948 infeasible  762       331.00000  308.00000  6.95%  21.5 1287s
 56127 15166  308.00000  658  479  331.00000  308.00000  6.95%  21.5 1295s
 56539 14824 infeasible  659       331.00000  308.00000  6.95%  21.4 1301s
 56881 15190  308.00000  721  452  331.00000  308.00000  6.95%  21.3 1314s
 57293 14849 infeasible  722       331.00000  308.00000  6.95%  21.2 1321s
 57634 14592 infeasible  726       331.00000  308.00000  6.95%  21.1 1327s
 57891 15093 infeasible  711       331.00000  308.00000  6.95%  21.1 1335s
 58420 14704 infeasible  850       331.00000  308.00000  6.95%  20.9 1342s
 58809 15248  308.00000  766  431  331.00000  308.00000  6.95%  20.8 1345s
 59357 14846 infeasible  889       331.00000  308.00000  6.95%  20.6 1351s
 60307 14938 infeasible  838       331.00000  308.00000  6.95%  20.3 1359s
 60732 14711 infeasible  718       331.00000  308.00000  6.95%  20.2 1365s
 61507 14945 infeasible  732       331.00000  308.00000  6.95%  20.0 1375s
 62335 15172 infeasible  704       331.00000  308.00000  6.95%  19.8 1384s
 62622 15693  308.00000  582  484  331.00000  308.00000  6.95%  19.8 1387s
 63170 15386 infeasible  713       331.00000  308.00000  6.95%  19.6 1393s
 63477 15865 infeasible  667       331.00000  308.00000  6.95%  19.6 1397s
 64025 15509 infeasible  948       331.00000  308.00000  6.95%  19.4 1409s
 64381 15989 infeasible  587       331.00000  308.00000  6.95%  19.3 1413s
 64929 15615 infeasible  859       331.00000  308.00000  6.95%  19.2 1417s
 65303 15386 infeasible  707       331.00000  308.00000  6.95%  19.1 1422s
 65532 15916 infeasible  609       331.00000  308.00000  6.95%  19.0 1425s
 66080 15638 infeasible  780       331.00000  308.00000  6.95%  18.9 1430s
 66878 15555 infeasible  684       331.00000  308.00000  6.95%  18.7 1439s
 67165 16053 infeasible  691       331.00000  308.00000  6.95%  18.6 1442s
 67713 15699 infeasible  826       331.00000  308.00000  6.95%  18.5 1446s
 68067 15412 infeasible  782       331.00000  308.00000  6.95%  18.4 1450s
 68354 15595 infeasible  705       331.00000  308.00000  6.95%  18.3 1455s
 68867 15436 infeasible  580       331.00000  308.00000  6.95%  18.2 1460s
 69574 15709 infeasible  812       331.00000  308.00000  6.95%  18.0 1467s
 69843 15947  308.00000  722  423  331.00000  308.00000  6.95%  18.0 1471s
 70391 15679 infeasible  778       331.00000  308.00000  6.95%  17.8 1475s
 70659 15789 infeasible  602       331.00000  308.00000  6.95%  17.8 1480s
 71457 15955 infeasible  632       331.00000  308.00000  6.95%  17.6 1488s
 72005 15748 infeasible  651       331.00000  308.00000  6.95%  17.5 1492s
 72212 16274  308.00000  688  445  331.00000  308.00000  6.95%  17.5 1496s
 72760 16034 infeasible  817       331.00000  308.00000  6.95%  17.3 1500s
 73000 15751 infeasible  741       331.00000  308.00000  6.95%  17.3 1506s
 73283 16275 infeasible  711       331.00000  308.00000  6.95%  17.2 1510s
 73831 15914 infeasible  820       331.00000  308.00000  6.95%  17.1 1516s
 74192 15696 infeasible  651       331.00000  308.00000  6.95%  17.1 1522s
 74446 16216 infeasible  637       331.00000  308.00000  6.95%  17.0 1525s
 74994 15766 infeasible  813       331.00000  308.00000  6.95%  16.9 1538s
 75444 15421 infeasible  771       331.00000  308.00000  6.95%  16.8 1545s
 76337 15630 infeasible  751       331.00000  308.00000  6.95%  16.6 1553s
 76659 15893 infeasible  840       331.00000  308.00000  6.95%  16.6 1557s
 77207 15655 infeasible 1004       331.00000  308.00000  6.95%  16.5 1562s
 77445 16119  308.00000  653  440  331.00000  308.00000  6.95%  16.4 1566s
 77993 15900 infeasible  790       331.00000  308.00000  6.95%  16.3 1571s
 78212 16363 infeasible  690       331.00000  308.00000  6.95%  16.3 1575s
 78968 16631  308.00000  802  399  331.00000  308.00000  6.95%  16.2 1582s
 79516 16386 infeasible  910       331.00000  308.00000  6.95%  16.1 1587s
 79761 16555 infeasible  722       331.00000  308.00000  6.95%  16.0 1592s
 80307 16445 infeasible  915       331.00000  308.00000  6.95%  15.9 1596s
 80519 16870  323.00000  848  359  331.00000  308.00000  6.95%  15.9 1600s
 81067 16647 infeasible  941       331.00000  308.00000  6.95%  15.8 1605s
 81838 16912 infeasible  828       331.00000  308.00000  6.95%  15.7 1613s
 82050 17343 infeasible  732       331.00000  308.00000  6.95%  15.7 1616s
 82598 17193 infeasible 1005       331.00000  308.00000  6.95%  15.6 1621s
 82748 17674  308.00000  965  375  331.00000  308.00000  6.95%  15.6 1625s
 83296 17428 infeasible 1062       331.00000  308.00000  6.95%  15.5 1630s
 83895 17785  308.00000  725  380  331.00000  308.00000  6.95%  15.4 1639s
 84443 17485 infeasible  852       331.00000  308.00000  6.95%  15.3 1644s
 84743 17509 infeasible  788       331.00000  308.00000  6.95%  15.3 1648s
 85034 17997  308.00000  829  385  331.00000  308.00000  6.95%  15.2 1651s
 85582 17733 infeasible  925       331.00000  308.00000  6.95%  15.1 1664s
 85846 18265  327.00000  705  395  331.00000  308.00000  6.95%  15.1 1668s
 86394 17933 infeasible  840       331.00000  308.00000  6.95%  15.0 1673s
 86726 17826 infeasible  664       331.00000  308.00000  6.95%  15.0 1678s
 86997 18359  326.00000  730  374  331.00000  308.00000  6.95%  14.9 1681s
 87545 18097 infeasible  867       331.00000  308.00000  6.95%  14.8 1686s
 87807 18144 infeasible  726       331.00000  308.00000  6.95%  14.8 1693s
 87909 17959 infeasible  718       331.00000  308.00000  6.95%  14.8 1698s
 88094 17710 infeasible  955       331.00000  308.00000  6.95%  14.8 1704s
 88343 17693 infeasible  695       331.00000  308.00000  6.95%  14.8 1713s
 88495 17487 infeasible  813       331.00000  308.00000  6.95%  14.7 1719s
 88701 17285 infeasible  783       331.00000  308.00000  6.95%  14.7 1731s
 88943 17038 infeasible  812       331.00000  308.00000  6.95%  14.7 1738s
 89190 17171 infeasible  700       331.00000  308.00000  6.95%  14.7 1748s
 89337 16883 infeasible  706       331.00000  308.00000  6.95%  14.7 1756s
 89625 16714 infeasible  614       331.00000  308.00000  6.95%  14.6 1767s
 89874 16434 infeasible  596       331.00000  308.00000  6.95%  14.6 1775s
 90154 16560  308.00000  593  558  331.00000  308.00000  6.95%  14.6 1796s
 90294 16441 infeasible  594       331.00000  308.00000  6.95%  14.6 1800s

Cutting planes:
  Learned: 23
  Gomory: 42
  Cover: 219
  Implied bound: 298
  Projected implied bound: 1
  Clique: 22
  MIR: 127
  StrongCG: 65
  Flow cover: 541
  GUB cover: 97
  Zero half: 30
  Network: 13
  Relax-and-lift: 447

Explored 90413 nodes (1343996 simplex iterations) in 1800.06 seconds (2090.44 work units)
Thread count was 8 (of 8 available processors)

Solution count 1: 331 

Time limit reached
Best objective 3.310000000000e+02, best bound 3.080000000000e+02, gap 6.9486%
! --------------------------------------------------------
! Status: FEASIBLE (time limit reached)
! Best span = 331
! Labeling: 111 111 111 111 1 331 111 331 111 1 331 257 1 137 217 1 1 111 1 331 331 1 111 221 111 1 1 111 1 1 1 111 221 331 331 331 268 111 1 111 1 111 111 1 1 221 111 331 1 330 221 111 111 1 111 221 221 159 111 1 221 221 331 1 1 111 5 331 1 309 331 331 331 111 1 1 331 331 330 111 221 1 111 257 331 111 331 331 1 221 331 1 1 111 1 111 111 1 1 1 111 111 111 331 1 331 111 13 1 1 1 1 1 221 1 111 221 111 331 111 331 331 223 1 111 111 111 1 111 1 1 331 221 111 105 221 1 64 1 221 111 1 331 1 158 4 1 111 1 1 283 331 63 1 331 221 221 1 331 331 1 111 1 111 111 111 1 1 221 221 1 1 221 331 221 174 1 221 331 1 221 1 221 1 1 1 111 111 1 1 221 111 1 111 111 221 221 1 111 221 31 111 1 111 331 111 120 331 330 1 221 1 221 331 331 1 1 111 111 1 111 111 221 1 1 221 1 1 1 1 221 111 111 214 1 1 1 111 331 1 1 111 1 111 331 1 111 1 115 111 111 221 222 111 111 1 111 331 111 1 331 331 221 331 111 331 331 221 221 1 111 1 111 283 1 111 1 1 1 31 115 331 1 331 1 331 221 331 221 1 221 1 221 1 111 221 111 114 1 1 1 5 111 1 1 331 1 111 221 1 111 331 138 221 1 331 331 111 1 221 331 1 221 141 3 111 1 111 111 111 111 331 221 1 175 221 257 111 111 331 111 1 1 221 330 221 1 1 1 1 111 221 1 111 221 331 1 1 111 111 111 221 1 1 111 111 111 331 111 221 111 331 111 1 273 331 1 111 111 221 331 111 221 111 331 221 331 1 221 331 221 128 143 331 111 111 1 331 1 221 331 1 1 111 111 111 111 1 221 111 1 1 326 331 111 331 1 111 1 1 1 111 288 221 111 1 1 1 1 1 1 1 1 331 331 1 111 221 221 221 1 174 1 4 111 111 111 111 1 1 331 1 331 1 331 257 111 331 221 221 1 1 1 1 1 128 1 111 112 331 221 162 331 331 331 221 2 1 331 111 331 1 331 1 1 1 111 1 329 111 331 1 257 111 330 1 173 1 221 331 1 1 331 1 1 331 331 221 331 1 1 1 1 111 1 1 1 1 111 331 1 111 1 1 331 1 331 1 331 257 1 331 1 331 1 1 1 331 1 1 221 111 330 1 111 111 1 221 111 111 1 1 127 331 331 111 1 111 1 221 1 331 221 1 1 1 111 257 1 1 111 221 1 111 1 111 221 111 221 111 111 221 111 221 221 1 1 1 1 331 111 111 64 331 221 1 331 331 331 1 221 1 330 56 1 1 1 1 111 183 331 1 1 1 111 1 331 1 111 111 331 1 1 242 1 330 330 111 331 1 111 111 1 1 221 111 1 111 111 1 331 1 221 1 111 146 331 331 1 221 1 52 1 221 1 1 1 111 221 111 331 1 
! --------------------------------------------------------
! All verification passed
