! Solving for graph /home/truongxuanhieu/Gurobi-for-MinSpanLabeling/benchmarks/abp/W-685_bus.mtx.rnd
! Target value is set to 68
! Lower bound is set to 69
! Upper bound is set to 342
! Time limit is set to 1800
! Vertices mode is set to Has hole
! Target value mode is set to Antibandwidth
Set parameter WLSAccessID
Set parameter WLSSecret
Set parameter LicenseID to value 2663665
Academic license 2663665 - for non-commercial use only - registered to tu___@vnu.edu.vn
Set parameter OutputFlag to value 1
Set parameter TimeLimit to value 1800
Gurobi Optimizer version 13.0.2 build v13.0.2rc1 (linux64 - "Debian GNU/Linux 12 (bookworm)")

CPU model: Intel(R) Xeon(R) CPU @ 2.20GHz, instruction set [SSE2|AVX|AVX2]
Thread count: 4 physical cores, 8 logical processors, using up to 8 threads

Non-default parameters:
TimeLimit  1800

Academic license 2663665 - for non-commercial use only - registered to tu___@vnu.edu.vn
Optimize a model with 3937 rows, 238205 columns and 475724 nonzeros (Min)
Model fingerprint: 0xd2d1de0d
Model has 1 linear objective coefficients
Model has 2652 simple general constraints
  1282 ABS, 1370 INDICATOR
Variable types: 0 continuous, 238205 integer (234955 binary)
Coefficient statistics:
  Matrix range     [1e+00, 3e+02]
  Objective range  [1e+00, 1e+00]
  Bounds range     [1e+00, 3e+02]
  RHS range        [1e+00, 2e+02]
  GenCon rhs range [1e+00, 1e+00]
  GenCon coe range [1e+00, 1e+00]

Presolve added 4618 rows and 2393 columns
Presolve time: 2.09s
Presolved: 8555 rows, 240598 columns, 489835 nonzeros
Variable types: 0 continuous, 240598 integer (236066 binary)
Deterministic concurrent LP optimizer: primal and dual simplex
Showing primal log only...

Concurrent spin time: 0.00s

Solved with dual simplex

Root relaxation: objective 6.900000e+01, 2476 iterations, 0.68 seconds (0.35 work units)

    Nodes    |    Current Node    |     Objective Bounds      |     Work
 Expl Unexpl |  Obj  Depth IntInf | Incumbent    BestBd   Gap | It/Node Time

     0     0   69.00000    0 1103          -   69.00000      -     -    4s
     0     0   69.00000    0 1870          -   69.00000      -     -   11s
     0     0   69.00000    0 2360          -   69.00000      -     -   12s
     0     0   69.00000    0 2600          -   69.00000      -     -   16s
     0     0   69.00000    0 1575          -   69.00000      -     -   18s
     0     0   69.00000    0 2221          -   69.00000      -     -   20s
     0     0   69.00000    0 2757          -   69.00000      -     -   24s
     0     0   69.00000    0 1497          -   69.00000      -     -   26s
     0     0   69.00000    0 1496          -   69.00000      -     -   27s
     0     0   69.00000    0 1152          -   69.00000      -     -   30s
     0     2   69.00000    0 1144          -   69.00000      -     -   41s
    67   175   69.00000   14 1709          -   69.00000      -  95.0   46s
   354   527  137.00000   68 1446          -   69.00000      -  63.0   52s
   533   671  205.00000  101 1277          -   69.00000      -  55.1   55s
   891  1049  137.00000  101 1506          -   69.00000      -  57.8   62s
  1081  1244  205.00000  135 1361          -   69.00000      -  52.0   66s
  1479  1423   69.00000   30 2098          -   69.00000      -  44.5   70s
  1677  1698   70.00000   37 2621          -   69.00000      -  46.7   77s
  1898  1699  137.00000   69 1152          -   69.00000      -  44.6   89s
  1900  1700  137.00000   75 1103          -   69.00000      -  44.5  100s
  1901  1701  137.00000   80 1405          -   69.00000      -  44.5  106s
  1902  1702  205.00000  115 2266          -   69.00000      -  44.5  112s
  1903  1702   69.00000   26 1405          -   69.00000      -  44.5  118s
  1904  1703  205.00000  175 2043          -   69.00000      -  44.4  124s
  1905  1704  273.00000  201 1400          -   69.00000      -  44.4  127s
  1906  1704  205.00000  129 1574          -   69.00000      -  44.4  132s
H 1906  1618                     342.0000000   69.00000  79.8%  44.4  139s
  1908  1620  312.00000  175 1477  342.00000   69.00000  79.8%  44.3  149s
  1909  1620  273.00000  229 1143  342.00000   69.00000  79.8%  44.3  152s
  1910  1621  341.00000  214 1328  342.00000   69.00000  79.8%  44.3  155s
  1912  1622  273.00000  266 1713  342.00000   69.00000  79.8%  44.2  162s
  1913  1623  205.00000  202 1254  342.00000   69.00000  79.8%  44.2  166s
  1915  1624  311.00000  181 1184  342.00000   69.00000  79.8%  44.2  173s
  1916  1625  137.00000   39 1013  342.00000   69.00000  79.8%  44.2  187s
  1917  1626  342.00000  235 1013  342.00000   69.00000  79.8%  44.1  191s
  1928  1645   69.00000   15  964  342.00000   69.00000  79.8%  85.1  195s
  1970  1670   69.00000   21  968  342.00000   69.00000  79.8%  91.2  206s
  1983  1679   69.00000   23  968  342.00000   69.00000  79.8%  94.6  216s
  2003  1693   69.00000   25  968  342.00000   69.00000  79.8%  96.1  223s
  2026  1706   69.00000   27  968  342.00000   69.00000  79.8%  97.2  232s
  2078  1763   69.00000   32  983  342.00000   69.00000  79.8%  98.4  235s
  2297  1859   69.00000   40  965  342.00000   69.00000  79.8%  93.2  242s
  2380  1918   69.00000   46  928  342.00000   69.00000  79.8%  92.7  245s
  2441  1942   69.00000   48  877  342.00000   69.00000  79.8%  91.6  252s
  2445  1971   80.30562   48 2424  342.00000   69.00000  79.8%  92.1  255s
  2481  1997   69.00000   50  877  342.00000   69.00000  79.8%  92.3  260s
  2515  1989   69.00000   51  877  342.00000   69.00000  79.8%  92.5  267s
  2542  2021   69.00000   52  877  342.00000   69.00000  79.8%  93.2  271s
  2563  2019  341.00000   52 1060  342.00000   69.00000  79.8%  93.8  276s
  2580  2028  257.00000   53 1136  342.00000   69.00000  79.8%  94.5  285s
  2628  2060   99.00000   54 1291  342.00000   69.00000  79.8%  93.5  293s
  2632  2108   69.00000   55  877  342.00000   69.00000  79.8%  93.7  295s
  2686  2122   69.00000   56  877  342.00000   69.00000  79.8%  93.3  301s
  2716  2118   69.00000   56  888  342.00000   69.00000  79.8%  92.4  305s
  2729  2128   69.00000   57  911  342.00000   69.00000  79.8%  92.2  313s
  2736  2179   69.00000   58  878  342.00000   69.00000  79.8%  92.0  315s
  2791  2164   70.00000   58 1389  342.00000   69.00000  79.8%  90.8  321s
  2849  2200  341.00000   59 1089  342.00000   69.00000  79.8%  90.4  327s
  2866  2211  257.00000   60 1131  342.00000   69.00000  79.8%  91.2  333s
  2870  2285   69.00000   61  876  342.00000   69.00000  79.8%  91.2  338s
  2948  2263  257.00000   61 1095  342.00000   69.00000  79.8%  89.9  345s
  3033  2374  257.00000   62 1151  342.00000   69.00000  79.8%  89.1  350s
  3135  2350   69.00000   63  876  342.00000   69.00000  79.8%  86.4  355s
  3279  2369   69.00000   74  880  342.00000   69.00000  79.8%  93.0  365s
  3366  2403   69.00000   76  881  342.00000   69.00000  79.8%  93.2  374s
  3373  2478   69.00000   78  881  342.00000   69.00000  79.8%  95.0  376s
  3498  2442   69.00000   87  852  342.00000   69.00000  79.8%  98.2  382s
  3505  2601   69.00000   88  855  342.00000   69.00000  79.8%  99.5  385s
  3869  2559  137.00000  104 1148  342.00000   69.00000  79.8%  97.5  394s
  3873  2623  137.00000  105 1148  342.00000   69.00000  79.8%  97.8  401s
  3952  2600  137.00000  107 1150  342.00000   69.00000  79.8%  96.2  411s
  3956  2601  137.00000  107 1141  342.00000   69.00000  79.8%  96.3  422s
  3962  2603  137.00000  108 1141  342.00000   69.00000  79.8%  96.4  430s
  3966  2606  257.00000  108 1074  342.00000   69.00000  79.8%  96.5  442s
  3970  2608  137.00000  109 1141  342.00000   69.00000  79.8%  96.4  447s
  3974  2611  258.00000  109 1038  342.00000   69.00000  79.8%  96.5  457s
  3978  2614  137.00000  110 1141  342.00000   69.00000  79.8%  96.4  466s
  3982  2616  258.00000  110 1042  342.00000   69.00000  79.8%  96.5  473s
  3986  2619  137.00000  111 1141  342.00000   69.00000  79.8%  96.5  477s
  3990  2622  257.00000  111 1069  342.00000   69.00000  79.8%  96.6  489s
  3994  2625  137.00000  112 1141  342.00000   69.00000  79.8%  96.5  494s
  3999  2631  257.00000  112 1070  342.00000   69.00000  79.8%  96.5  505s
  4006  2637  137.00000  113 1141  342.00000   69.00000  79.8%  96.5  510s
  4015  2643  258.00000  113 1048  342.00000   69.00000  79.8%  96.5  516s
  4024  2650  137.00000  114 1141  342.00000   69.00000  79.8%  96.3  520s
  4034  2653  137.00000  115 1141  342.00000   69.00000  79.8%  96.3  525s
  4040  2665  137.00000  116 1141  342.00000   69.00000  79.8%  96.3  533s
  4054  2678  137.00000  117 1141  342.00000   69.00000  79.8%  96.3  538s
  4072  2692  137.00000  118 1141  342.00000   69.00000  79.8%  96.1  544s
  4092  2692  137.00000  119 1141  342.00000   69.00000  79.8%  95.9  550s
  4098  2703  137.00000  120 1141  342.00000   69.00000  79.8%  95.9  555s
  4120  2726  137.00000  122 1141  342.00000   69.00000  79.8%  95.8  564s
  4142  2733  137.00000  123 1141  342.00000   69.00000  79.8%  95.5  570s
  4156  2742  137.00000  124 1141  342.00000   69.00000  79.8%  95.4  576s
  4170  2752  137.00000  125 1141  342.00000   69.00000  79.8%  95.3  582s
  4184  2762  137.00000  126 1141  342.00000   69.00000  79.8%  95.2  587s
  4199  2779  137.00000  127 1141  342.00000   69.00000  79.8%  95.1  593s
  4223  2783  137.00000  128 1141  342.00000   69.00000  79.8%  94.8  599s
  4235  2795  256.00000  128 1182  342.00000   69.00000  79.8%  94.8  609s
  4251  2826  137.00000  129 1141  342.00000   69.00000  79.8%  94.5  616s
  4287  2843  255.00000  129 1181  342.00000   69.00000  79.8%  94.0  625s
  4316  2851  137.00000  130 1141  342.00000   69.00000  79.8%  93.5  639s
  4334  2873  137.00000  131 1141  342.00000   69.00000  79.8%  93.4  644s
  4362  2905  137.00000  133 1141  342.00000   69.00000  79.8%  93.3  653s
  4403  2910  137.00000  137 1141  342.00000   69.00000  79.8%  93.1  660s
  4423  2922  137.00000  138 1141  342.00000   69.00000  79.8%  93.0  666s
  4443  3044  137.00000  139 1127  342.00000   69.00000  79.8%  93.0  672s
  4692  2964 infeasible  162       342.00000   69.00000  79.8%  88.5  682s
  4701  3004  255.00000  163 1030  342.00000   69.00000  79.8%  89.0  689s
  4749  3096  255.00000  168 1051  342.00000   69.00000  79.8%  88.4  696s
  4984  3022  255.00000  194 1008  342.00000   69.00000  79.8%  84.8  706s
  5013  3161  255.00000  194  975  342.00000   69.00000  79.8%  84.9  713s
  5195  3190  255.00000  215  974  342.00000   69.00000  79.8%  82.9  719s
  5331  3420 infeasible  235       342.00000   69.00000  79.8%  81.6  727s
  5801  3270 infeasible  288       342.00000   69.00000  79.8%  76.4  738s
  5824  3352  255.00000  289  898  342.00000   69.00000  79.8%  78.0  747s
  6038  3286 infeasible  339       342.00000   69.00000  79.8%  77.9  756s
  6047  3301  255.00000  341  893  342.00000   69.00000  79.8%  78.4  765s
  6065  3508  255.00000  342  896  342.00000   69.00000  79.8%  78.5  775s
  6395  3412  255.00000  400  843  342.00000   69.00000  79.8%  79.8  785s
  6411  3671  255.00000  400  857  342.00000   69.00000  79.8%  80.0  793s
  6915  3557  255.00000  454  815  342.00000   69.00000  79.8%  75.3  800s
  6931  3866  255.00000  455  815  342.00000   69.00000  79.8%  75.5  810s
  7435  3870  255.00000  515  797  342.00000   69.00000  79.8%  71.0  818s
  7439  3880  255.00000  516  758  342.00000   69.00000  79.8%  71.2  826s
  7449  3890  255.00000  517  751  342.00000   69.00000  79.8%  71.2  836s
  7459  3911  255.00000  518  749  342.00000   69.00000  79.8%  71.2  846s
  7482  3944  255.00000  519  749  342.00000   69.00000  79.8%  71.1  857s
  7519  4132  255.00000  521  749  342.00000   69.00000  79.8%  71.0  866s
  8023  4134 infeasible  576       342.00000   69.00000  79.8%  66.8  879s
  8049  4383  255.00000  580  745  342.00000   69.00000  79.8%  67.1  888s
  8489  4420  255.00000  636  730  342.00000   69.00000  79.8%  68.2  895s
  8540  4634  255.00000  639  730  342.00000   69.00000  79.8%  68.8  903s
  8991  4653  255.00000  696  718  342.00000   69.00000  79.8%  70.3  914s
  9012  4868  255.00000  697  718  342.00000   69.00000  79.8%  71.3  922s
  9463  4919  255.00000  754  745  342.00000   69.00000  79.8%  72.6  930s
  9519  5065  255.00000  755  715  342.00000   69.00000  79.8%  73.2  939s
  9989  5087  255.00000  807  735  342.00000   69.00000  79.8%  75.3  949s
 10015  5217  255.00000  808  735  342.00000   69.00000  79.8%  75.6  958s
 10475  5231  255.00000  870  731  342.00000   69.00000  79.8%  75.9  989s
 10491  5614  255.00000  874  737  342.00000   69.00000  79.8%  76.6 1073s
 10995  5747  255.00000  929  658  342.00000   69.00000  79.8%  76.5 1080s
 11499  5918  255.00000  990  652  342.00000   69.00000  79.8%  73.2 1088s
 12003  5960 infeasible 1053       342.00000   69.00000  79.8%  70.5 1098s
 12435  5968  255.00000 1116  652  342.00000   69.00000  79.8%  68.1 1107s
 12814  6018 infeasible 1179       342.00000   69.00000  79.8%  66.1 1117s
 13240  6075 infeasible 1233       342.00000   69.00000  79.8%  64.1 1125s
 13346  6403 infeasible 1255       342.00000   69.00000  79.8%  64.3 1133s
 13828  6407 infeasible 1306       342.00000   69.00000  79.8%  64.9 1143s
 13838  6804  137.00000  297 1121  342.00000   69.00000  79.8%  65.3 1152s
 14341  6836  137.00000  410  955  342.00000   69.00000  79.8%  63.9 1159s
 14383  6844  137.00000  412  955  342.00000   69.00000  79.8%  63.9 1170s
 14393  6865  137.00000  415  953  342.00000   69.00000  79.8%  63.9 1181s
 14416  6910  137.00000  429  953  342.00000   69.00000  79.8%  63.9 1190s
 14463  7285  256.00000  460  967  342.00000   69.00000  79.8%  63.8 1200s
 14929  7327  137.00000  578  943  342.00000   69.00000  79.8%  62.2 1210s
 14973  7663  137.00000  618  943  342.00000   69.00000  79.8%  62.3 1218s
 15477  7721  137.00000  744  943  342.00000   69.00000  79.8%  60.4 1227s
 15537  7725  249.00000  788  997  342.00000   69.00000  79.8%  60.4 1236s
 15541  7729  137.00000  795  943  342.00000   69.00000  79.8%  60.4 1247s
 15545  7733  137.00000  796  943  342.00000   69.00000  79.8%  60.5 1260s
 15549  7755  137.00000  797  943  342.00000   69.00000  79.8%  60.5 1272s
 15571  7787  137.00000  816  943  342.00000   69.00000  79.8%  60.5 1283s
 15603  7814  258.00000  834 1040  342.00000   69.00000  79.8%  60.5 1298s
 15630  7871  258.00000  835 1010  342.00000   69.00000  79.8%  60.5 1309s
 15689  7915  258.00000  838 1004  342.00000   69.00000  79.8%  60.5 1319s
 15733  7935  137.00000  847  943  342.00000   69.00000  79.8%  60.4 1329s
 15753  7954  258.00000  844  977  342.00000   69.00000  79.8%  60.5 1342s
 15772  8089  137.00000  851  943  342.00000   69.00000  79.8%  60.5 1351s
 15944  8404  137.00000  866  943  342.00000   69.00000  79.8%  60.2 1361s
 16448  8420  137.00000  975  943  342.00000   69.00000  79.8%  58.9 1372s
 16472  8699  137.00000  980  943  342.00000   69.00000  79.8%  59.2 1380s
 16976  8811  137.00000 1104  943  342.00000   69.00000  79.8%  57.6 1390s
 17095  9040  137.00000 1136  943  342.00000   69.00000  79.8%  57.5 1397s
 17540  9067  258.00000 1183  976  342.00000   69.00000  79.8%  56.4 1408s
 17577  9341  137.00000 1188  943  342.00000   69.00000  79.8%  56.5 1416s
 18081  9446  137.00000 1303  939  342.00000   69.00000  79.8%  55.2 1424s
 18210  9591  137.00000 1344  939  342.00000   69.00000  79.8%  55.1 1435s
 18483  9603  137.00000 1393  939  342.00000   69.00000  79.8%  54.3 1453s
 18499  9635  137.00000 1394  939  342.00000   69.00000  79.8%  54.3 1465s
 18532  9656  137.00000 1395  939  342.00000   69.00000  79.8%  54.3 1477s
 18554  9689  137.00000 1396  939  342.00000   69.00000  79.8%  54.3 1491s
 18587  9721  137.00000 1397  939  342.00000   69.00000  79.8%  54.2 1506s
 18620  9769  137.00000 1398  939  342.00000   69.00000  79.8%  54.2 1518s
 18668  9844  137.00000 1400  939  342.00000   69.00000  79.8%  54.1 1528s
 18743  9882  137.00000 1419  939  342.00000   69.00000  79.8%  54.0 1540s
 18781  9958  137.00000 1430  939  342.00000   69.00000  79.8%  53.9 1549s
 18861 10090  137.00000 1434  939  342.00000   69.00000  79.8%  53.9 1558s
 18993 10420  137.00000 1484  939  342.00000   69.00000  79.8%  53.6 1568s
 19497 10422  314.00000 1576  999  342.00000   69.00000  79.8%  52.9 1582s
 19507 10663  252.00000 1575  985  342.00000   69.00000  79.8%  53.1 1592s
 19980 10691  335.00000 1642  941  342.00000   69.00000  79.8%  52.1 1603s
 20010 11033  314.00000 1642  977  342.00000   69.00000  79.8%  52.1 1613s
 20471 11066  314.00000 1730  975  342.00000   69.00000  79.8%  51.1 1626s
 20506 11265  314.00000 1731  973  342.00000   69.00000  79.8%  51.2 1637s

Cutting planes:
  Gomory: 7
  Cover: 288
  Implied bound: 278
  Clique: 41
  MIR: 175
  StrongCG: 87
  Flow cover: 460
  GUB cover: 154
  Zero half: 18
  Network: 26
  Relax-and-lift: 287
  BQP: 1

Explored 20736 nodes (1085785 simplex iterations) in 1806.24 seconds (1946.05 work units)
Thread count was 8 (of 8 available processors)

Solution count 1: 342 

Time limit reached
Best objective 3.420000000000e+02, best bound 6.900000000000e+01, gap 79.8246%
! --------------------------------------------------------
! Status: FEASIBLE (time limit reached)
! Best span = 342
! Labeling: 3 342 69 69 69 70 2 1 69 2 9 1 342 1 67 49 102 69 71 1 38 1 1 68 6 69 69 71 342 1 100 100 69 1 1 1 99 9 1 48 2 104 1 1 69 1 68 69 69 1 1 1 102 69 1 1 1 1 69 69 342 71 1 1 69 1 342 39 1 1 1 342 70 2 69 1 67 129 1 1 1 1 1 342 342 1 69 69 205 342 342 69 1 1 70 39 175 100 71 69 1 39 69 342 1 1 1 67 1 1 69 117 1 1 342 69 4 66 69 1 1 69 69 69 69 69 69 1 69 274 342 1 1 1 1 69 68 1 70 342 69 66 1 69 342 69 342 69 1 62 1 1 100 342 69 69 1 69 85 69 274 43 342 342 1 69 70 1 69 1 72 205 69 273 137 67 342 274 342 67 69 69 38 1 69 1 99 68 342 1 1 1 115 69 1 342 1 1 69 69 1 274 1 69 1 1 342 342 1 69 342 342 1 1 1 105 100 1 206 1 197 1 342 342 1 148 1 127 342 39 70 342 1 68 137 342 69 342 69 342 137 153 206 274 1 1 162 342 68 1 99 1 69 1 342 274 137 69 342 137 274 1 1 68 69 69 342 183 1 1 1 69 1 68 1 1 342 69 69 342 69 342 274 206 70 130 127 1 69 144 263 137 69 112 274 342 342 69 1 1 69 1 342 221 1 50 69 68 60 174 1 69 342 1 342 342 1 1 1 2 342 274 69 342 98 205 342 342 69 69 1 274 342 342 69 69 274 69 69 69 342 67 69 342 274 69 69 1 1 1 69 342 342 1 106 139 69 342 1 101 1 342 1 1 69 137 1 205 1 342 69 1 69 70 1 1 43 137 1 69 342 1 69 69 1 69 69 206 69 69 106 68 1 69 15 229 69 195 205 206 342 137 342 342 274 69 342 337 168 40 66 303 137 342 77 1 137 69 1 1 342 69 342 139 77 342 1 117 342 1 68 1 76 274 69 69 1 342 137 1 129 150 69 1 69 69 1 1 1 197 138 69 342 93 71 1 342 137 274 137 206 137 1 342 274 1 342 74 1 69 274 197 1 138 342 2 1 1 100 319 100 37 342 1 69 342 342 137 1 342 71 205 342 342 69 342 1 69 238 342 1 342 70 170 1 134 107 159 204 274 205 69 137 137 342 274 274 138 342 1 138 342 1 342 69 265 342 137 342 274 128 87 1 205 1 69 1 69 1 137 1 1 342 342 137 1 274 135 342 137 342 1 137 1 101 1 1 107 137 68 137 195 274 342 69 206 274 221 1 1 342 342 1 342 342 274 1 1 251 342 138 185 137 69 342 342 102 274 137 69 129 1 69 1 274 175 1 68 205 69 265 195 137 150 91 145 137 1 205 273 342 118 1 1 251 1 1 136 69 134 111 342 274 342 175 69 325 274 342 175 212 257 273 342 69 342 1 342 273 1 197 273 137 205 257 274 1 274 342 69 137 274 274 205 136 1 272 274 274 342 257 280 1 137 69 257 342 337 342 264 59 342 137 274 274 342 139 206 137 1 251 271 341 183 342 
! --------------------------------------------------------
! All verification passed
