! Solving for graph /home/truongxuanhieu/Gurobi-for-MinSpanLabeling/benchmarks/abp/M-bcsstk06.mtx.rnd
! Target value is set to 51
! Lower bound is set to 52
! Upper bound is set to 630
! Time limit is set to 1800
! Vertices mode is set to Has hole
! Target value mode is set to Antibandwidth
Set parameter WLSAccessID
Set parameter WLSSecret
Set parameter LicenseID to value 2663665
Academic license 2663665 - for non-commercial use only - registered to tu___@vnu.edu.vn
Set parameter OutputFlag to value 1
Set parameter TimeLimit to value 1800
Gurobi Optimizer version 13.0.2 build v13.0.2rc1 (linux64 - "Debian GNU/Linux 12 (bookworm)")

CPU model: AMD EPYC 7B12, instruction set [SSE2|AVX|AVX2]
Thread count: 4 physical cores, 8 logical processors, using up to 8 threads

Non-default parameters:
TimeLimit  1800

Academic license 2663665 - for non-commercial use only - registered to tu___@vnu.edu.vn
Optimize a model with 7443 rows, 272881 columns and 15721 nonzeros (Min)
Model fingerprint: 0x47a36550
Model has 1 linear objective coefficients
Model has 4560 simple general constraints
  3720 ABS, 840 INDICATOR
Variable types: 0 continuous, 272881 integer (265020 binary)
Coefficient statistics:
  Matrix range     [1e+00, 1e+00]
  Objective range  [1e+00, 1e+00]
  Bounds range     [1e+00, 6e+02]
  RHS range        [1e+00, 3e+02]
  GenCon rhs range [1e+00, 1e+00]
  GenCon coe range [1e+00, 1e+00]

Presolve added 7078 rows and 0 columns
Presolve removed 0 rows and 255060 columns
Presolve time: 0.07s
Presolved: 14521 rows, 17821 columns, 41460 nonzeros
Presolved model has 3720 SOS constraint(s)
Variable types: 0 continuous, 17821 integer (1680 binary)
Performing another presolve...
Presolve removed 5820 rows and 5820 columns
Presolve time: 0.06s

Root relaxation: objective 5.200000e+01, 8582 iterations, 0.06 seconds (0.06 work units)

    Nodes    |    Current Node    |     Objective Bounds      |     Work
 Expl Unexpl |  Obj  Depth IntInf | Incumbent    BestBd   Gap | It/Node Time

     0     0   52.00000    0 2557          -   52.00000      -     -    0s
     0     0   52.00000    0 2557          -   52.00000      -     -    0s
     0     2   52.00000    0 2557          -   52.00000      -     -    0s
  3520  3509  613.00000  434 1148          -   52.00000      -  13.6    5s
  6611  5678  613.00000  213 1840          -   52.00000      -  15.1   10s
 11026  8342  613.00000  292 1579          -   52.00000      -  12.9   15s
*12093  3492             939     613.0000000   52.00000  91.5%  12.8   16s
 14500  5115  103.00000   27 2460  613.00000  103.00000  83.2%  12.2   20s
 20724  9436  511.00000  250 1858  613.00000  103.00000  83.2%  11.3   25s
 26639 14216  359.00000  228 2012  613.00000  103.00000  83.2%  10.6   30s
 34080 20735  511.00000  180 2068  613.00000  103.00000  83.2%  10.1   35s
 41284 26914  409.00000  206 2026  613.00000  103.00000  83.2%   9.8   40s
 46872 31947  511.00000  165 1999  613.00000  103.00000  83.2%   9.7   45s
 53486 37291  460.00000  268 1893  613.00000  103.00000  83.2%   9.5   50s
 60423 43128  460.00000  283 1886  613.00000  103.00000  83.2%   9.3   55s
 67115 48620  257.00000   41 2480  613.00000  103.00000  83.2%   9.2   60s
 73207 53886  409.00000  100 2187  613.00000  103.00000  83.2%   9.2   65s
 79134 58942  563.00000   90 1994  613.00000  103.00000  83.2%   9.1   70s
 85933 64662  358.00000   86 2267  613.00000  103.00000  83.2%   9.1   75s
 92018 69701  511.00000  205 1951  613.00000  103.00000  83.2%   9.1   80s
 97016 74071  460.00000  169 2084  613.00000  103.00000  83.2%   9.0   85s
 103269 78939  409.00000  145 2008  613.00000  103.00000  83.2%   9.0   90s
 107376 82680  563.00000  126 1836  613.00000  103.00000  83.2%   8.9   95s
 112957 87537  154.00000   45 2357  613.00000  103.00000  83.2%   8.9  100s
 119018 92622  460.00000  139 2110  613.00000  103.00000  83.2%   8.9  105s
 125730 98572  460.00000  254 1984  613.00000  103.00000  83.2%   8.9  110s
 132790 104657  103.00000   37 2341  613.00000  103.00000  83.2%   8.8  115s
 138909 109917  563.00000  153 1792  613.00000  103.00000  83.2%   8.8  120s
 144532 114958  409.00000  194 2025  613.00000  103.00000  83.2%   8.8  125s
 152284 121506  460.00000  174 2019  613.00000  103.00000  83.2%   8.7  130s
 159682 128046  460.00000  191 1995  613.00000  103.00000  83.2%   8.7  135s
 166789 134027  460.00000  264 1883  613.00000  103.00000  83.2%   8.6  140s
 173369 139855  409.00000  269 1886  613.00000  103.00000  83.2%   8.6  145s
 179909 145210  562.00000  109 2111  613.00000  103.00000  83.2%   8.6  150s
 187197 151465  460.00000   59 2310  613.00000  103.00000  83.2%   8.6  155s
 193595 157076  460.00000  111 2136  613.00000  103.00000  83.2%   8.6  160s
 200684 162811  409.00000  171 2006  613.00000  103.00000  83.2%   8.6  165s
 201869 164182  409.00000  229 1919  613.00000  103.00000  83.2%   8.6  170s
 208604 169821  410.00000  163 2068  613.00000  103.00000  83.2%   8.6  175s
 215693 176127 infeasible  324       613.00000  103.00000  83.2%   8.6  180s
 223004 182216  563.00000   69 2056  613.00000  103.00000  83.2%   8.5  185s
 229935 187974  307.00000   51 2269  613.00000  103.00000  83.2%   8.5  190s
 234065 191791  359.00000  101 2185  613.00000  103.00000  83.2%   8.5  195s
 237968 195289  307.00000  141 2085  613.00000  103.00000  83.2%   8.5  200s
 242657 199431  409.00000   55 2269  613.00000  103.00000  83.2%   8.5  205s
 250276 205824  409.00000   56 2316  613.00000  103.00000  83.2%   8.5  210s
 257221 211576  256.00000   61 2210  613.00000  103.00000  83.2%   8.5  215s
 263851 217604  409.00000  164 2031  613.00000  103.00000  83.2%   8.5  220s
 271651 224293  409.00000  184 2017  613.00000  103.00000  83.2%   8.5  225s
 278544 230316  308.00000   51 2210  613.00000  103.00000  83.2%   8.5  230s
 284954 236254  409.00000  248 1894  613.00000  103.00000  83.2%   8.5  235s
 292222 242353  410.00000  184 2000  613.00000  103.00000  83.2%   8.5  240s
 298717 248018  512.00000   51 2255  613.00000  103.00000  83.2%   8.5  245s
 306173 254105  409.00000  114 2130  613.00000  103.00000  83.2%   8.5  250s
 312935 260294  460.00000  259 1875  613.00000  103.00000  83.2%   8.5  255s
 319513 265991  409.00000   61 2242  613.00000  103.00000  83.2%   8.5  260s
 326124 271673 infeasible  260       613.00000  103.00000  83.2%   8.5  265s
 332328 277424  205.00000   41 2322  613.00000  103.00000  83.2%   8.5  270s
 339667 283492  257.00000   41 2334  613.00000  103.00000  83.2%   8.5  275s
 345882 289013  409.00000   79 2228  613.00000  103.00000  83.2%   8.5  280s
 353184 295140  461.00000  242 1850  613.00000  103.00000  83.2%   8.5  285s
 359719 300801  358.00000   72 2231  613.00000  103.00000  83.2%   8.5  290s
 366742 306541  358.00000   95 2136  613.00000  103.00000  83.2%   8.5  295s
 373969 312748  409.00000  123 2212  613.00000  103.00000  83.2%   8.5  300s
 380353 318237  512.00000   63 2200  613.00000  103.00000  83.2%   8.4  305s
 386558 323316  409.00000  239 1921  613.00000  103.00000  83.2%   8.4  310s
 393000 329078  256.00000   47 2293  613.00000  103.00000  83.2%   8.4  315s
 399484 334664  562.00000  168 1646  613.00000  103.00000  83.2%   8.4  320s
 405925 340257  460.00000  182 2033  613.00000  103.00000  83.2%   8.4  325s
 411894 345433  307.00000   71 2224  613.00000  103.00000  83.2%   8.4  330s
 415536 348508  511.00000  283 1965  613.00000  103.00000  83.2%   8.4  335s
 418061 350680  363.00000   45 2382  613.00000  103.00000  83.2%   8.4  340s
 421455 353699  409.00000   48 2403  613.00000  103.00000  83.2%   8.4  345s
 426107 357741  160.00000   34 2449  613.00000  103.00000  83.2%   8.4  350s
 432903 363240  409.00000  140 2167  613.00000  103.00000  83.2%   8.4  355s
 439689 368937  307.00000   52 2243  613.00000  103.00000  83.2%   8.4  360s
 446078 374645  409.00000  222 1927  613.00000  103.00000  83.2%   8.4  365s
 452847 380422  563.00000   90 1893  613.00000  103.00000  83.2%   8.4  370s
 459883 386659  460.00000  112 2150  613.00000  103.00000  83.2%   8.4  375s
 467426 393009  562.00000   97 1937  613.00000  103.00000  83.2%   8.4  380s
 473915 398718  460.00000   59 2303  613.00000  103.00000  83.2%   8.4  385s
 481243 404656  409.00000  263 2007  613.00000  103.00000  83.2%   8.4  390s
 486363 409234  256.00000   49 2327  613.00000  103.00000  83.2%   8.4  395s
 490017 412422  154.00000   31 2472  613.00000  103.00000  83.2%   8.4  400s
 495304 417071 infeasible   70       613.00000  103.00000  83.2%   8.4  405s
 501284 422241  563.00000   99 2118  613.00000  103.00000  83.2%   8.4  410s
 508959 428602  409.00000   95 2139  613.00000  103.00000  83.2%   8.4  415s
 515734 434546  460.00000   53 2419  613.00000  103.00000  83.2%   8.4  420s
 521773 440137  460.00000  132 2018  613.00000  103.00000  83.2%   8.4  425s
 527850 445462  359.00000   62 2289  613.00000  103.00000  83.2%   8.4  430s
 534873 451126  258.00000   61 2175  613.00000  103.00000  83.2%   8.4  435s
 541618 457041  562.00000   63 2147  613.00000  103.00000  83.2%   8.4  440s
 547810 462400  205.00000   43 2286  613.00000  103.00000  83.2%   8.4  445s
 554224 468188  409.00000  153 1995  613.00000  103.00000  83.2%   8.4  450s
 561064 474069  205.00000   42 2377  613.00000  103.00000  83.2%   8.4  455s
 567846 480191  409.00000  196 2094  613.00000  103.00000  83.2%   8.4  460s
 573785 485671  308.00000  117 2154  613.00000  103.00000  83.2%   8.4  465s
 580618 491406  563.00000  128 1858  613.00000  103.00000  83.2%   8.4  470s
 588399 497812 infeasible   71       613.00000  103.00000  83.2%   8.4  475s
 595891 504314  460.00000  197 1953  613.00000  103.00000  83.2%   8.4  480s
 603269 510399  460.00000  128 2170  613.00000  103.00000  83.2%   8.4  485s
 610716 516637  460.00000  269 1887  613.00000  103.00000  83.2%   8.4  490s
 617453 522534  307.00000   46 2294  613.00000  103.00000  83.2%   8.4  495s
 624244 528659  409.00000  128 2122  613.00000  103.00000  83.2%   8.4  500s
 631699 534713  409.00000  213 1909  613.00000  103.00000  83.2%   8.4  505s
 637813 539868  460.00000  247 1937  613.00000  103.00000  83.2%   8.4  510s
 641942 543545  410.00000   60 2143  613.00000  103.00000  83.2%   8.4  515s
 646350 547053  512.00000   70 2149  613.00000  103.00000  83.2%   8.4  520s
 651120 551284  409.00000   84 2290  613.00000  103.00000  83.2%   8.4  525s
 658720 557491  511.00000  160 2017  613.00000  103.00000  83.2%   8.4  530s
 665205 563178  460.00000  276 1859  613.00000  103.00000  83.2%   8.4  535s
 672414 569471  562.00000   53 2201  613.00000  103.00000  83.2%   8.4  540s
 679109 574851  307.00000   90 2194  613.00000  103.00000  83.2%   8.4  545s
 685420 580548  410.00000  248 1830  613.00000  103.00000  83.2%   8.4  550s
 692142 586479  562.00000  106 2130  613.00000  103.00000  83.2%   8.4  555s
 692974 586851  409.00000  150 2004  613.00000  103.00000  83.2%   8.4  561s
 694888 588858  103.00000   23 2453  613.00000  103.00000  83.2%   8.4  565s
 699727 593051  409.00000  197 1924  613.00000  103.00000  83.2%   8.4  570s
 705920 598585  460.00000   95 2126  613.00000  103.00000  83.2%   8.4  575s
 712919 604727  562.00000  303 1835  613.00000  103.00000  83.2%   8.4  580s
 719115 610190  358.00000   51 2314  613.00000  103.00000  83.2%   8.4  585s
 726206 616028  155.00000   46 2316  613.00000  103.00000  83.2%   8.4  590s
 733099 622137  409.00000  141 2178  613.00000  103.00000  83.2%   8.4  595s
 739940 627633  409.00000  186 1998  613.00000  103.00000  83.2%   8.4  600s
 746506 633353  409.00000  172 2007  613.00000  103.00000  83.2%   8.4  605s
 752840 638795 infeasible  293       613.00000  103.00000  83.2%   8.4  610s
 759518 644382  460.00000   88 2168  613.00000  103.00000  83.2%   8.4  615s
 766290 650325  562.00000   73 2181  613.00000  103.00000  83.2%   8.4  620s
 772735 655983  562.00000  219 1929  613.00000  103.00000  83.2%   8.4  625s
 779223 661812  511.00000   78 2269  613.00000  103.00000  83.2%   8.4  630s
 785920 667677  460.00000  278 1863  613.00000  103.00000  83.2%   8.4  635s
 791772 672844  409.00000  274 1888  613.00000  103.00000  83.2%   8.4  640s
 798123 678461  358.00000   75 2188  613.00000  103.00000  83.2%   8.4  645s
 805141 684257  563.00000   76 2081  613.00000  103.00000  83.2%   8.4  650s
 811752 689922  460.00000  197 1923  613.00000  103.00000  83.2%   8.4  655s
 818333 695523  256.00000   56 2205  613.00000  103.00000  83.2%   8.4  660s
 825489 701674  460.00000  233 1903  613.00000  103.00000  83.2%   8.4  665s
 832957 708026  460.00000   61 2345  613.00000  103.00000  83.2%   8.4  670s
 840441 714340  409.00000   81 2280  613.00000  103.00000  83.2%   8.4  675s
 846830 719723  562.00000   98 2069  613.00000  103.00000  83.2%   8.4  680s
 853291 725180  307.00000   44 2280  613.00000  103.00000  83.2%   8.4  685s
 860102 730539  460.00000   82 2214  613.00000  103.00000  83.2%   8.4  690s
 864085 734122  460.00000  154 1966  613.00000  103.00000  83.2%   8.4  695s
 868420 737825  409.00000   92 2142  613.00000  103.00000  83.2%   8.4  700s
 872631 741412  562.00000   80 2101  613.00000  103.00000  83.2%   8.4  705s
 877431 745615  160.00000   37 2392  613.00000  103.00000  83.2%   8.4  710s
 883819 751335  409.00000  260 1846  613.00000  103.00000  83.2%   8.4  715s
 889993 756535  460.00000  220 1917  613.00000  103.00000  83.2%   8.4  720s
 896365 762175  307.00000   79 2201  613.00000  103.00000  83.2%   8.4  725s
 903481 768535  409.00000  230 1849  613.00000  103.00000  83.2%   8.4  730s
 910469 774018  103.00000   39 2354  613.00000  103.00000  83.2%   8.4  735s
 917656 779976  409.00000  183 1948  613.00000  103.00000  83.2%   8.4  740s
 924235 785854  409.00000  165 2064  613.00000  103.00000  83.2%   8.4  745s
 931281 791844  460.00000  195 1935  613.00000  103.00000  83.2%   8.4  750s
 938237 797600  155.00000   47 2305  613.00000  103.00000  83.2%   8.4  755s
 942868 801768  205.00000   33 2384  613.00000  103.00000  83.2%   8.4  760s
 949778 807495  358.00000  168 2034  613.00000  103.00000  83.2%   8.4  765s
 956832 813736  409.00000   87 2175  613.00000  103.00000  83.2%   8.4  770s
 964522 820208  159.00000   40 2347  613.00000  103.00000  83.2%   8.4  775s
 971136 825756  409.00000   89 2178  613.00000  103.00000  83.2%   8.4  780s
 977353 831513  460.00000  230 1932  613.00000  103.00000  83.2%   8.4  785s
 983965 837006  409.00000   79 2155  613.00000  103.00000  83.2%   8.4  790s
 990350 842744  511.00000  141 1970  613.00000  103.00000  83.2%   8.4  795s
 996902 848451  409.00000  180 1938  613.00000  103.00000  83.2%   8.4  800s
 1003995 854114  563.00000   75 1979  613.00000  103.00000  83.2%   8.4  805s
 1011020 860161  154.00000   31 2452  613.00000  103.00000  83.2%   8.4  810s
 1017585 865747  358.00000   49 2251  613.00000  103.00000  83.2%   8.4  815s
 1024121 871638  358.00000  126 2113  613.00000  103.00000  83.2%   8.5  820s
 1030372 877254  409.00000  171 1955  613.00000  103.00000  83.2%   8.4  825s
 1036758 882639  511.00000  135 2018  613.00000  103.00000  83.2%   8.4  830s
 1044595 889135  358.00000   77 2150  613.00000  103.00000  83.2%   8.4  835s
 1051855 895032  511.00000  229 1940  613.00000  103.00000  83.2%   8.4  840s
 1058520 900850 infeasible  113       613.00000  103.00000  83.2%   8.4  845s
 1064423 905972  103.00000   38 2346  613.00000  103.00000  83.2%   8.4  850s
 1071011 911546  409.00000  119 2108  613.00000  103.00000  83.2%   8.4  855s
 1076178 916307 infeasible  281       613.00000  103.00000  83.2%   8.4  860s
 1083832 922472  562.00000  169 1927  613.00000  103.00000  83.2%   8.4  865s
 1091436 928841  308.00000   50 2336  613.00000  103.00000  83.2%   8.4  870s
 1098251 934401  154.00000   52 2220  613.00000  103.00000  83.2%   8.4  875s
 1102808 938087  205.00000   57 2190  613.00000  103.00000  83.2%   8.4  880s
 1107232 941930  307.00000   62 2185  613.00000  103.00000  83.2%   8.4  885s
 1112852 946322  409.00000  189 1927  613.00000  103.00000  83.2%   8.4  890s
 1117393 950102  511.00000  230 1836  613.00000  103.00000  83.2%   8.4  895s
 1124389 955954  511.00000  165 2024  613.00000  103.00000  83.2%   8.4  900s
 1131214 961824  460.00000  282 1827  613.00000  103.00000  83.2%   8.4  905s
 1137554 967386  409.00000   98 2199  613.00000  103.00000  83.2%   8.4  910s
 1144140 973162  409.00000   68 2154  613.00000  103.00000  83.2%   8.4  915s
 1151043 978980 infeasible   67       613.00000  103.00000  83.2%   8.4  920s
 1157111 984127  511.00000  238 1910  613.00000  103.00000  83.2%   8.4  925s
 1164698 990461  460.00000  239 1969  613.00000  103.00000  83.2%   8.4  930s
 1172474 997032  460.00000  160 1969  613.00000  103.00000  83.2%   8.4  935s
 1178903 1002414  409.00000  194 2015  613.00000  103.00000  83.2%   8.4  940s
 1185245 1007993  409.00000   88 2193  613.00000  103.00000  83.2%   8.4  945s
 1189167 1011083  511.00000  247 1922  613.00000  103.00000  83.2%   8.4  950s
 1193022 1014349  511.00000  191 1935  613.00000  103.00000  83.2%   8.4  955s
 1197206 1017958  206.00000   34 2411  613.00000  103.00000  83.2%   8.4  960s
 1199967 1020570  460.00000  200 1977  613.00000  103.00000  83.2%   8.4  965s
 1203400 1023514  460.00000  177 2007  613.00000  103.00000  83.2%   8.4  970s
 1207043 1026771  409.00000   79 2185  613.00000  103.00000  83.2%   8.4  975s
 1210395 1029631  511.00000  253 1886  613.00000  103.00000  83.2%   8.4  980s
 1213710 1032648  409.00000  254 1917  613.00000  103.00000  83.2%   8.4  985s
 1217325 1035701  409.00000   38 2437  613.00000  103.00000  83.2%   8.4  990s
 1220558 1038710  409.00000  101 2099  613.00000  103.00000  83.2%   8.4  995s
 1223570 1041403  154.00000   41 2333  613.00000  103.00000  83.2%   8.4 1000s
 1227022 1044259  460.00000   93 2194  613.00000  103.00000  83.2%   8.4 1005s
 1230233 1047072  358.00000  111 2153  613.00000  103.00000  83.2%   8.4 1010s
 1233228 1049646  410.00000   44 2350  613.00000  103.00000  83.2%   8.4 1015s
 1235637 1051986  511.00000  141 2069  613.00000  103.00000  83.2%   8.4 1020s
 1238836 1054548  562.00000  292 1872  613.00000  103.00000  83.2%   8.4 1025s
 1245389 1060385  460.00000  162 2060  613.00000  103.00000  83.2%   8.4 1030s
 1251291 1065580 infeasible  291       613.00000  103.00000  83.2%   8.4 1035s
 1258013 1071126  256.00000   52 2211  613.00000  103.00000  83.2%   8.4 1040s
 1263844 1076226  358.00000  107 2072  613.00000  103.00000  83.2%   8.4 1045s
 1271116 1082208  460.00000  265 1863  613.00000  103.00000  83.2%   8.4 1050s
 1278133 1088230  256.00000   69 2238  613.00000  103.00000  83.2%   8.4 1055s
 1285721 1094391  205.00000   43 2293  613.00000  103.00000  83.2%   8.4 1060s
 1292589 1100455  460.00000  231 1895  613.00000  103.00000  83.2%   8.4 1065s
 1300611 1106982  409.00000  267 1888  613.00000  103.00000  83.2%   8.4 1070s
 1308109 1113395  307.00000   60 2173  613.00000  103.00000  83.2%   8.4 1075s
 1314770 1119152  307.00000   83 2219  613.00000  103.00000  83.2%   8.4 1080s
 1320442 1123625  511.00000  282 1876  613.00000  103.00000  83.2%   8.4 1085s
 1320493 1123645  511.00000  281 1877  613.00000  103.00000  83.2%   8.4 1091s
 1320524 1123663  162.00000   42 2373  613.00000  103.00000  83.2%   8.4 1095s
 1320552 1123691  160.00000   44 2360  613.00000  103.00000  83.2%   8.4 1100s
 1320588 1123727  160.00000   46 2331  613.00000  103.00000  83.2%   8.4 1105s
 1320620 1123759  209.00000   50 2307  613.00000  103.00000  83.2%   8.4 1110s
 1320652 1123783  209.00000   54 2277  613.00000  103.00000  83.2%   8.4 1118s
 1320660 1123791  307.00000   56 2201  613.00000  103.00000  83.2%   8.4 1120s
 1320688 1123819  307.00000   57 2203  613.00000  103.00000  83.2%   8.4 1125s
 1320720 1123851  460.00000   61 2186  613.00000  103.00000  83.2%   8.4 1130s
 1320757 1123877  409.00000   65 2185  613.00000  103.00000  83.2%   8.4 1135s
 1320790 1123901  409.00000   71 2170  613.00000  103.00000  83.2%   8.4 1140s
 1320818 1123929  460.00000   72 2164  613.00000  103.00000  83.2%   8.4 1145s
 1320846 1123955  460.00000   78 2163  613.00000  103.00000  83.2%   8.4 1150s
 1320872 1123979  511.00000   81 2154  613.00000  103.00000  83.2%   8.4 1155s
 1320889 1123996  511.00000   83 2158  613.00000  103.00000  83.2%   8.4 1160s
 1320895 1124135  562.00000   81 2151  613.00000  103.00000  83.2%   8.4 1169s
 1321048 1124539  511.00000   84 2154  613.00000  103.00000  83.2%   8.4 1170s
 1323151 1126382  562.00000   84 2151  613.00000  103.00000  83.2%   8.4 1175s
 1327895 1130188  511.00000  142 2006  613.00000  103.00000  83.2%   8.4 1180s
 1334687 1135751  409.00000   86 2275  613.00000  103.00000  83.2%   8.4 1185s
 1340654 1141074  460.00000  178 1941  613.00000  103.00000  83.2%   8.4 1190s
 1346521 1146256  359.00000  231 1950  613.00000  103.00000  83.2%   8.4 1195s
 1352967 1151864  154.00000   47 2253  613.00000  103.00000  83.2%   8.4 1200s
 1359180 1157161  205.00000   68 2183  613.00000  103.00000  83.2%   8.4 1205s
 1365696 1162886  460.00000  146 2072  613.00000  103.00000  83.2%   8.4 1210s
 1372316 1168619  515.00000   71 2267  613.00000  103.00000  83.2%   8.4 1215s
 1379544 1174249  154.00000   41 2338  613.00000  103.00000  83.2%   8.4 1220s
 1385719 1179685  409.00000  190 1955  613.00000  103.00000  83.2%   8.4 1225s
 1392470 1185586  562.00000  206 1931  613.00000  103.00000  83.2%   8.4 1230s
 1398481 1190995  460.00000  217 1977  613.00000  103.00000  83.2%   8.4 1235s
 1404488 1196415  409.00000   97 2208  613.00000  103.00000  83.2%   8.4 1240s
 1411068 1202052  154.00000   34 2373  613.00000  103.00000  83.2%   8.4 1245s
 1417235 1207684  562.00000   92 2061  613.00000  103.00000  83.2%   8.4 1250s
 1423027 1212714  358.00000   67 2152  613.00000  103.00000  83.2%   8.4 1255s
 1428638 1217727  358.00000   72 2287  613.00000  103.00000  83.2%   8.4 1260s
 1435120 1223164  206.00000   45 2332  613.00000  103.00000  83.2%   8.4 1265s
 1441334 1228671 infeasible  157       613.00000  103.00000  83.2%   8.4 1270s
 1447835 1234380  307.00000   70 2226  613.00000  103.00000  83.2%   8.4 1275s
 1454216 1239536  158.00000   33 2506  613.00000  103.00000  83.2%   8.4 1280s
 1459971 1244722  210.00000   31 2421  613.00000  103.00000  83.2%   8.4 1285s
 1466738 1250262  205.00000   47 2277  613.00000  103.00000  83.2%   8.4 1290s
 1473503 1256029  460.00000  193 1922  613.00000  103.00000  83.2%   8.4 1295s
 1480286 1261976  460.00000  280 1860  613.00000  103.00000  83.2%   8.4 1300s
 1487312 1268144  460.00000  118 2119  613.00000  103.00000  83.2%   8.4 1305s
 1494412 1274150  358.00000   59 2274  613.00000  103.00000  83.2%   8.4 1310s
 1501675 1280875  562.00000   69 2155  613.00000  103.00000  83.2%   8.4 1315s
 1508786 1286802  460.00000  119 2105  613.00000  103.00000  83.2%   8.4 1320s
 1516038 1293000  358.00000   69 2157  613.00000  103.00000  83.2%   8.4 1325s
 1522536 1298562  410.00000  111 2165  613.00000  103.00000  83.2%   8.4 1330s
 1528885 1304082 infeasible  119       613.00000  103.00000  83.2%   8.4 1335s
 1535514 1309554  460.00000  246 1865  613.00000  103.00000  83.2%   8.4 1340s
 1542263 1315592  409.00000  195 2025  613.00000  103.00000  83.2%   8.4 1345s
 1548393 1320986  307.00000   39 2335  613.00000  103.00000  83.2%   8.4 1350s
 1555548 1327038 infeasible  250       613.00000  103.00000  83.2%   8.4 1355s
 1562536 1332799  562.00000  312 1753  613.00000  103.00000  83.2%   8.4 1360s
 1569524 1338796 infeasible   63       613.00000  103.00000  83.2%   8.4 1365s
 1576518 1344788  460.00000  148 2011  613.00000  103.00000  83.2%   8.4 1370s
 1583550 1350764  562.00000   90 2090  613.00000  103.00000  83.2%   8.4 1375s
 1590806 1357018  562.00000   74 2190  613.00000  103.00000  83.2%   8.4 1380s
 1597387 1362567  511.00000   58 2377  613.00000  103.00000  83.2%   8.4 1385s
 1604377 1368698  460.00000  121 2105  613.00000  103.00000  83.2%   8.4 1390s
 1611207 1374705  460.00000  223 1941  613.00000  103.00000  83.2%   8.4 1395s
 1617420 1380152  562.00000  299 1907  613.00000  103.00000  83.2%   8.4 1400s
 1625060 1386565  410.00000  164 1993  613.00000  103.00000  83.2%   8.4 1405s
 1631559 1392297  307.00000   54 2225  613.00000  103.00000  83.2%   8.4 1410s
 1638162 1397731  257.00000   66 2159  613.00000  103.00000  83.2%   8.4 1415s
 1645283 1403868  460.00000  199 2026  613.00000  103.00000  83.2%   8.4 1420s
 1651986 1409760  460.00000  115 2130  613.00000  103.00000  83.2%   8.4 1425s
 1659591 1416254  307.00000   55 2236  613.00000  103.00000  83.2%   8.4 1430s
 1666843 1422198  460.00000  201 1950  613.00000  103.00000  83.2%   8.4 1435s
 1674038 1428297  460.00000  177 1938  613.00000  103.00000  83.2%   8.4 1440s
 1680839 1434156  562.00000  286 1820  613.00000  103.00000  83.2%   8.4 1445s
 1687165 1439827  103.00000   31 2384  613.00000  103.00000  83.2%   8.4 1450s
 1694405 1446016  562.00000  410  835  613.00000  103.00000  83.2%   8.4 1455s
 1701571 1452313  511.00000  163 2086  613.00000  103.00000  83.2%   8.4 1460s
 1708495 1458217  460.00000  153 2035  613.00000  103.00000  83.2%   8.4 1465s
 1715724 1464280  562.00000   65 2152  613.00000  103.00000  83.2%   8.4 1470s
 1723797 1470989  460.00000  259 1902  613.00000  103.00000  83.2%   8.4 1475s
 1730287 1476925  460.00000  299 1864  613.00000  103.00000  83.2%   8.4 1480s
 1738068 1483720  460.00000  182 1941  613.00000  103.00000  83.2%   8.4 1485s
 1744656 1489302  511.00000  168 2119  613.00000  103.00000  83.2%   8.4 1490s
 1751728 1495137  562.00000   87 1932  613.00000  103.00000  83.2%   8.4 1495s
 1758788 1501345  460.00000  198 1935  613.00000  103.00000  83.2%   8.4 1500s
 1765918 1507230  460.00000  159 2136  613.00000  103.00000  83.2%   8.4 1505s
 1772983 1513242  409.00000  204 1887  613.00000  103.00000  83.2%   8.4 1510s
 1780105 1519549  308.00000   86 2219  613.00000  103.00000  83.2%   8.4 1515s
 1786771 1525294 infeasible  290       613.00000  103.00000  83.2%   8.4 1520s
 1793933 1531531  511.00000   62 2242  613.00000  103.00000  83.2%   8.4 1525s
 1800269 1536866  460.00000  161 2029  613.00000  103.00000  83.2%   8.4 1530s
 1806935 1542801  409.00000   97 2241  613.00000  103.00000  83.2%   8.4 1535s
 1814003 1548758  562.00000  294 1877  613.00000  103.00000  83.2%   8.4 1540s
 1820556 1554376  460.00000  256 1891  613.00000  103.00000  83.2%   8.4 1545s
 1827297 1560001  358.00000   57 2220  613.00000  103.00000  83.2%   8.4 1550s
 1835138 1566566  511.00000   85 2206  613.00000  103.00000  83.2%   8.4 1555s
 1841933 1572358  460.00000  227 2040  613.00000  103.00000  83.2%   8.4 1560s
 1847585 1577115  511.00000   56 2197  613.00000  103.00000  83.2%   8.4 1565s
 1851980 1580935  359.00000   46 2346  613.00000  103.00000  83.2%   8.4 1570s
 1856594 1584944  256.00000   35 2351  613.00000  103.00000  83.2%   8.4 1575s
 1863153 1590684  409.00000  108 2187  613.00000  103.00000  83.2%   8.4 1580s
 1870381 1596393  205.00000   42 2291  613.00000  103.00000  83.2%   8.4 1585s
 1877834 1602015  511.00000  258 1940  613.00000  103.00000  83.2%   8.4 1590s
 1884841 1607993  410.00000  146 2154  613.00000  103.00000  83.2%   8.4 1595s
 1891726 1613756  103.00000   29 2365  613.00000  103.00000  83.2%   8.4 1600s
 1899756 1620505  409.00000  146 2085  613.00000  103.00000  83.2%   8.4 1605s
 1907269 1627124 infeasible   52       613.00000  103.00000  83.2%   8.4 1610s
 1914003 1632801  154.00000   29 2384  613.00000  103.00000  83.2%   8.4 1615s
 1922595 1639453  563.00000   71 2088  613.00000  103.00000  83.2%   8.4 1620s
 1930309 1645325  256.00000   42 2289  613.00000  103.00000  83.2%   8.4 1625s
 1938228 1651687  460.00000  177 2030  613.00000  103.00000  83.2%   8.4 1630s
 1944859 1657377  511.00000  315 1847  613.00000  103.00000  83.2%   8.4 1635s
 1951848 1663338  256.00000   42 2304  613.00000  103.00000  83.2%   8.4 1640s
 1959394 1669363  562.00000  110 2031  613.00000  103.00000  83.2%   8.4 1645s
 1966438 1675554  460.00000  215 1966  613.00000  103.00000  83.2%   8.4 1650s
 1973580 1681273  409.00000  221 1928  613.00000  103.00000  83.2%   8.4 1655s
 1979329 1686472  460.00000  183 2012  613.00000  103.00000  83.2%   8.4 1660s
 1985337 1691756  460.00000  264 1922  613.00000  103.00000  83.2%   8.4 1665s
 1991880 1697367  460.00000  282 1910  613.00000  103.00000  83.2%   8.4 1670s
 1998091 1702629  409.00000  140 2135  613.00000  103.00000  83.2%   8.4 1675s
 2003012 1706482  562.00000   80 2210  613.00000  103.00000  83.2%   8.4 1680s
 2007532 1710408  461.00000  150 1983  613.00000  103.00000  83.2%   8.4 1685s
 2010971 1713430  460.00000   94 2222  613.00000  103.00000  83.2%   8.4 1690s
 2017335 1719007  409.00000  114 2139  613.00000  103.00000  83.2%   8.4 1695s
 2024409 1724821  562.00000  294 1187  613.00000  103.00000  83.2%   8.4 1700s
 2031949 1731009  460.00000  179 1942  613.00000  103.00000  83.2%   8.4 1705s
 2038329 1736611  205.00000   33 2375  613.00000  103.00000  83.2%   8.4 1710s
 2044798 1742357  460.00000   80 2255  613.00000  103.00000  83.2%   8.4 1715s
 2051764 1748168  562.00000  111 2034  613.00000  103.00000  83.2%   8.4 1720s
 2057810 1753440  409.00000  145 2092  613.00000  103.00000  83.2%   8.4 1725s
 2064183 1759136  511.00000  178 1952  613.00000  103.00000  83.2%   8.4 1730s
 2071618 1764723  511.00000  162 2022  613.00000  103.00000  83.2%   8.4 1735s
 2077841 1770089  409.00000  192 1990  613.00000  103.00000  83.2%   8.4 1740s
 2085312 1776320  460.00000  160 2072  613.00000  103.00000  83.2%   8.4 1745s
 2092395 1782337  511.00000   51 2255  613.00000  103.00000  83.2%   8.4 1750s
 2098993 1788073  103.00000   25 2467  613.00000  103.00000  83.2%   8.4 1755s
 2104086 1792606  460.00000  290 1882  613.00000  103.00000  83.2%   8.4 1760s
 2109133 1796697  460.00000  189 2011  613.00000  103.00000  83.2%   8.4 1765s
 2114170 1800926  358.00000   59 2215  613.00000  103.00000  83.2%   8.4 1770s
 2120373 1806162  410.00000   86 2317  613.00000  103.00000  83.2%   8.4 1775s
 2127186 1812287  512.00000  280 1863  613.00000  103.00000  83.2%   8.4 1780s
 2133890 1818084  460.00000  117 2071  613.00000  103.00000  83.2%   8.4 1785s
 2140469 1823749  460.00000  169 1954  613.00000  103.00000  83.2%   8.4 1790s
 2147274 1829508  511.00000  209 1896  613.00000  103.00000  83.2%   8.4 1795s
 2153975 1835024  460.00000  121 2110  613.00000  103.00000  83.2%   8.4 1800s

Explored 2154395 nodes (18073739 simplex iterations) in 1800.01 seconds (2450.99 work units)
Thread count was 8 (of 8 available processors)

Solution count 1: 613 

Time limit reached
Best objective 6.130000000000e+02, best bound 1.030000000000e+02, gap 83.1974%
! --------------------------------------------------------
! Status: FEASIBLE (time limit reached)
! Best span = 613
! Labeling: 409 205 205 1 409 511 256 205 103 1 205 103 52 511 613 511 409 358 256 103 154 409 460 460 511 1 154 103 307 409 358 511 52 358 1 52 52 52 154 103 52 256 358 1 307 358 409 103 103 358 205 256 103 511 562 307 409 52 613 205 307 460 52 562 1 205 52 511 307 409 460 103 154 409 1 52 52 52 52 205 52 256 307 1 460 307 103 613 1 613 103 1 1 154 103 511 256 460 307 154 358 409 307 154 205 1 1 358 460 154 511 460 1 1 1 613 52 52 562 154 358 562 358 358 205 307 103 613 103 256 409 562 103 307 307 103 1 256 307 52 358 205 511 205 511 154 103 1 1 1 52 409 1 460 52 154 460 307 256 511 256 103 562 154 256 154 307 307 154 307 358 1 52 205 103 307 205 103 52 52 409 154 562 307 613 613 307 511 52 1 1 103 103 154 52 358 460 1 613 52 562 1 154 52 52 1 52 562 205 511 307 613 1 1 103 307 52 205 562 52 256 52 1 358 205 52 409 154 154 307 154 256 154 358 358 460 613 205 1 460 460 103 103 154 1 205 256 562 1 409 307 307 562 103 52 103 154 205 256 358 52 613 205 256 307 562 358 52 613 1 562 256 103 1 256 613 1 613 154 613 205 205 409 154 460 154 511 409 205 256 613 52 103 103 409 511 460 358 460 307 256 256 460 409 460 358 154 103 103 1 358 511 409 460 409 1 1 409 256 562 562 52 103 562 205 1 52 460 256 511 52 154 256 1 409 52 52 1 409 256 307 511 460 409 154 358 154 52 358 307 409 409 307 511 613 52 103 1 460 1 511 1 154 154 409 1 1 103 409 358 562 613 409 256 154 613 511 154 154 307 154 103 1 103 103 1 52 460 1 52 562 1 1 409 613 205 307 205 307 358 511 154 1 358 358 460 205 256 511 52 409 358 358 460 358 205 613 103 1 460 
! --------------------------------------------------------
! All verification passed
