! Solving for graph /home/truongxuanhieu/Gurobi-for-MinSpanLabeling/benchmarks/abp/N-bcsstk07.mtx.rnd
! Target value is set to 51
! Lower bound is set to 52
! Upper bound is set to 630
! Time limit is set to 1800
! Vertices mode is set to Has hole
! Target value mode is set to Antibandwidth
Set parameter WLSAccessID
Set parameter WLSSecret
Set parameter LicenseID to value 2663665
Academic license 2663665 - for non-commercial use only - registered to tu___@vnu.edu.vn
Set parameter OutputFlag to value 1
Set parameter TimeLimit to value 1800
Gurobi Optimizer version 13.0.2 build v13.0.2rc1 (linux64 - "Debian GNU/Linux 12 (bookworm)")

CPU model: AMD EPYC 7B12, instruction set [SSE2|AVX|AVX2]
Thread count: 4 physical cores, 8 logical processors, using up to 8 threads

Non-default parameters:
TimeLimit  1800

Academic license 2663665 - for non-commercial use only - registered to tu___@vnu.edu.vn
Optimize a model with 7443 rows, 272881 columns and 15721 nonzeros (Min)
Model fingerprint: 0x47a36550
Model has 1 linear objective coefficients
Model has 4560 simple general constraints
  3720 ABS, 840 INDICATOR
Variable types: 0 continuous, 272881 integer (265020 binary)
Coefficient statistics:
  Matrix range     [1e+00, 1e+00]
  Objective range  [1e+00, 1e+00]
  Bounds range     [1e+00, 6e+02]
  RHS range        [1e+00, 3e+02]
  GenCon rhs range [1e+00, 1e+00]
  GenCon coe range [1e+00, 1e+00]

Presolve added 7078 rows and 0 columns
Presolve removed 0 rows and 255060 columns
Presolve time: 0.07s
Presolved: 14521 rows, 17821 columns, 41460 nonzeros
Presolved model has 3720 SOS constraint(s)
Variable types: 0 continuous, 17821 integer (1680 binary)
Performing another presolve...
Presolve removed 5820 rows and 5820 columns
Presolve time: 0.06s

Root relaxation: objective 5.200000e+01, 8582 iterations, 0.06 seconds (0.06 work units)

    Nodes    |    Current Node    |     Objective Bounds      |     Work
 Expl Unexpl |  Obj  Depth IntInf | Incumbent    BestBd   Gap | It/Node Time

     0     0   52.00000    0 2557          -   52.00000      -     -    0s
     0     0   52.00000    0 2557          -   52.00000      -     -    0s
     0     2   52.00000    0 2557          -   52.00000      -     -    1s
  3133  3072  613.00000  387 1448          -   52.00000      -  14.0    5s
  6095  5260  613.00000  148 1976          -   52.00000      -  15.6   10s
 10624  8166  613.00000  236 1894          -   52.00000      -  13.0   15s
*12093  3492             939     613.0000000   52.00000  91.5%  12.8   17s
 13190  4234  460.00000  105 2239  613.00000   52.00000  91.5%  12.6   20s
 19280  8143  307.00000   98 2133  613.00000  103.00000  83.2%  11.5   25s
 25173 12777  256.00000   57 2269  613.00000  103.00000  83.2%  10.7   30s
 31780 18538  563.00000   62 2216  613.00000  103.00000  83.2%  10.1   35s
 38893 24861  460.00000  228 1912  613.00000  103.00000  83.2%   9.9   40s
 45360 30525  511.00000  217 2030  613.00000  103.00000  83.2%   9.7   45s
 51073 35092  562.00000   81 2257  613.00000  103.00000  83.2%   9.5   50s
 57339 40490  103.00000   32 2435  613.00000  103.00000  83.2%   9.4   55s
 63130 45478  563.00000  297 1797  613.00000  103.00000  83.2%   9.3   60s
 69281 50579  511.00000  229 1973  613.00000  103.00000  83.2%   9.2   65s
 74597 55119  409.00000  266 1916  613.00000  103.00000  83.2%   9.2   70s
 80176 59717  562.00000   61 2142  613.00000  103.00000  83.2%   9.1   75s
 86915 65374  511.00000  184 2076  613.00000  103.00000  83.2%   9.1   80s
 92868 70220  154.00000   47 2259  613.00000  103.00000  83.2%   9.1   85s
 97483 74414  460.00000  237 1926  613.00000  103.00000  83.2%   9.0   90s
 103599 79238  409.00000  204 1879  613.00000  103.00000  83.2%   9.0   95s
 107986 83072  155.00000   59 2224  613.00000  103.00000  83.2%   8.9  100s
 112307 87049  154.00000   43 2307  613.00000  103.00000  83.2%   8.9  105s
 118390 92382  358.00000   85 2215  613.00000  103.00000  83.2%   8.9  110s
 124849 97845  460.00000  149 2133  613.00000  103.00000  83.2%   8.9  115s
 131477 103543  511.00000  263 1884  613.00000  103.00000  83.2%   8.8  120s
 137500 108748  461.00000   41 2373  613.00000  103.00000  83.2%   8.8  125s
 143143 113687  512.00000  275 1889  613.00000  103.00000  83.2%   8.8  130s
 150240 119756  562.00000   95 2013  613.00000  103.00000  83.2%   8.7  135s
 157666 126253  410.00000  206 1926  613.00000  103.00000  83.2%   8.7  140s
 165248 132557  358.00000   85 2140  613.00000  103.00000  83.2%   8.6  145s
 171248 137797  562.00000  291 1870  613.00000  103.00000  83.2%   8.6  150s
 178002 143786  460.00000  111 2218  613.00000  103.00000  83.2%   8.6  155s
 185259 149721  409.00000  219 1941  613.00000  103.00000  83.2%   8.6  160s
 191391 155006  562.00000  105 1956  613.00000  103.00000  83.2%   8.6  165s
 198086 161038  562.00000   93 1923  613.00000  103.00000  83.2%   8.6  170s
 201262 163309  409.00000  174 2008  613.00000  103.00000  83.2%   8.6  175s
 205181 167185  460.00000  221 1870  613.00000  103.00000  83.2%   8.6  180s
 212066 173036  409.00000   59 2310  613.00000  103.00000  83.2%   8.6  185s
 219423 179084  410.00000   58 2209  613.00000  103.00000  83.2%   8.5  190s
 226523 185301  460.00000  176 2009  613.00000  103.00000  83.2%   8.5  195s
 231639 189765  563.00000  105 1876  613.00000  103.00000  83.2%   8.5  200s
 235708 193322  409.00000   86 2162  613.00000  103.00000  83.2%   8.5  205s
 239246 196364  511.00000  289 1862  613.00000  103.00000  83.2%   8.5  210s
 244848 201102  155.00000   39 2362  613.00000  103.00000  83.2%   8.5  215s
 252027 207308  460.00000  179 1960  613.00000  103.00000  83.2%   8.5  220s
 258436 212813  409.00000  207 1954  613.00000  103.00000  83.2%   8.5  225s
 264744 218375  460.00000  261 1919  613.00000  103.00000  83.2%   8.5  230s
 272076 224664  409.00000  234 1958  613.00000  103.00000  83.2%   8.5  235s
 278965 230647  409.00000  101 2160  613.00000  103.00000  83.2%   8.5  240s
 284954 236254  409.00000  248 1894  613.00000  103.00000  83.2%   8.5  245s
 291825 241989  410.00000  127 2098  613.00000  103.00000  83.2%   8.5  250s
 298269 247752  460.00000  219 1940  613.00000  103.00000  83.2%   8.5  255s
 305475 253483  103.00000   41 2346  613.00000  103.00000  83.2%   8.5  260s
 311709 259135  409.00000  108 2089  613.00000  103.00000  83.2%   8.5  265s
 318580 265241  460.00000  248 1955  613.00000  103.00000  83.2%   8.5  270s
 325312 271065  460.00000  156 2026  613.00000  103.00000  83.2%   8.5  275s
 331511 276680  409.00000  272 1890  613.00000  103.00000  83.2%   8.5  280s
 338815 282755 infeasible  276       613.00000  103.00000  83.2%   8.5  285s
 345240 288350  256.00000   58 2263  613.00000  103.00000  83.2%   8.5  290s
 352246 294416  461.00000  128 2047  613.00000  103.00000  83.2%   8.5  295s
 358590 299986  308.00000   46 2283  613.00000  103.00000  83.2%   8.5  300s
 365912 305855  562.00000   77 2073  613.00000  103.00000  83.2%   8.5  305s
 373122 312018  256.00000   33 2393  613.00000  103.00000  83.2%   8.5  310s
 379617 317579  562.00000   92 1947  613.00000  103.00000  83.2%   8.4  315s
 386108 322970  409.00000  189 1967  613.00000  103.00000  83.2%   8.4  320s
 392139 328256  410.00000  193 1938  613.00000  103.00000  83.2%   8.4  325s
 397833 333451  358.00000   45 2258  613.00000  103.00000  83.2%   8.4  330s
 404233 338859 infeasible  124       613.00000  103.00000  83.2%   8.4  335s
 410450 344237  461.00000  138 2052  613.00000  103.00000  83.2%   8.4  340s
 414795 348007  460.00000  103 2154  613.00000  103.00000  83.2%   8.4  345s
 417170 349747  409.00000  231 1900  613.00000  103.00000  83.2%   8.4  350s
 420274 352734  460.00000  126 2106  613.00000  103.00000  83.2%   8.4  355s
 424544 356236  409.00000  165 2015  613.00000  103.00000  83.2%   8.4  360s
 430654 361464  460.00000  146 2182  613.00000  103.00000  83.2%   8.4  365s
 437910 367552  511.00000  147 1957  613.00000  103.00000  83.2%   8.4  370s
 444308 372984 infeasible   63       613.00000  103.00000  83.2%   8.4  375s
 450923 378833  409.00000  122 2113  613.00000  103.00000  83.2%   8.4  380s
 458094 385046  511.00000  302 1853  613.00000  103.00000  83.2%   8.4  385s
 466095 391876  409.00000  258 1871  613.00000  103.00000  83.2%   8.4  390s
 473191 398072  409.00000  229 1908  613.00000  103.00000  83.2%   8.4  395s
 479784 403438  409.00000  102 2240  613.00000  103.00000  83.2%   8.4  400s
 485684 408635  409.00000  212 2021  613.00000  103.00000  83.2%   8.4  405s
 489357 411939  511.00000  221 1943  613.00000  103.00000  83.2%   8.4  410s
 493392 415631  460.00000  278 1876  613.00000  103.00000  83.2%   8.4  415s
 499865 421128  511.00000  219 2056  613.00000  103.00000  83.2%   8.4  420s
 507464 427519  562.00000  291 1910  613.00000  103.00000  83.2%   8.4  425s
 514898 434027  511.00000  191 1972  613.00000  103.00000  83.2%   8.4  430s
 521336 439713  358.00000   87 2121  613.00000  103.00000  83.2%   8.4  435s
 527850 445462  359.00000   62 2289  613.00000  103.00000  83.2%   8.4  440s
 534873 451126  258.00000   61 2175  613.00000  103.00000  83.2%   8.4  445s
 542037 457397  562.00000  104 1941  613.00000  103.00000  83.2%   8.4  450s
 548186 462789  358.00000   70 2224  613.00000  103.00000  83.2%   8.4  455s
 554224 468188  409.00000  153 1995  613.00000  103.00000  83.2%   8.4  460s
 561064 474069  205.00000   42 2377  613.00000  103.00000  83.2%   8.4  465s
 567122 479446  409.00000   96 2250  613.00000  103.00000  83.2%   8.4  470s
 572985 484812  208.00000   69 2284  613.00000  103.00000  83.2%   8.4  475s
 579655 490654  155.00000   45 2323  613.00000  103.00000  83.2%   8.4  480s
 587479 496987  460.00000  193 2046  613.00000  103.00000  83.2%   8.4  485s
 594630 503069  155.00000   45 2311  613.00000  103.00000  83.2%   8.4  490s
 601699 509132  562.00000  138 1781  613.00000  103.00000  83.2%   8.4  495s
 609148 515388  460.00000  113 2083  613.00000  103.00000  83.2%   8.4  500s
 616454 521620  409.00000  274 1816  613.00000  103.00000  83.2%   8.4  505s
 622921 527426  562.00000   89 2057  613.00000  103.00000  83.2%   8.4  510s
 630488 533516  409.00000   58 2209  613.00000  103.00000  83.2%   8.4  515s
 636869 539152  460.00000  128 2123  613.00000  103.00000  83.2%   8.4  520s
 641116 542789  308.00000   58 2175  613.00000  103.00000  83.2%   8.4  525s
 645457 546538  512.00000   68 2131  613.00000  103.00000  83.2%   8.4  530s
 650549 550824  460.00000   54 2361  613.00000  103.00000  83.2%   8.4  535s
 657383 556306  205.00000   48 2267  613.00000  103.00000  83.2%   8.4  540s
 664281 562395  460.00000  164 2015  613.00000  103.00000  83.2%   8.4  545s
 671120 568332  511.00000  105 2178  613.00000  103.00000  83.2%   8.4  550s
 676223 572546  460.00000  215 1957  613.00000  103.00000  83.2%   8.4  555s
 680758 576480  460.00000  259 1876  613.00000  103.00000  83.2%   8.4  560s
 685420 580548  410.00000  248 1830  613.00000  103.00000  83.2%   8.4  565s
 692142 586479  562.00000  106 2130  613.00000  103.00000  83.2%   8.4  570s
 692858 586672  409.00000  104 2090  613.00000  103.00000  83.2%   8.4  575s
 696121 589892  409.00000   67 2308  613.00000  103.00000  83.2%   8.4  580s
 702923 595948  409.00000   58 2180  613.00000  103.00000  83.2%   8.4  585s
 709123 601421  358.00000   49 2240  613.00000  103.00000  83.2%   8.4  590s
 716267 607688 infeasible  296       613.00000  103.00000  83.2%   8.4  595s
 722342 612888  562.00000   74 2173  613.00000  103.00000  83.2%   8.4  600s
 729582 618986  307.00000   83 2159  613.00000  103.00000  83.2%   8.4  605s
 736231 624787  562.00000  135 2142  613.00000  103.00000  83.2%   8.4  610s
 743509 630729  460.00000  139 2051  613.00000  103.00000  83.2%   8.4  615s
 749818 636206  205.00000   45 2292  613.00000  103.00000  83.2%   8.4  620s
 756546 641859  409.00000  236 1909  613.00000  103.00000  83.2%   8.4  625s
 762924 647522  409.00000  250 1976  613.00000  103.00000  83.2%   8.4  630s
 769818 653378 infeasible  273       613.00000  103.00000  83.2%   8.4  635s
 776273 658900  562.00000  302 1914  613.00000  103.00000  83.2%   8.4  640s
 782959 664996  460.00000  185 2000  613.00000  103.00000  83.2%   8.4  645s
 788989 670419  205.00000   40 2317  613.00000  103.00000  83.2%   8.4  650s
 795154 675694  460.00000  251 1923  613.00000  103.00000  83.2%   8.4  655s
 801611 681484  358.00000   74 2213  613.00000  103.00000  83.2%   8.4  660s
 808626 687182  460.00000  243 1928  613.00000  103.00000  83.2%   8.4  665s
 814670 692367  460.00000  279 1858  613.00000  103.00000  83.2%   8.4  670s
 821801 698480  409.00000   90 2137  613.00000  103.00000  83.2%   8.4  675s
 828621 704527  409.00000  250 1902  613.00000  103.00000  83.2%   8.4  680s
 836102 710640  511.00000  267 1951  613.00000  103.00000  83.2%   8.4  685s
 843320 716798  358.00000  135 2179  613.00000  103.00000  83.2%   8.4  690s
 849850 722105  208.00000   44 2296  613.00000  103.00000  83.2%   8.4  695s
 856783 727805  154.00000   35 2361  613.00000  103.00000  83.2%   8.4  700s
 861706 732048  358.00000   67 2211  613.00000  103.00000  83.2%   8.4  705s
 866216 735754  103.00000   31 2393  613.00000  103.00000  83.2%   8.4  710s
 870405 739569  563.00000   53 2211  613.00000  103.00000  83.2%   8.4  715s
 874045 742638  154.00000   35 2390  613.00000  103.00000  83.2%   8.4  720s
 880525 748319  307.00000   86 2166  613.00000  103.00000  83.2%   8.4  725s
 887033 754056  409.00000  135 2055  613.00000  103.00000  83.2%   8.4  730s
 893200 759459 infeasible  303       613.00000  103.00000  83.2%   8.4  735s
 899961 765399  460.00000  129 2133  613.00000  103.00000  83.2%   8.4  740s
 907265 771250  460.00000  237 1903  613.00000  103.00000  83.2%   8.4  745s
 913546 776754  511.00000  119 2088  613.00000  103.00000  83.2%   8.4  750s
 921177 782989  409.00000   74 2117  613.00000  103.00000  83.2%   8.4  755s
 927832 788978  409.00000  183 1941  613.00000  103.00000  83.2%   8.4  760s
 934732 794825  460.00000  190 1978  613.00000  103.00000  83.2%   8.4  765s
 940042 799155  205.00000   37 2378  613.00000  103.00000  83.2%   8.4  770s
 946700 804945  511.00000  120 2143  613.00000  103.00000  83.2%   8.4  775s
 953407 810680  460.00000  245 1928  613.00000  103.00000  83.2%   8.4  780s
 961247 817222  409.00000  224 1898  613.00000  103.00000  83.2%   8.4  785s
 968129 823265  460.00000  194 1926  613.00000  103.00000  83.2%   8.4  790s
 974333 828717  460.00000  202 1985  613.00000  103.00000  83.2%   8.4  795s
 980899 834423  511.00000  277 1872  613.00000  103.00000  83.2%   8.4  800s
 987297 840103  460.00000  152 1953  613.00000  103.00000  83.2%   8.4  805s
 993686 845589  410.00000  264 1906  613.00000  103.00000  83.2%   8.4  810s
 1000413 851440  307.00000   71 2206  613.00000  103.00000  83.2%   8.4  815s
 1007629 857130  358.00000   57 2281  613.00000  103.00000  83.2%   8.4  820s
 1014225 862653 infeasible   61       613.00000  103.00000  83.2%   8.4  825s
 1020585 868423  103.00000   43 2307  613.00000  103.00000  83.2%   8.4  830s
 1026383 873614  256.00000   73 2209  613.00000  103.00000  83.2%   8.4  835s
 1033327 879623 infeasible   54       613.00000  103.00000  83.2%   8.4  840s
 1040041 885364  409.00000  238 1869  613.00000  103.00000  83.2%   8.4  845s
 1047831 891588  358.00000   70 2208  613.00000  103.00000  83.2%   8.4  850s
 1054312 897237  460.00000  219 1913  613.00000  103.00000  83.2%   8.4  855s
 1060842 902757  409.00000  232 1886  613.00000  103.00000  83.2%   8.4  860s
 1066778 907970  103.00000   43 2312  613.00000  103.00000  83.2%   8.4  865s
 1072635 913122  409.00000  182 1982  613.00000  103.00000  83.2%   8.4  870s
 1079082 918849  409.00000  253 1894  613.00000  103.00000  83.2%   8.4  875s
 1086483 924789  460.00000  214 1948  613.00000  103.00000  83.2%   8.4  880s
 1094363 931352  307.00000   56 2260  613.00000  103.00000  83.2%   8.4  885s
 1099900 935949  208.00000   53 2220  613.00000  103.00000  83.2%   8.4  890s
 1104708 939784  256.00000   58 2187  613.00000  103.00000  83.2%   8.4  895s
 1109775 944169  409.00000  221 1899  613.00000  103.00000  83.2%   8.4  900s
 1114390 947684 infeasible  139       613.00000  103.00000  83.2%   8.4  905s
 1120321 952762  409.00000  264 1894  613.00000  103.00000  83.2%   8.4  910s
 1127587 958493  460.00000  239 1981  613.00000  103.00000  83.2%   8.4  915s
 1134112 964505  511.00000  291 1897  613.00000  103.00000  83.2%   8.4  920s
 1139938 969551  155.00000   38 2398  613.00000  103.00000  83.2%   8.4  925s
 1146492 974984  410.00000  164 2089  613.00000  103.00000  83.2%   8.4  930s
 1153336 980768  460.00000  269 1817  613.00000  103.00000  83.2%   8.4  935s
 1159789 986533 infeasible  270       613.00000  103.00000  83.2%   8.4  940s
 1167855 992723 infeasible  130       613.00000  103.00000  83.2%   8.4  945s
 1174763 998838  207.00000   41 2300  613.00000  103.00000  83.2%   8.4  950s
 1181012 1004288  409.00000  124 2168  613.00000  103.00000  83.2%   8.4  955s
 1187176 1009325  209.00000   47 2323  613.00000  103.00000  83.2%   8.4  960s
 1190115 1011966 infeasible   63       613.00000  103.00000  83.2%   8.4  965s
 1194322 1015531  460.00000  137 2074  613.00000  103.00000  83.2%   8.4  970s
 1197605 1018436  358.00000   97 2263  613.00000  103.00000  83.2%   8.4  975s
 1200459 1021065  256.00000   51 2287  613.00000  103.00000  83.2%   8.4  980s
 1203865 1023937  460.00000  266 1903  613.00000  103.00000  83.2%   8.4  985s
 1207043 1026771  409.00000   79 2185  613.00000  103.00000  83.2%   8.4  990s
 1210395 1029631  511.00000  253 1886  613.00000  103.00000  83.2%   8.4  995s
 1213710 1032648  409.00000  254 1917  613.00000  103.00000  83.2%   8.4 1000s
 1217325 1035701  409.00000   38 2437  613.00000  103.00000  83.2%   8.4 1005s
 1220558 1038710  409.00000  101 2099  613.00000  103.00000  83.2%   8.4 1010s
 1223570 1041403  154.00000   41 2333  613.00000  103.00000  83.2%   8.4 1015s
 1226449 1043811  562.00000   91 2113  613.00000  103.00000  83.2%   8.4 1020s
 1229917 1046564  358.00000   74 2226  613.00000  103.00000  83.2%   8.4 1025s
 1233228 1049646  410.00000   44 2350  613.00000  103.00000  83.2%   8.4 1030s
 1235098 1051446  206.00000   52 2232  613.00000  103.00000  83.2%   8.4 1035s
 1238198 1054179  409.00000  220 1936  613.00000  103.00000  83.2%   8.4 1040s
 1244975 1059986  460.00000  109 2152  613.00000  103.00000  83.2%   8.4 1045s
 1251291 1065580 infeasible  291       613.00000  103.00000  83.2%   8.4 1050s
 1257497 1070720  511.00000  264 1843  613.00000  103.00000  83.2%   8.4 1055s
 1264305 1076681  358.00000  163 1972  613.00000  103.00000  83.2%   8.4 1060s
 1271116 1082208  460.00000  265 1863  613.00000  103.00000  83.2%   8.4 1065s
 1278473 1088669  409.00000  113 2133  613.00000  103.00000  83.2%   8.4 1070s
 1286140 1094730  307.00000   83 2263  613.00000  103.00000  83.2%   8.4 1075s
 1293629 1101150  205.00000   57 2221  613.00000  103.00000  83.2%   8.4 1080s
 1301353 1107644  256.00000   60 2149  613.00000  103.00000  83.2%   8.4 1085s
 1308890 1114155  409.00000  145 2023  613.00000  103.00000  83.2%   8.4 1090s
 1316212 1120327  409.00000  217 1941  613.00000  103.00000  83.2%   8.4 1095s
 1320450 1123633  511.00000  283 1875  613.00000  103.00000  83.2%   8.4 1100s
 1320493 1123645  511.00000  281 1877  613.00000  103.00000  83.2%   8.4 1105s
 1320528 1123667  160.00000   41 2378  613.00000  103.00000  83.2%   8.4 1110s
 1320564 1123703  160.00000   43 2368  613.00000  103.00000  83.2%   8.4 1115s
 1320600 1123739  160.00000   50 2313  613.00000  103.00000  83.2%   8.4 1120s
 1320632 1123771  208.00000   54 2237  613.00000  103.00000  83.2%   8.4 1125s
 1320652 1123783  209.00000   54 2277  613.00000  103.00000  83.2%   8.4 1131s
 1320668 1123799  358.00000   57 2191  613.00000  103.00000  83.2%   8.4 1135s
 1320700 1123831  409.00000   61 2188  613.00000  103.00000  83.2%   8.4 1140s
 1320732 1123862  409.00000   65 2183  613.00000  103.00000  83.2%   8.4 1145s
 1320772 1123885  409.00000   69 2176  613.00000  103.00000  83.2%   8.4 1150s
 1320794 1123905  409.00000   69 2179  613.00000  103.00000  83.2%   8.4 1155s
 1320822 1123933  460.00000   75 2157  613.00000  103.00000  83.2%   8.4 1160s
 1320846 1123955  460.00000   78 2163  613.00000  103.00000  83.2%   8.4 1165s
 1320872 1123979  511.00000   81 2154  613.00000  103.00000  83.2%   8.4 1170s
 1320895 1124135  562.00000   81 2151  613.00000  103.00000  83.2%   8.4 1183s
 1321926 1125166  511.00000   85 2152  613.00000  103.00000  83.2%   8.4 1185s
 1324469 1127353  562.00000   85 2151  613.00000  103.00000  83.2%   8.4 1190s
 1330346 1132366  410.00000  199 1984  613.00000  103.00000  83.2%   8.4 1195s
 1337273 1138089  307.00000   57 2220  613.00000  103.00000  83.2%   8.4 1200s
 1343218 1143487  562.00000  106 1972  613.00000  103.00000  83.2%   8.4 1205s
 1349956 1149072  206.00000   53 2264  613.00000  103.00000  83.2%   8.4 1210s
 1356538 1154857  256.00000   41 2308  613.00000  103.00000  83.2%   8.4 1215s
 1363013 1160694  409.00000  182 1952  613.00000  103.00000  83.2%   8.4 1220s
 1369264 1165924  410.00000  215 1984  613.00000  103.00000  83.2%   8.4 1225s
 1376462 1171971  409.00000  244 1871  613.00000  103.00000  83.2%   8.4 1230s
 1383301 1177653  511.00000  181 2004  613.00000  103.00000  83.2%   8.4 1235s
 1389522 1182988  460.00000  232 1994  613.00000  103.00000  83.2%   8.4 1240s
 1395856 1188725  511.00000   70 2294  613.00000  103.00000  83.2%   8.4 1245s
 1401993 1194064  208.00000   88 2132  613.00000  103.00000  83.2%   8.4 1250s
 1408343 1199547  307.00000   53 2280  613.00000  103.00000  83.2%   8.4 1255s
 1414575 1205220  358.00000   78 2204  613.00000  103.00000  83.2%   8.4 1260s
 1420963 1210841  562.00000  106 2018  613.00000  103.00000  83.2%   8.4 1265s
 1426988 1216198  358.00000  190 1956  613.00000  103.00000  83.2%   8.4 1270s
 1433581 1221968  511.00000  170 2024  613.00000  103.00000  83.2%   8.4 1275s
 1439947 1227521  460.00000  176 1997  613.00000  103.00000  83.2%   8.4 1280s
 1446951 1233697  207.00000   41 2318  613.00000  103.00000  83.2%   8.4 1285s
 1453210 1238895  460.00000   54 2322  613.00000  103.00000  83.2%   8.4 1290s
 1459605 1244376  460.00000  227 1992  613.00000  103.00000  83.2%   8.4 1295s
 1465534 1249240  409.00000  228 1950  613.00000  103.00000  83.2%   8.4 1300s
 1471790 1254561  257.00000   34 2451  613.00000  103.00000  83.2%   8.4 1305s
 1478732 1260637  409.00000  108 2065  613.00000  103.00000  83.2%   8.4 1310s
 1485628 1266607  511.00000  282 1845  613.00000  103.00000  83.2%   8.4 1315s
 1492287 1272712  562.00000  233 1866  613.00000  103.00000  83.2%   8.4 1320s
 1499607 1278996  409.00000  107 2165  613.00000  103.00000  83.2%   8.4 1325s
 1507261 1285320  511.00000  199 1952  613.00000  103.00000  83.2%   8.4 1330s
 1514318 1291505  511.00000  108 2079  613.00000  103.00000  83.2%   8.4 1335s
 1520843 1297112  511.00000  182 1985  613.00000  103.00000  83.2%   8.4 1340s
 1526917 1302349  409.00000  215 1917  613.00000  103.00000  83.2%   8.4 1345s
 1533736 1308079  307.00000   49 2344  613.00000  103.00000  83.2%   8.4 1350s
 1540209 1313763  460.00000  230 1989  613.00000  103.00000  83.2%   8.4 1355s
 1546653 1319403  563.00000   71 2152  613.00000  103.00000  83.2%   8.4 1360s
 1553309 1325160  562.00000  249 1935  613.00000  103.00000  83.2%   8.4 1365s
 1560448 1331094  358.00000  104 2157  613.00000  103.00000  83.2%   8.4 1370s
 1566872 1336568  460.00000  283 1872  613.00000  103.00000  83.2%   8.4 1375s
 1574167 1342835  460.00000  172 2066  613.00000  103.00000  83.2%   8.4 1380s
 1580995 1348696  511.00000  264 1959  613.00000  103.00000  83.2%   8.4 1385s
 1588002 1354687  256.00000   39 2308  613.00000  103.00000  83.2%   8.4 1390s
 1595026 1360726  205.00000   45 2274  613.00000  103.00000  83.2%   8.4 1395s
 1601542 1366327  409.00000  188 1988  613.00000  103.00000  83.2%   8.4 1400s
 1608360 1372293  562.00000   89 2063  613.00000  103.00000  83.2%   8.4 1405s
 1615334 1378325  409.00000   89 2172  613.00000  103.00000  83.2%   8.4 1410s
 1622912 1384693  460.00000   47 2252  613.00000  103.00000  83.2%   8.4 1415s
 1629432 1390329  460.00000   96 2140  613.00000  103.00000  83.2%   8.4 1420s
 1636698 1396648  409.00000  255 1886  613.00000  103.00000  83.2%   8.4 1425s
 1643686 1402335  460.00000  267 1945  613.00000  103.00000  83.2%   8.4 1430s
 1650281 1408176  409.00000  160 2076  613.00000  103.00000  83.2%   8.4 1435s
 1657880 1414872 infeasible   33       613.00000  103.00000  83.2%   8.4 1440s
 1664523 1420256  563.00000   65 2087  613.00000  103.00000  83.2%   8.4 1445s
 1671953 1426323  460.00000  219 1971  613.00000  103.00000  83.2%   8.4 1450s
 1678813 1432362  205.00000   45 2333  613.00000  103.00000  83.2%   8.4 1455s
 1685240 1438120  409.00000   72 2134  613.00000  103.00000  83.2%   8.4 1460s
 1692359 1444193  562.00000  309 1157  613.00000  103.00000  83.2%   8.4 1465s
 1698977 1450119 infeasible  104       613.00000  103.00000  83.2%   8.4 1470s
 1705754 1455863  460.00000  122 2079  613.00000  103.00000  83.2%   8.4 1475s
 1713001 1462166  563.00000  104 1872  613.00000  103.00000  83.2%   8.4 1480s
 1720766 1468373  460.00000  197 1927  613.00000  103.00000  83.2%   8.4 1485s
 1728295 1474964  156.00000   62 2258  613.00000  103.00000  83.2%   8.4 1490s
 1735323 1481307  409.00000  162 2061  613.00000  103.00000  83.2%   8.4 1495s
 1742155 1487040  103.00000   32 2420  613.00000  103.00000  83.2%   8.4 1500s
 1748810 1492879  511.00000  277 1817  613.00000  103.00000  83.2%   8.4 1505s
 1756469 1499245  461.00000  178 2027  613.00000  103.00000  83.2%   8.4 1510s
 1764000 1505633  563.00000  179 1658  613.00000  103.00000  83.2%   8.4 1515s
 1770976 1511414  461.00000  232 1937  613.00000  103.00000  83.2%   8.4 1520s
 1777944 1517607  460.00000  197 1912  613.00000  103.00000  83.2%   8.4 1525s
 1784419 1523312  103.00000   43 2339  613.00000  103.00000  83.2%   8.4 1530s
 1791767 1529581  460.00000  139 2007  613.00000  103.00000  83.2%   8.4 1535s
 1797750 1534668  460.00000  144 2035  613.00000  103.00000  83.2%   8.4 1540s
 1803769 1540004  409.00000  127 2122  613.00000  103.00000  83.2%   8.4 1545s
 1810552 1545922  460.00000  265 1958  613.00000  103.00000  83.2%   8.4 1550s
 1817256 1551570  409.00000  189 1959  613.00000  103.00000  83.2%   8.4 1555s
 1823829 1557083  563.00000  180 1630  613.00000  103.00000  83.2%   8.4 1560s
 1831129 1563205 infeasible   90       613.00000  103.00000  83.2%   8.4 1565s
 1838265 1569242  409.00000  226 1923  613.00000  103.00000  83.2%   8.4 1570s
 1845300 1575206  562.00000  175 1601  613.00000  103.00000  83.2%   8.4 1575s
 1849475 1578850  359.00000  214 1896  613.00000  103.00000  83.2%   8.4 1580s
 1854116 1582661  511.00000  203 1964  613.00000  103.00000  83.2%   8.4 1585s
 1859347 1587273  409.00000  237 1950  613.00000  103.00000  83.2%   8.4 1590s
 1865457 1592646  359.00000   48 2283  613.00000  103.00000  83.2%   8.4 1595s
 1874455 1599313  409.00000  263 1934  613.00000  103.00000  83.2%   8.4 1600s
 1881376 1605032  409.00000  101 2197  613.00000  103.00000  83.2%   8.4 1605s
 1887857 1610753  409.00000  245 1945  613.00000  103.00000  83.2%   8.4 1610s
 1895348 1616837  563.00000  104 2017  613.00000  103.00000  83.2%   8.4 1615s
 1903065 1623436  460.00000  280 1880  613.00000  103.00000  83.2%   8.4 1620s
 1911030 1630405  256.00000   44 2297  613.00000  103.00000  83.2%   8.4 1625s
 1918868 1636559  409.00000  138 2054  613.00000  103.00000  83.2%   8.4 1630s
 1927258 1642875  205.00000   40 2315  613.00000  103.00000  83.2%   8.4 1635s
 1934884 1649025  460.00000  228 1900  613.00000  103.00000  83.2%   8.4 1640s
 1942221 1655076  103.00000   40 2304  613.00000  103.00000  83.2%   8.4 1645s
 1948642 1660783  409.00000  127 2111  613.00000  103.00000  83.2%   8.4 1650s
 1956468 1667247  460.00000  232 1931  613.00000  103.00000  83.2%   8.4 1655s
 1964178 1673617  562.00000  247 1874  613.00000  103.00000  83.2%   8.4 1660s
 1972425 1680234  409.00000   79 2190  613.00000  103.00000  83.2%   8.4 1665s
 1978410 1685638  409.00000   68 2203  613.00000  103.00000  83.2%   8.4 1670s
 1984530 1691013  409.00000  175 2024  613.00000  103.00000  83.2%   8.4 1675s
 1991040 1696558  460.00000  170 2066  613.00000  103.00000  83.2%   8.4 1680s
 1997657 1702198  358.00000   86 2224  613.00000  103.00000  83.2%   8.4 1685s
 2003012 1706482  562.00000   80 2210  613.00000  103.00000  83.2%   8.4 1690s
 2007977 1710822  461.00000  220 1900  613.00000  103.00000  83.2%   8.4 1695s
 2011439 1713795  460.00000  161 2065  613.00000  103.00000  83.2%   8.4 1700s
 2018229 1719777  409.00000  227 1961  613.00000  103.00000  83.2%   8.4 1705s
 2025827 1725979  359.00000  100 2110  613.00000  103.00000  83.2%   8.4 1710s
 2033171 1731877  103.00000   37 2326  613.00000  103.00000  83.2%   8.4 1715s
 2040008 1738132  409.00000  173 2077  613.00000  103.00000  83.2%   8.4 1720s
 2046259 1743597  511.00000  259 1967  613.00000  103.00000  83.2%   8.4 1725s
 2053519 1749685  562.00000  123 1900  613.00000  103.00000  83.2%   8.4 1730s
 2059881 1755303  562.00000   75 2068  613.00000  103.00000  83.2%   8.4 1735s
 2067355 1761312  460.00000  126 2106  613.00000  103.00000  83.2%   8.4 1740s
 2074219 1766842  460.00000   95 2188  613.00000  103.00000  83.2%   8.4 1745s
 2081722 1773176  409.00000  143 2064  613.00000  103.00000  83.2%   8.4 1750s
 2087028 1777816  562.00000   86 2022  613.00000  103.00000  83.2%   8.4 1755s
 2091959 1781938  512.00000   62 2215  613.00000  103.00000  83.2%   8.4 1760s
 2096669 1786097  460.00000  215 1915  613.00000  103.00000  83.2%   8.4 1765s
 2103668 1792329  460.00000  236 1918  613.00000  103.00000  83.2%   8.4 1770s
 2111201 1798453  460.00000  192 1953  613.00000  103.00000  83.2%   8.4 1775s
 2117598 1803942  562.00000   76 2112  613.00000  103.00000  83.2%   8.4 1780s
 2124571 1809989  154.00000   40 2369  613.00000  103.00000  83.2%   8.4 1785s
 2131853 1816310  409.00000  197 1992  613.00000  103.00000  83.2%   8.4 1790s
 2138289 1821875  359.00000  178 1969  613.00000  103.00000  83.2%   8.4 1795s
 2145210 1827640  562.00000  223 1918  613.00000  103.00000  83.2%   8.4 1800s

Explored 2145669 nodes (17998245 simplex iterations) in 1800.02 seconds (2441.88 work units)
Thread count was 8 (of 8 available processors)

Solution count 1: 613 

Time limit reached
Best objective 6.130000000000e+02, best bound 1.030000000000e+02, gap 83.1974%
! --------------------------------------------------------
! Status: FEASIBLE (time limit reached)
! Best span = 613
! Labeling: 409 205 205 1 409 511 256 205 103 1 205 103 52 511 613 511 409 358 256 103 154 409 460 460 511 1 154 103 307 409 358 511 52 358 1 52 52 52 154 103 52 256 358 1 307 358 409 103 103 358 205 256 103 511 562 307 409 52 613 205 307 460 52 562 1 205 52 511 307 409 460 103 154 409 1 52 52 52 52 205 52 256 307 1 460 307 103 613 1 613 103 1 1 154 103 511 256 460 307 154 358 409 307 154 205 1 1 358 460 154 511 460 1 1 1 613 52 52 562 154 358 562 358 358 205 307 103 613 103 256 409 562 103 307 307 103 1 256 307 52 358 205 511 205 511 154 103 1 1 1 52 409 1 460 52 154 460 307 256 511 256 103 562 154 256 154 307 307 154 307 358 1 52 205 103 307 205 103 52 52 409 154 562 307 613 613 307 511 52 1 1 103 103 154 52 358 460 1 613 52 562 1 154 52 52 1 52 562 205 511 307 613 1 1 103 307 52 205 562 52 256 52 1 358 205 52 409 154 154 307 154 256 154 358 358 460 613 205 1 460 460 103 103 154 1 205 256 562 1 409 307 307 562 103 52 103 154 205 256 358 52 613 205 256 307 562 358 52 613 1 562 256 103 1 256 613 1 613 154 613 205 205 409 154 460 154 511 409 205 256 613 52 103 103 409 511 460 358 460 307 256 256 460 409 460 358 154 103 103 1 358 511 409 460 409 1 1 409 256 562 562 52 103 562 205 1 52 460 256 511 52 154 256 1 409 52 52 1 409 256 307 511 460 409 154 358 154 52 358 307 409 409 307 511 613 52 103 1 460 1 511 1 154 154 409 1 1 103 409 358 562 613 409 256 154 613 511 154 154 307 154 103 1 103 103 1 52 460 1 52 562 1 1 409 613 205 307 205 307 358 511 154 1 358 358 460 205 256 511 52 409 358 358 460 358 205 613 103 1 460 
! --------------------------------------------------------
! All verification passed
