! Solving for graph /home/truongxuanhieu/Gurobi-for-MinSpanLabeling/benchmarks/abp/P-can__445.mtx.rnd
! Target value is set to 135
! Lower bound is set to 136
! Upper bound is set to 668
! Time limit is set to 1800
! Vertices mode is set to Has hole
! Target value mode is set to Antibandwidth
Set parameter WLSAccessID
Set parameter WLSSecret
Set parameter LicenseID to value 2663665
Academic license 2663665 - for non-commercial use only - registered to tu___@vnu.edu.vn
Set parameter OutputFlag to value 1
Set parameter TimeLimit to value 1800
Gurobi Optimizer version 13.0.2 build v13.0.2rc1 (linux64 - "Debian GNU/Linux 12 (bookworm)")

CPU model: AMD EPYC 7B12, instruction set [SSE2|AVX|AVX2]
Thread count: 4 physical cores, 8 logical processors, using up to 8 threads

Non-default parameters:
TimeLimit  1800

Academic license 2663665 - for non-commercial use only - registered to tu___@vnu.edu.vn
Optimize a model with 3367 rows, 301515 columns and 7619 nonzeros (Min)
Model fingerprint: 0x8a0cb3fd
Model has 1 linear objective coefficients
Model has 2572 simple general constraints
  1682 ABS, 890 INDICATOR
Variable types: 0 continuous, 301515 integer (297705 binary)
Coefficient statistics:
  Matrix range     [1e+00, 1e+00]
  Objective range  [1e+00, 1e+00]
  Bounds range     [1e+00, 7e+02]
  RHS range        [1e+00, 3e+02]
  GenCon rhs range [1e+00, 1e+00]
  GenCon coe range [1e+00, 1e+00]

Presolve added 5240 rows and 0 columns
Presolve removed 0 rows and 291671 columns
Presolve time: 0.07s
Presolved: 8607 rows, 9844 columns, 23593 nonzeros
Presolved model has 1682 SOS constraint(s)
Variable types: 0 continuous, 9844 integer (1780 binary)
Performing another presolve...
Presolve removed 3907 rows and 3907 columns
Presolve time: 0.03s

Root relaxation: objective 1.360000e+02, 3989 iterations, 0.01 seconds (0.01 work units)

    Nodes    |    Current Node    |     Objective Bounds      |     Work
 Expl Unexpl |  Obj  Depth IntInf | Incumbent    BestBd   Gap | It/Node Time

     0     0  136.00000    0 1187          -  136.00000      -     -    0s
     0     0  136.00000    0 1187          -  136.00000      -     -    0s
     0     2  136.00000    0 1187          -  136.00000      -     -    0s
* 2232   296             275     541.0000000  136.00000  74.9%   6.6    1s
  9123  1813  406.00000   59  495  541.00000  271.00000  49.9%  13.3    5s
 22624  3242  272.00000   45 1020  541.00000  272.00000  49.7%  10.7   10s
 38057  3969  272.00000   38 1047  541.00000  272.00000  49.7%   9.7   15s
 54319  4464  406.00000   54 1000  541.00000  272.00000  49.7%   9.3   20s
 70448  5604 infeasible   62       541.00000  272.00000  49.7%   9.4   25s
 86475  6030  406.00000   41  368  541.00000  406.00000  25.0%   9.4   30s
 105568  7048 infeasible   64       541.00000  406.00000  25.0%   8.8   35s
 127404  7250  406.00000   41  468  541.00000  406.00000  25.0%   7.8   40s
 149206  7574  406.00000   70  390  541.00000  406.00000  25.0%   7.1   45s
 170889  7543  406.00000   34  392  541.00000  406.00000  25.0%   6.5   50s
 193612  7410  406.00000   74  399  541.00000  406.00000  25.0%   6.1   55s
 216404  7370 infeasible   66       541.00000  406.00000  25.0%   5.7   60s
 236779  7394 infeasible   54       541.00000  406.00000  25.0%   5.5   65s
 258307  7116  406.00000   76  374  541.00000  406.00000  25.0%   5.3   70s
 277751  7429  406.00000   46  442  541.00000  406.00000  25.0%   5.2   75s
 297183  7436  406.00000   52  433  541.00000  406.00000  25.0%   5.1   80s
 317538  7168  406.00000   38  414  541.00000  406.00000  25.0%   5.0   85s
 339746  6964 infeasible   77       541.00000  406.00000  25.0%   4.9   90s
 361040  6989 infeasible   45       541.00000  406.00000  25.0%   4.8   95s
 382705  7073  406.00000   57  452  541.00000  406.00000  25.0%   4.8  100s
 405405  7118 infeasible   46       541.00000  406.00000  25.0%   4.7  105s
 427939  6856 infeasible   51       541.00000  406.00000  25.0%   4.5  110s
 448954  6792  406.00000   39  872  541.00000  406.00000  25.0%   4.5  115s
 470195  6866  406.00000   61  354  541.00000  406.00000  25.0%   4.4  120s
 492158  6896 infeasible   65       541.00000  406.00000  25.0%   4.4  125s
 513450  6925  406.00000   54  487  541.00000  406.00000  25.0%   4.3  130s
 536074  6794 infeasible   63       541.00000  406.00000  25.0%   4.2  135s
 557210  6740 infeasible   71       541.00000  406.00000  25.0%   4.2  140s
 580040  6756 infeasible   41       541.00000  406.00000  25.0%   4.1  145s
 602465  6757  406.00000   83  410  541.00000  406.00000  25.0%   4.1  150s
 623715  6487 infeasible   70       541.00000  406.00000  25.0%   4.1  155s
 642621  6564 infeasible   38       541.00000  406.00000  25.0%   4.1  160s
 662153  7175  406.00000   80  392  541.00000  406.00000  25.0%   4.1  165s
 683048  7317 infeasible   80       541.00000  406.00000  25.0%   4.0  170s
 701755  7025 infeasible   81       541.00000  406.00000  25.0%   3.9  175s
 721791  6780  406.00000   60  470  541.00000  406.00000  25.0%   3.9  180s
 741466  6629  406.00000   78  381  541.00000  406.00000  25.0%   3.8  185s
 763146  6639 infeasible   80       541.00000  406.00000  25.0%   3.8  190s
 784822  6354 infeasible   69       541.00000  406.00000  25.0%   3.8  195s
 806561  6631  406.00000   63  359  541.00000  406.00000  25.0%   3.8  200s
 827988  6636 infeasible   45       541.00000  406.00000  25.0%   3.8  205s
 849032  6552 infeasible   60       541.00000  406.00000  25.0%   3.8  210s
 867071  6457 infeasible   64       541.00000  406.00000  25.0%   3.8  215s
 886025  6431 infeasible   36       541.00000  406.00000  25.0%   3.8  220s
 909495  6636  406.00000   50  435  541.00000  406.00000  25.0%   3.8  225s
 934165  6505 infeasible   54       541.00000  406.00000  25.0%   3.7  230s
 956809  6379  406.00000   62  406  541.00000  406.00000  25.0%   3.7  235s
 979740  6327 infeasible   57       541.00000  406.00000  25.0%   3.7  240s
 1001102  6145  406.00000   51  356  541.00000  406.00000  25.0%   3.7  245s
 1020851  6095 infeasible   42       541.00000  406.00000  25.0%   3.7  250s
 1042498  6649 infeasible   45       541.00000  406.00000  25.0%   3.7  255s
 1065159  6555  406.00000   53  420  541.00000  406.00000  25.0%   3.7  260s
 1086616  6248  406.00000   44  508  541.00000  406.00000  25.0%   3.6  265s
 1109669  6100 infeasible   54       541.00000  406.00000  25.0%   3.7  270s
 1132001  6081 infeasible   51       541.00000  406.00000  25.0%   3.7  275s
 1153570  5874  406.00000   49  376  541.00000  406.00000  25.0%   3.6  280s
 1175708  5893  406.00000   42  437  541.00000  406.00000  25.0%   3.6  285s
 1198785  5973 infeasible   62       541.00000  406.00000  25.0%   3.6  290s
 1222079  5792  406.00000   73  412  541.00000  406.00000  25.0%   3.6  295s
 1243053  5999 infeasible   63       541.00000  406.00000  25.0%   3.6  300s
 1263888  5815  406.00000   55  391  541.00000  406.00000  25.0%   3.6  305s
 1285503  5638 infeasible   63       541.00000  406.00000  25.0%   3.6  310s
 1306929  5960  406.00000   35  482  541.00000  406.00000  25.0%   3.6  315s
 1328804  5700  406.00000   31  500  541.00000  406.00000  25.0%   3.6  320s
 1349794  6485 infeasible   68       541.00000  406.00000  25.0%   3.6  325s
 1372671  6543 infeasible   50       541.00000  406.00000  25.0%   3.6  330s
 1394003  6398 infeasible   70       541.00000  406.00000  25.0%   3.6  335s
 1415829  6642 infeasible   55       541.00000  406.00000  25.0%   3.6  340s
 1437706  6518 infeasible   74       541.00000  406.00000  25.0%   3.5  345s
 1460044  6492  406.00000   40  383  541.00000  406.00000  25.0%   3.5  350s
 1482242  6651  406.00000   75  395  541.00000  406.00000  25.0%   3.5  355s
 1504422  6422 infeasible   70       541.00000  406.00000  25.0%   3.5  360s
 1522105  6312 infeasible   72       541.00000  406.00000  25.0%   3.5  365s
 1544625  6201 infeasible   71       541.00000  406.00000  25.0%   3.4  370s
 1566841  6219 infeasible   74       541.00000  406.00000  25.0%   3.4  375s
 1588744  6170 infeasible   77       541.00000  406.00000  25.0%   3.4  380s
 1610957  6001  406.00000   74  403  541.00000  406.00000  25.0%   3.4  385s
 1633056  6088  406.00000   77  408  541.00000  406.00000  25.0%   3.4  390s
 1656317  5765 infeasible   61       541.00000  406.00000  25.0%   3.3  395s
 1677507  5557 infeasible   46       541.00000  406.00000  25.0%   3.3  400s
 1699622  6210  406.00000   36  540  541.00000  406.00000  25.0%   3.3  405s
 1721041  6271  406.00000   55  389  541.00000  406.00000  25.0%   3.3  410s
 1742223  6054 infeasible   56       541.00000  406.00000  25.0%   3.3  415s
 1764014  5750 infeasible   44       541.00000  406.00000  25.0%   3.4  420s
 1786253  5999 infeasible   44       541.00000  406.00000  25.0%   3.4  425s
 1809068  5397  406.00000   56  464  541.00000  406.00000  25.0%   3.4  430s
 1829182  5487  406.00000   40  529  541.00000  406.00000  25.0%   3.4  435s
 1851552  6526  406.00000   85  390  541.00000  406.00000  25.0%   3.4  440s
 1873464  6275  406.00000   83  336  541.00000  406.00000  25.0%   3.4  445s
 1896542  6235 infeasible   88       541.00000  406.00000  25.0%   3.4  450s
 1920386  6188 infeasible   90       541.00000  406.00000  25.0%   3.3  455s
 1942584  6094 infeasible   91       541.00000  406.00000  25.0%   3.3  460s
 1964829  5945 infeasible   83       541.00000  406.00000  25.0%   3.3  465s
 1986731  5981 infeasible   81       541.00000  406.00000  25.0%   3.3  470s
 2010461  6413 infeasible   81       541.00000  406.00000  25.0%   3.3  475s
 2034420  6138 infeasible   81       541.00000  406.00000  25.0%   3.3  480s
 2057391  5862  406.00000   80  334  541.00000  406.00000  25.0%   3.3  485s
 2080377  5686 infeasible   82       541.00000  406.00000  25.0%   3.2  490s
 2102243  5693  406.00000   93  396  541.00000  406.00000  25.0%   3.2  495s
 2119040  5740  406.00000   40  456  541.00000  406.00000  25.0%   3.2  500s
 2141498  5501  406.00000   92  397  541.00000  406.00000  25.0%   3.2  505s
 2163445  5413  406.00000   45  415  541.00000  406.00000  25.0%   3.2  510s
 2185036  5266  406.00000   60  353  541.00000  406.00000  25.0%   3.2  515s
 2207368  5606 infeasible   53       541.00000  406.00000  25.0%   3.2  520s
 2230821  5471 infeasible   54       541.00000  406.00000  25.0%   3.2  525s
 2253307  5476 infeasible   41       541.00000  406.00000  25.0%   3.2  530s
 2275793  5286 infeasible   37       541.00000  406.00000  25.0%   3.2  535s
 2296488  5619 infeasible   54       541.00000  406.00000  25.0%   3.2  540s
 2313908  5373  406.00000   60  419  541.00000  406.00000  25.0%   3.2  545s
 2329416  5221 infeasible   53       541.00000  406.00000  25.0%   3.2  550s
 2343866  5531 infeasible   58       541.00000  406.00000  25.0%   3.2  555s
 2364419  5496 infeasible   40       541.00000  406.00000  25.0%   3.2  560s
 2386838  5100 infeasible   46       541.00000  406.00000  25.0%   3.2  565s
 2406181  5545  406.00000   62  456  541.00000  406.00000  25.0%   3.3  570s
 2428959  5841  406.00000   63  480  541.00000  406.00000  25.0%   3.3  575s
 2451453  5645 infeasible   64       541.00000  406.00000  25.0%   3.3  580s
 2473933  5395  406.00000   38  427  541.00000  406.00000  25.0%   3.3  585s
 2495338  5395 infeasible   41       541.00000  406.00000  25.0%   3.2  590s
 2515570  5201  406.00000   75  396  541.00000  406.00000  25.0%   3.2  595s
 2528421  5496 infeasible   60       541.00000  406.00000  25.0%   3.2  600s
 2541319  5385  406.00000   28  571  541.00000  406.00000  25.0%   3.2  605s
 2553096  5119  406.00000   69  347  541.00000  406.00000  25.0%   3.2  610s
 2563497  5193 infeasible   58       541.00000  406.00000  25.0%   3.2  615s
 2572090  5195  406.00000   35  492  541.00000  406.00000  25.0%   3.2  620s
 2582426  5476 infeasible   58       541.00000  406.00000  25.0%   3.3  625s
 2594467  5360 infeasible   38       541.00000  406.00000  25.0%   3.3  630s
 2604296  5192 infeasible   60       541.00000  406.00000  25.0%   3.2  635s
 2615451  5090 infeasible   55       541.00000  406.00000  25.0%   3.2  640s
 2624722  5085 infeasible   68       541.00000  406.00000  25.0%   3.3  645s
 2633926  5285 infeasible   41       541.00000  406.00000  25.0%   3.3  650s
 2643785  5380  406.00000   38  497  541.00000  406.00000  25.0%   3.3  655s
 2654155  5098 infeasible   56       541.00000  406.00000  25.0%   3.3  660s
 2664737  5285  406.00000   61  472  541.00000  406.00000  25.0%   3.3  665s
 2676606  5173  406.00000   50  492  541.00000  406.00000  25.0%   3.3  670s
 2686304  5019  406.00000   37  471  541.00000  406.00000  25.0%   3.3  675s
 2694892  4880 infeasible   41       541.00000  406.00000  25.0%   3.3  680s
 2704771  4995  406.00000   33  650  541.00000  406.00000  25.0%   3.3  685s
 2714528  5306 infeasible   59       541.00000  406.00000  25.0%   3.3  690s
 2723288  5186  406.00000   39  470  541.00000  406.00000  25.0%   3.3  695s
 2733425  5224  406.00000   73  341  541.00000  406.00000  25.0%   3.3  700s
 2742580  5142 infeasible   79       541.00000  406.00000  25.0%   3.2  705s
 2752379  5141  406.00000   75  398  541.00000  406.00000  25.0%   3.2  710s
 2764353  5043 infeasible   47       541.00000  406.00000  25.0%   3.2  715s
 2773922  4796  406.00000   53  466  541.00000  406.00000  25.0%   3.2  720s
 2779038  4893 infeasible   53       541.00000  406.00000  25.0%   3.2  725s
 2782499  4947 infeasible   61       541.00000  406.00000  25.0%   3.2  730s
 2790830  4851  406.00000   40  498  541.00000  406.00000  25.0%   3.2  735s
 2801416  5017  406.00000   57  326  541.00000  406.00000  25.0%   3.2  740s
 2812307  4897 infeasible   46       541.00000  406.00000  25.0%   3.2  745s
 2824034  4823  406.00000   45  372  541.00000  406.00000  25.0%   3.2  750s
 2834738  4793 infeasible   68       541.00000  406.00000  25.0%   3.2  755s
 2844392  4715  406.00000   46  356  541.00000  406.00000  25.0%   3.2  760s
 2854457  4680 infeasible   51       541.00000  406.00000  25.0%   3.3  765s
 2863589  4760 infeasible   48       541.00000  406.00000  25.0%   3.3  770s
 2875085  4906  406.00000   57  316  541.00000  406.00000  25.0%   3.3  775s
 2885645  4962 infeasible   54       541.00000  406.00000  25.0%   3.3  780s
 2896527  5073 infeasible   64       541.00000  406.00000  25.0%   3.2  785s
 2909773  4820  406.00000   58  318  541.00000  406.00000  25.0%   3.2  790s
 2927926  4678 infeasible   60       541.00000  406.00000  25.0%   3.2  795s
 2948821  4738  406.00000   65  394  541.00000  406.00000  25.0%   3.2  800s
 2971612  4519  406.00000   39  472  541.00000  406.00000  25.0%   3.2  805s
 2992672  4748 infeasible   39       541.00000  406.00000  25.0%   3.3  810s
 3016341  4760 infeasible   60       541.00000  406.00000  25.0%   3.2  815s
 3038850  4656  406.00000   57  343  541.00000  406.00000  25.0%   3.2  820s
 3062180  4530  406.00000   66  366  541.00000  406.00000  25.0%   3.2  825s
 3083752  4671  407.00000   99  552  541.00000  406.00000  25.0%   3.2  830s
 3106483  5122  406.00000  104  528  541.00000  406.00000  25.0%   3.2  835s
 3125666  6168 infeasible   47       541.00000  406.00000  25.0%   3.2  840s
 3147782  7016 infeasible   68       541.00000  406.00000  25.0%   3.2  845s
 3170430  8227 infeasible   99       541.00000  406.00000  25.0%   3.2  850s
 3195056  8727 infeasible   37       541.00000  406.00000  25.0%   3.2  855s
 3216917  9582 infeasible   60       541.00000  406.00000  25.0%   3.2  860s
 3238588 10438  406.00000   50  451  541.00000  406.00000  25.0%   3.2  865s
 3261783 11163  406.00000   95  619  541.00000  406.00000  25.0%   3.2  870s
 3282875 11752  407.00000   58  488  541.00000  406.00000  25.0%   3.2  875s
 3302448 12633 infeasible   32       541.00000  406.00000  25.0%   3.3  880s
 3320435 13305 infeasible   71       541.00000  406.00000  25.0%   3.3  885s
 3343253 13252 infeasible  104       541.00000  406.00000  25.0%   3.2  890s
 3365714 13670  407.00000  103  531  541.00000  407.00000  24.8%   3.2  895s
 3391241 13311 infeasible  108       541.00000  407.00000  24.8%   3.2  900s
 3415742 13088 infeasible  105       541.00000  407.00000  24.8%   3.2  905s
 3441947 12779 infeasible  104       541.00000  407.00000  24.8%   3.2  910s
 3467276 12373  407.00000   68  463  541.00000  407.00000  24.8%   3.2  915s
 3490699 12514 infeasible   69       541.00000  407.00000  24.8%   3.2  920s
 3514343 11952  407.00000  105  516  541.00000  407.00000  24.8%   3.2  925s
 3539832 12102 infeasible   50       541.00000  407.00000  24.8%   3.2  930s
 3564205 12102 infeasible   57       541.00000  407.00000  24.8%   3.2  935s
 3587712 11763  407.00000   40  494  541.00000  407.00000  24.8%   3.2  940s
 3610516 10985 infeasible   67       541.00000  407.00000  24.8%   3.2  945s
 3635429 10178 infeasible  107       541.00000  407.00000  24.8%   3.2  950s
 3660080  9781  407.00000  100  513  541.00000  407.00000  24.8%   3.2  955s
 3686393  9742 infeasible  102       541.00000  407.00000  24.8%   3.2  960s
 3709294  9436 infeasible   59       541.00000  407.00000  24.8%   3.2  965s
 3727700 10016  407.00000   48  379  541.00000  407.00000  24.8%   3.2  970s
 3747453  9992  407.00000   47  379  541.00000  407.00000  24.8%   3.2  975s
 3768450  9839  407.00000   74  387  541.00000  407.00000  24.8%   3.2  980s
 3790317  9830 infeasible   70       541.00000  407.00000  24.8%   3.1  985s
 3810651  9595  407.00000   42  495  541.00000  407.00000  24.8%   3.1  990s
 3829089  9433 infeasible   75       541.00000  407.00000  24.8%   3.1  995s
 3843023  9417  407.00000   75  398  541.00000  407.00000  24.8%   3.1 1000s
 3859614  9064  407.00000  102  522  541.00000  407.00000  24.8%   3.1 1005s
 3880303  9234 infeasible   65       541.00000  407.00000  24.8%   3.1 1010s
 3902082  9019  407.00000   55  375  541.00000  407.00000  24.8%   3.1 1015s
 3925914  8419  407.00000   42  467  541.00000  407.00000  24.8%   3.1 1020s
 3948793  8258 infeasible  103       541.00000  407.00000  24.8%   3.1 1025s
 3972276  8274 infeasible   42       541.00000  407.00000  24.8%   3.1 1030s
 3995624  8150 infeasible   74       541.00000  407.00000  24.8%   3.1 1035s
 4018167  8038  407.00000  103  514  541.00000  407.00000  24.8%   3.1 1040s
 4042592  7997 infeasible  102       541.00000  407.00000  24.8%   3.1 1045s
 4067301  7783 infeasible  102       541.00000  407.00000  24.8%   3.1 1050s
 4089599  7506  407.00000   60  355  541.00000  407.00000  24.8%   3.1 1055s
 4112374  7104  407.00000  100  527  541.00000  407.00000  24.8%   3.1 1060s
 4133814  7267  407.00000   35  476  541.00000  407.00000  24.8%   3.1 1065s
 4154988  7268 infeasible   39       541.00000  407.00000  24.8%   3.1 1070s
 4176567  7205  407.00000   43  332  541.00000  407.00000  24.8%   3.1 1075s
 4198301  6958  407.00000   36  460  541.00000  407.00000  24.8%   3.1 1080s
 4220794  6959  407.00000   49  401  541.00000  407.00000  24.8%   3.1 1085s
 4243297  7150 infeasible   75       541.00000  407.00000  24.8%   3.1 1090s
 4266649  7113 infeasible   73       541.00000  407.00000  24.8%   3.1 1095s
 4289025  6989  407.00000   80  391  541.00000  407.00000  24.8%   3.1 1100s
 4312769  6668 infeasible   56       541.00000  407.00000  24.8%   3.1 1105s
 4336211  6278 infeasible   63       541.00000  407.00000  24.8%   3.1 1110s
 4358841  5722 infeasible   82       541.00000  407.00000  24.8%   3.0 1115s
 4382610  5493 infeasible   69       541.00000  407.00000  24.8%   3.0 1120s
 4405030  5546 infeasible   66       541.00000  407.00000  24.8%   3.0 1125s
 4423994  6006 infeasible   82       541.00000  407.00000  24.8%   3.0 1130s
 4440859  5849  407.00000   75  321  541.00000  407.00000  24.8%   3.0 1135s
 4460314  5595 infeasible   65       541.00000  407.00000  24.8%   3.0 1140s
 4474821  5728  407.00000   78  391  541.00000  407.00000  24.8%   3.0 1145s
 4488349  5652  407.00000   75  410  541.00000  407.00000  24.8%   3.0 1150s
 4502529  5412  407.00000   87  385  541.00000  407.00000  24.8%   3.0 1155s
 4523218  4861 infeasible   47       541.00000  407.00000  24.8%   3.0 1160s
 4545908  4784 infeasible   48       541.00000  407.00000  24.8%   3.0 1165s
 4567725  4700 infeasible   44       541.00000  407.00000  24.8%   3.0 1170s
 4589404  4529  407.00000   40  439  541.00000  407.00000  24.8%   3.0 1175s
 4610968  4437 infeasible   89       541.00000  407.00000  24.8%   3.0 1180s
 4631635  4325 infeasible   54       541.00000  407.00000  24.8%   3.0 1185s
 4651010  4387  407.00000   87  373  541.00000  407.00000  24.8%   3.0 1190s
 4671530  4265 infeasible   66       541.00000  407.00000  24.8%   3.0 1195s
 4694299  4632 infeasible   72       541.00000  407.00000  24.8%   3.0 1200s
 4716563  4516  407.00000   42  338  541.00000  407.00000  24.8%   3.0 1205s
 4740137  4573 infeasible   45       541.00000  407.00000  24.8%   3.0 1210s
 4762767  4292  407.00000   63  420  541.00000  407.00000  24.8%   3.0 1215s
 4785886  4668 infeasible   69       541.00000  407.00000  24.8%   3.0 1220s
 4808931  4657  407.00000   46  404  541.00000  407.00000  24.8%   3.0 1225s
 4832363  4391 infeasible   44       541.00000  407.00000  24.8%   3.0 1230s
 4854142  4334 infeasible   52       541.00000  407.00000  24.8%   3.0 1235s
 4876577  4221 infeasible   66       541.00000  407.00000  24.8%   3.0 1240s
 4897807  4408  407.00000   37  413  541.00000  407.00000  24.8%   3.0 1245s
 4919274  5397 infeasible   47       541.00000  407.00000  24.8%   3.0 1250s
 4938695  5539 infeasible   47       541.00000  407.00000  24.8%   3.0 1255s
 4953648  5447 infeasible   62       541.00000  407.00000  24.8%   3.0 1260s
 4976724  5298 infeasible   55       541.00000  407.00000  24.8%   3.0 1265s
 4999270  5027  407.00000   51  468  541.00000  407.00000  24.8%   3.0 1270s
 5021486  5668  407.00000   79  331  541.00000  407.00000  24.8%   3.0 1275s
 5042003  5552 infeasible   84       541.00000  407.00000  24.8%   3.0 1280s
 5063546  5743  407.00000   75  331  541.00000  407.00000  24.8%   3.0 1285s
 5084076  5343 infeasible   63       541.00000  407.00000  24.8%   3.0 1290s
 5105526  5294 infeasible   72       541.00000  407.00000  24.8%   3.0 1295s
 5126393  5103 infeasible   66       541.00000  407.00000  24.8%   3.0 1300s
 5147818  5147  407.00000   65  377  541.00000  407.00000  24.8%   3.0 1305s
 5169265  4915 infeasible   81       541.00000  407.00000  24.8%   3.0 1310s
 5189334  4985 infeasible   76       541.00000  407.00000  24.8%   3.0 1315s
 5210721  5319  407.00000   78  345  541.00000  407.00000  24.8%   2.9 1320s
 5231231  4870 infeasible   73       541.00000  407.00000  24.8%   2.9 1325s
 5252781  5096 infeasible   61       541.00000  407.00000  24.8%   2.9 1330s
 5276168  4867 infeasible   55       541.00000  407.00000  24.8%   2.9 1335s
 5298889  4606 infeasible   54       541.00000  407.00000  24.8%   2.9 1340s
 5321672  4477 infeasible   47       541.00000  407.00000  24.8%   2.9 1345s
 5342396  4154 infeasible   36       541.00000  407.00000  24.8%   2.9 1350s
 5361759  5037 infeasible   71       541.00000  407.00000  24.8%   2.9 1355s
 5382279  5709 infeasible   71       541.00000  407.00000  24.8%   2.9 1360s
 5403376  5614  407.00000   77  361  541.00000  407.00000  24.8%   2.9 1365s
 5423499  5528  407.00000   85  348  541.00000  407.00000  24.8%   2.9 1370s
 5444553  5244 infeasible   64       541.00000  407.00000  24.8%   2.9 1375s
 5463487  5189 infeasible   84       541.00000  407.00000  24.8%   2.9 1380s
 5482420  4916 infeasible   69       541.00000  407.00000  24.8%   2.9 1385s
 5499913  4796 infeasible   55       541.00000  407.00000  24.8%   2.9 1390s
 5519259  4668 infeasible   69       541.00000  407.00000  24.8%   2.9 1395s
 5539186  4975 infeasible   67       541.00000  407.00000  24.8%   2.9 1400s
 5557680  5293  407.00000   61  388  541.00000  407.00000  24.8%   2.9 1405s
 5575596  5023  407.00000   69  382  541.00000  407.00000  24.8%   2.9 1410s
 5595062  4666  407.00000   70  385  541.00000  407.00000  24.8%   2.9 1415s
 5614148  4518  407.00000   58  324  541.00000  407.00000  24.8%   2.9 1420s
 5634505  4476 infeasible   70       541.00000  407.00000  24.8%   2.9 1425s
 5656183  4583  407.00000   55  411  541.00000  407.00000  24.8%   2.9 1430s
 5675566  4479 infeasible   65       541.00000  407.00000  24.8%   2.9 1435s
 5696680  4672  407.00000   56  383  541.00000  407.00000  24.8%   2.9 1440s
 5718089  4674 infeasible   74       541.00000  407.00000  24.8%   2.9 1445s
 5739522  4456  407.00000   60  349  541.00000  407.00000  24.8%   2.9 1450s
 5761248  4208 infeasible   71       541.00000  407.00000  24.8%   2.9 1455s
 5781991  4934  407.00000   83  340  541.00000  407.00000  24.8%   2.9 1460s
 5803072  5034 infeasible   85       541.00000  407.00000  24.8%   2.9 1465s
 5824455  4731  407.00000   88  348  541.00000  407.00000  24.8%   2.9 1470s
 5845700  4884 infeasible   93       541.00000  407.00000  24.8%   2.8 1475s
 5866972  4593  407.00000   83  353  541.00000  407.00000  24.8%   2.8 1480s
 5888125  4652  407.00000   70  362  541.00000  407.00000  24.8%   2.8 1485s
 5911054  4537 infeasible   65       541.00000  407.00000  24.8%   2.8 1490s
 5932451  4488 infeasible   87       541.00000  407.00000  24.8%   2.8 1495s
 5953819  4796  407.00000   90  326  541.00000  407.00000  24.8%   2.8 1500s
 5974417  4497 infeasible   94       541.00000  407.00000  24.8%   2.8 1505s
 5995427  4411  407.00000   88  345  541.00000  407.00000  24.8%   2.8 1510s
 6017100  4054 infeasible   46       541.00000  407.00000  24.8%   2.8 1515s
 6041225  3954  407.00000   38  451  541.00000  407.00000  24.8%   2.8 1520s
 6064187  3795 infeasible  109       541.00000  407.00000  24.8%   2.8 1525s
 6089303  3621 infeasible   42       541.00000  407.00000  24.8%   2.8 1530s
 6114978  3628  407.00000  108  493  541.00000  407.00000  24.8%   2.8 1535s
 6138038  3459 infeasible   49       541.00000  407.00000  24.8%   2.8 1540s
 6161089  3529 infeasible   63       541.00000  407.00000  24.8%   2.8 1545s
 6184040  3672 infeasible   85       541.00000  407.00000  24.8%   2.8 1550s
 6206116  3288  407.00000   51  401  541.00000  407.00000  24.8%   2.8 1555s
 6229264  3352  407.00000   77  390  541.00000  407.00000  24.8%   2.8 1560s
 6251157  3377 infeasible   36       541.00000  407.00000  24.8%   2.8 1565s
 6275754  3262 infeasible   33       541.00000  407.00000  24.8%   2.8 1570s
 6299762  3306 infeasible   42       541.00000  407.00000  24.8%   2.8 1575s
 6318689  2991  407.00000   48  412  541.00000  407.00000  24.8%   2.8 1580s
 6338126  2999 infeasible   64       541.00000  407.00000  24.8%   2.8 1585s
 6360657  2783  407.00000   62  434  541.00000  407.00000  24.8%   2.8 1590s
 6383872  2854  407.00000   58  471  541.00000  407.00000  24.8%   2.8 1595s
 6404374  3136 infeasible   69       541.00000  407.00000  24.8%   2.8 1600s
 6426640  2881  407.00000   60  477  541.00000  407.00000  24.8%   2.8 1605s
 6448954  2739 infeasible   63       541.00000  407.00000  24.8%   2.8 1610s
 6471028  2517 infeasible   60       541.00000  407.00000  24.8%   2.8 1615s
 6493647  2465 infeasible   70       541.00000  407.00000  24.8%   2.8 1620s
 6515481  2594  407.00000   77  411  541.00000  407.00000  24.8%   2.8 1625s
 6538648  1932 infeasible   48       541.00000  407.00000  24.8%   2.8 1630s
 6562330  1706  407.00000   49  397  541.00000  407.00000  24.8%   2.8 1635s
 6585954  1618  407.00000   66  390  541.00000  407.00000  24.8%   2.8 1640s
 6608126  1880  407.00000   61  482  541.00000  407.00000  24.8%   2.8 1645s
 6631608  2395  407.00000   59  477  541.00000  407.00000  24.8%   2.8 1650s
 6654088  2139  407.00000   62  472  541.00000  407.00000  24.8%   2.8 1655s
 6676665  1919 infeasible   49       541.00000  407.00000  24.8%   2.9 1660s
 6699943  1900  407.00000   59  481  541.00000  407.00000  24.8%   2.9 1665s
 6723630  1536 infeasible   63       541.00000  407.00000  24.8%   2.9 1670s
 6746474  1563  407.00000   41  435  541.00000  407.00000  24.8%   2.9 1675s
 6768110  1444  407.00000   63  362  541.00000  407.00000  24.8%   2.9 1680s
 6789265  1530 infeasible  107       541.00000  407.00000  24.8%   2.9 1685s
 6816319  1336  407.00000   46  427  541.00000  407.00000  24.8%   2.9 1690s
 6838605  1350  407.00000   55  338  541.00000  407.00000  24.8%   2.9 1695s
 6862854  1356 infeasible  103       541.00000  407.00000  24.8%   2.9 1700s
 6887820  1180  407.00000   52  353  541.00000  407.00000  24.8%   2.9 1705s
 6911086  1337 infeasible   68       541.00000  407.00000  24.8%   2.9 1710s
 6934707  1057  407.00000   59  331  541.00000  407.00000  24.8%   2.9 1715s
 6953306  1253  407.00000   53  590  541.00000  407.00000  24.8%   2.9 1720s
 6974128   842  407.00000   52  346  541.00000  407.00000  24.8%   2.9 1725s
 6995368  1358  407.00000   61  397  541.00000  407.00000  24.8%   2.9 1730s
 7017910   833 infeasible   49       541.00000  407.00000  24.8%   2.9 1735s
 7038409   711  407.00000   58  426  541.00000  407.00000  24.8%   2.9 1740s
 7059689   949 infeasible  105       541.00000  407.00000  24.8%   2.9 1745s
 7078107   695 infeasible   45       541.00000  407.00000  24.8%   2.9 1750s
 7094507   839 infeasible   99       541.00000  407.00000  24.8%   2.9 1755s
 7117458   536  407.00000   57  424  541.00000  407.00000  24.8%   2.9 1760s
 7139073   555  407.00000   88  503  541.00000  407.00000  24.8%   2.9 1765s
 7160785  1948  407.00000   60  472  541.00000  407.00000  24.8%   2.9 1770s
 7183400  1862  407.00000   66  447  541.00000  407.00000  24.8%   2.9 1775s
 7205826  1660 infeasible   58       541.00000  407.00000  24.8%   2.9 1780s
 7228488  1464  407.00000   62  467  541.00000  407.00000  24.8%   2.9 1785s
 7250959  1422 infeasible   54       541.00000  407.00000  24.8%   2.9 1790s
 7273786   898 infeasible   69       541.00000  407.00000  24.8%   2.9 1795s
 7296364   775 infeasible   84       541.00000  407.00000  24.8%   2.9 1800s

Explored 7296784 nodes (21058349 simplex iterations) in 1800.01 seconds (1511.46 work units)
Thread count was 8 (of 8 available processors)

Solution count 1: 541 

Time limit reached
Best objective 5.410000000000e+02, best bound 4.070000000000e+02, gap 24.7689%
! --------------------------------------------------------
! Status: FEASIBLE (time limit reached)
! Best span = 541
! Labeling: 406 541 1 271 271 406 271 541 406 406 1 406 1 406 1 1 136 1 541 541 406 1 541 271 271 1 1 406 271 541 136 1 271 136 1 406 271 1 136 271 406 271 406 541 541 1 406 136 406 541 406 271 406 271 136 1 271 1 136 1 406 541 541 406 1 541 1 541 1 406 136 406 136 541 406 271 406 271 541 136 541 1 406 271 136 271 271 406 406 1 271 406 136 406 136 406 541 406 541 1 541 136 541 406 136 541 136 271 541 541 406 271 136 406 136 541 406 136 406 271 271 406 406 271 1 406 1 1 541 271 136 136 271 406 1 271 1 541 136 136 271 406 406 136 406 541 1 136 406 136 1 541 271 136 406 271 1 271 541 1 1 136 541 136 136 406 1 1 406 1 271 136 136 271 271 271 136 1 136 136 136 271 1 406 1 136 406 136 406 1 541 1 1 271 1 271 1 541 136 1 136 541 1 136 271 541 541 271 136 406 1 541 406 136 406 271 1 541 1 541 1 541 406 271 136 541 1 1 541 271 541 136 271 136 1 136 541 136 541 136 136 136 541 271 406 1 541 136 1 1 541 1 1 541 541 271 541 406 541 136 271 406 1 541 136 406 541 271 1 271 271 541 1 271 271 406 541 541 136 541 541 541 541 1 271 271 136 271 406 136 1 136 406 406 406 271 1 1 136 271 136 1 136 271 136 136 1 271 406 1 541 136 1 406 136 406 1 271 136 541 271 271 406 271 136 541 271 271 406 271 541 406 1 406 136 406 271 406 136 136 406 136 271 541 271 1 136 1 136 271 136 541 271 541 271 406 541 406 136 271 136 541 541 541 271 136 136 1 271 136 1 271 136 541 136 541 541 541 406 136 271 1 406 136 541 406 541 406 271 406 1 406 271 406 406 1 271 271 271 271 406 136 271 406 541 271 136 136 1 1 1 406 136 1 406 541 541 271 136 406 1 136 541 406 271 271 271 136 1 1 1 541 406 136 541 406 541 1 1 136 541 1 271 1 136 
! --------------------------------------------------------
! All verification passed
