! Solving for graph /home/truongxuanhieu/Gurobi-for-MinSpanLabeling/benchmarks/abp/R-dwt__503.mtx.rnd
! Target value is set to 94
! Lower bound is set to 95
! Upper bound is set to 755
! Time limit is set to 1800
! Vertices mode is set to Has hole
! Target value mode is set to Antibandwidth
Set parameter WLSAccessID
Set parameter WLSSecret
Set parameter LicenseID to value 2663665
Academic license 2663665 - for non-commercial use only - registered to tu___@vnu.edu.vn
Set parameter OutputFlag to value 1
Set parameter TimeLimit to value 1800
Gurobi Optimizer version 13.0.2 build v13.0.2rc1 (linux64 - "Debian GNU/Linux 12 (bookworm)")

CPU model: AMD EPYC 7B12, instruction set [SSE2|AVX|AVX2]
Thread count: 4 physical cores, 8 logical processors, using up to 8 threads

Non-default parameters:
TimeLimit  1800

Academic license 2663665 - for non-commercial use only - registered to tu___@vnu.edu.vn
Optimize a model with 5527 rows, 386296 columns and 12055 nonzeros (Min)
Model fingerprint: 0x67e86be3
Model has 1 linear objective coefficients
Model has 3768 simple general constraints
  2762 ABS, 1006 INDICATOR
Variable types: 0 continuous, 386296 integer (380268 binary)
Coefficient statistics:
  Matrix range     [1e+00, 1e+00]
  Objective range  [1e+00, 1e+00]
  Bounds range     [1e+00, 8e+02]
  RHS range        [1e+00, 4e+02]
  GenCon rhs range [1e+00, 1e+00]
  GenCon coe range [1e+00, 1e+00]

Presolve added 6784 rows and 0 columns
Presolve removed 0 rows and 371726 columns
Presolve time: 0.09s
Presolved: 12311 rows, 14570 columns, 34415 nonzeros
Presolved model has 2762 SOS constraint(s)
Variable types: 0 continuous, 14570 integer (2012 binary)
Performing another presolve...
Presolve removed 5277 rows and 5277 columns
Presolve time: 0.06s

Root relaxation: objective 9.500000e+01, 6338 iterations, 0.03 seconds (0.03 work units)

    Nodes    |    Current Node    |     Objective Bounds      |     Work
 Expl Unexpl |  Obj  Depth IntInf | Incumbent    BestBd   Gap | It/Node Time

     0     0   95.00000    0 1780          -   95.00000      -     -    0s
     0     0   95.00000    0 1780          -   95.00000      -     -    0s
     0     2   95.00000    0 1780          -   95.00000      -     -    0s
  3816  3551  189.00000   35 1652          -   95.00000      -  11.2    5s
H 7932  3495                     753.0000000   95.00000  87.4%   9.5    8s
  9121  4233  471.00000  226 1290  753.00000   95.00000  87.4%   9.0   10s
 15771  9240  565.00000  352  998  753.00000  189.00000  74.9%   7.8   15s
 18000 11142  283.00000   44 1695  753.00000  189.00000  74.9%   7.5   20s
 20757 16827  471.00000  336 1055  753.00000  189.00000  74.9%   7.2   25s
 31960 23512  565.00000  322 1061  753.00000  189.00000  74.9%   6.6   30s
 41746 31527  471.00000  142 1443  753.00000  189.00000  74.9%   6.2   35s
 52086 40387  378.00000   69 1566  753.00000  189.00000  74.9%   5.8   40s
 62256 48937  660.00000  509  733  753.00000  189.00000  74.9%   5.6   45s
 72230 57380  659.00000  555  654  753.00000  189.00000  74.9%   5.6   50s
 81600 65167  565.00000  280 1188  753.00000  189.00000  74.9%   5.5   55s
 92387 73385  659.00000  479  811  753.00000  189.00000  74.9%   5.4   60s
 100608 80304  565.00000  546  687  753.00000  189.00000  74.9%   5.3   65s
 109815 88437  471.00000  321 1090  753.00000  189.00000  74.9%   5.3   70s
 118270 95652  284.00000   36 1638  753.00000  189.00000  74.9%   5.3   75s
 127475 103504  659.00000  522  720  753.00000  189.00000  74.9%   5.3   80s
 137171 111425  659.00000  241 1294  753.00000  189.00000  74.9%   5.3   85s
 146878 118667  471.00000  161 1414  753.00000  189.00000  74.9%   5.2   90s
 156024 126311  659.00000  263 1229  753.00000  189.00000  74.9%   5.2   95s
 164952 133653  659.00000  576  660  753.00000  189.00000  74.9%   5.2  100s
 172575 139614  660.00000  251 1255  753.00000  189.00000  74.9%   5.2  105s
 181387 147367 infeasible  551       753.00000  189.00000  74.9%   5.2  110s
 190308 155025  565.00000  482  803  753.00000  189.00000  74.9%   5.2  115s
 199245 162582  471.00000  228 1285  753.00000  189.00000  74.9%   5.2  120s
 210330 171243 infeasible  596       753.00000  189.00000  74.9%   5.1  125s
 220119 179904  660.00000   44 1641  753.00000  189.00000  74.9%   5.1  130s
 230289 188039  471.00000  169 1439  753.00000  189.00000  74.9%   5.1  135s
 239271 195287 infeasible  467       753.00000  189.00000  74.9%   5.1  140s
 249541 203355  471.00000  371  992  753.00000  189.00000  74.9%   5.1  145s
 260276 211834  471.00000  348 1041  753.00000  189.00000  74.9%   5.1  150s
 271123 220894  378.00000  189 1326  753.00000  189.00000  74.9%   5.1  155s
 281224 229450  660.00000  374  979  753.00000  189.00000  74.9%   5.1  160s
 293372 237728  471.00000   69 1591  753.00000  189.00000  74.9%   5.0  165s
 301762 244865  660.00000   61 1569  753.00000  189.00000  74.9%   5.0  170s
 310223 252075  659.00000  403  925  753.00000  189.00000  74.9%   5.0  175s
 320227 260722  471.00000  235 1233  753.00000  189.00000  74.9%   5.0  180s
 330189 269031  659.00000  247 1201  753.00000  189.00000  74.9%   5.0  185s
 339987 277078  471.00000  341 1075  753.00000  189.00000  74.9%   5.0  190s
 349968 285279  377.00000  155 1409  753.00000  189.00000  74.9%   5.0  195s
 358362 292998  472.00000  351 1045  753.00000  189.00000  74.9%   5.0  200s
 370725 302751  660.00000  107 1467  753.00000  189.00000  74.9%   5.0  205s
 381427 311768  471.00000  205 1340  753.00000  189.00000  74.9%   5.0  210s
 392895 320734  660.00000   94 1559  753.00000  189.00000  74.9%   5.0  215s
 403504 329690  659.00000  298 1128  753.00000  189.00000  74.9%   5.0  220s
 412872 337576  659.00000  591  632  753.00000  189.00000  74.9%   5.0  225s
 420292 344096 infeasible  217       753.00000  189.00000  74.9%   5.0  230s
 431346 353146  659.00000  367  999  753.00000  189.00000  74.9%   5.0  235s
 441139 361612  471.00000  338 1071  753.00000  189.00000  74.9%   5.0  240s
 449536 369204  659.00000  491  687  753.00000  189.00000  74.9%   5.0  245s
 459775 377529  377.00000  320 1076  753.00000  189.00000  74.9%   5.0  250s
 469035 385775  660.00000  222 1286  753.00000  189.00000  74.9%   5.0  255s
 478312 393802  660.00000  348  921  753.00000  189.00000  74.9%   5.0  260s
 489930 402920  659.00000  274 1090  753.00000  189.00000  74.9%   5.0  265s
 500363 411939  471.00000  314 1091  753.00000  189.00000  74.9%   5.0  270s
 510134 420049  471.00000  245 1210  753.00000  189.00000  74.9%   5.0  275s
 517299 426259  659.00000  428  937  753.00000  189.00000  74.9%   5.0  280s
 526358 434124  471.00000  302 1104  753.00000  189.00000  74.9%   5.0  285s
 537022 443131  659.00000  147 1439  753.00000  189.00000  74.9%   5.0  290s
 547955 452500  283.00000   75 1595  753.00000  189.00000  74.9%   5.0  295s
 559241 461792  659.00000  363  990  753.00000  189.00000  74.9%   5.0  300s
 569488 470917  660.00000  385  959  753.00000  189.00000  74.9%   5.0  305s
 580919 480444  566.00000  236 1266  753.00000  189.00000  74.9%   5.0  310s
 592119 489709  659.00000  114 1506  753.00000  189.00000  74.9%   5.0  315s
 603361 499026  471.00000  227 1312  753.00000  189.00000  74.9%   5.0  320s
 614106 508288  189.00000   33 1708  753.00000  189.00000  74.9%   5.0  325s
 624655 517284  377.00000   82 1612  753.00000  189.00000  74.9%   5.0  330s
 635603 526412 infeasible  586       753.00000  189.00000  74.9%   5.0  335s
 644207 534198  471.00000  380  973  753.00000  189.00000  74.9%   5.0  340s
 653113 541981  377.00000   85 1565  753.00000  189.00000  74.9%   5.0  345s
 664015 551163 infeasible  165       753.00000  189.00000  74.9%   5.0  350s
 668652 555377  659.00000  309  996  753.00000  189.00000  74.9%   5.0  355s
 679197 563915  660.00000  172 1260  753.00000  189.00000  74.9%   5.0  360s
 689645 572850  471.00000  197 1375  753.00000  189.00000  74.9%   5.0  365s
 700244 581935  659.00000   87 1499  753.00000  189.00000  74.9%   5.0  370s
 712504 592126  659.00000  173 1290  753.00000  189.00000  74.9%   5.0  375s
 724881 602245  660.00000   69 1540  753.00000  189.00000  74.9%   5.0  380s
 735368 610775  659.00000  250 1190  753.00000  189.00000  74.9%   5.0  385s
 746302 620313  660.00000  425  902  753.00000  189.00000  74.9%   5.0  390s
 757695 629506  565.00000  328 1039  753.00000  189.00000  74.9%   5.0  395s
 769210 638064  377.00000   34 1683  753.00000  189.00000  74.9%   5.0  400s
 779331 647262  659.00000  524  660  753.00000  189.00000  74.9%   5.0  405s
 790745 656793  471.00000   72 1580  753.00000  189.00000  74.9%   5.0  410s
 801199 666121  659.00000  459  789  753.00000  189.00000  74.9%   5.0  415s
 812819 675581  377.00000   40 1679  753.00000  189.00000  74.9%   5.0  420s
 823503 684487  659.00000  442  885  753.00000  189.00000  74.9%   5.0  425s
 834280 694305  659.00000   42 1701  753.00000  189.00000  74.9%   5.0  430s
 846603 703152  471.00000  182 1386  753.00000  189.00000  74.9%   5.0  435s
 857387 712462  659.00000   43 1683  753.00000  189.00000  74.9%   5.0  440s
 867003 720778  471.00000  161 1399  753.00000  189.00000  74.9%   5.0  445s
 877075 729323  659.00000  413  912  753.00000  189.00000  74.9%   5.0  450s
 887162 737884  660.00000   59 1602  753.00000  189.00000  74.9%   5.0  455s
 897117 746661  471.00000  289 1156  753.00000  189.00000  74.9%   5.0  460s
 907793 756077  660.00000   97 1470  753.00000  189.00000  74.9%   5.0  465s
 919206 765641  283.00000   40 1695  753.00000  189.00000  74.9%   5.0  470s
 930182 774802  471.00000   74 1593  753.00000  189.00000  74.9%   5.0  475s
 940237 783794  471.00000  234 1296  753.00000  189.00000  74.9%   5.0  480s
 948440 791081  660.00000  151 1407  753.00000  189.00000  74.9%   5.0  485s
 958008 799572  660.00000  335 1024  753.00000  189.00000  74.9%   5.0  490s
 968024 808087 infeasible  509       753.00000  189.00000  74.9%   5.0  495s
 978372 816407  660.00000  218 1224  753.00000  189.00000  74.9%   5.0  500s
 989027 826293  471.00000  222 1328  753.00000  189.00000  74.9%   5.0  505s
 999461 834758  472.00000   31 1691  753.00000  189.00000  74.9%   5.0  510s
 1011388 844223  565.00000  197 1369  753.00000  189.00000  74.9%   5.0  515s
 1021055 853005  660.00000  189 1274  753.00000  189.00000  74.9%   5.0  520s
 1031055 861818  471.00000  150 1475  753.00000  189.00000  74.9%   5.0  525s
 1035503 865574  659.00000   48 1642  753.00000  189.00000  74.9%   5.0  530s
 1045418 874352  565.00000  227 1304  753.00000  189.00000  74.9%   5.0  535s
 1053238 880804 infeasible  249       753.00000  189.00000  74.9%   5.0  540s
 1060633 887327  283.00000   45 1608  753.00000  189.00000  74.9%   5.0  545s
 1067434 893399  566.00000  112 1519  753.00000  189.00000  74.9%   5.0  550s
 1077327 901596  377.00000   41 1673  753.00000  189.00000  74.9%   5.0  555s
 1088820 911397  471.00000  158 1406  753.00000  189.00000  74.9%   5.0  560s
 1099163 920697  471.00000  191 1400  753.00000  189.00000  74.9%   5.0  565s
 1108471 929128  471.00000  143 1426  753.00000  189.00000  74.9%   5.0  570s
 1119296 938468  377.00000  141 1441  753.00000  189.00000  74.9%   5.0  575s
 1128986 947142  659.00000  350 1020  753.00000  189.00000  74.9%   5.0  580s
 1138888 955950  659.00000  120 1405  753.00000  189.00000  74.9%   5.0  585s
 1148443 964672  659.00000   48 1614  753.00000  189.00000  74.9%   5.0  590s
 1159226 973887  659.00000  546  687  753.00000  189.00000  74.9%   4.9  595s
 1170071 983378  659.00000  184 1298  753.00000  189.00000  74.9%   4.9  600s
 1180154 991880  471.00000  282 1150  753.00000  189.00000  74.9%   4.9  605s
 1187433 998275  660.00000   64 1612  753.00000  189.00000  74.9%   4.9  610s
 1198557 1007452  472.00000   72 1555  753.00000  189.00000  74.9%   4.9  615s
 1208659 1016484  659.00000  138 1398  753.00000  189.00000  74.9%   4.9  620s
 1220776 1026547  377.00000  229 1283  753.00000  189.00000  74.9%   4.9  625s
 1231429 1036169  660.00000  135 1341  753.00000  189.00000  74.9%   4.9  630s
 1241558 1045120  659.00000  390  893  753.00000  189.00000  74.9%   4.9  635s
 1251734 1054188  565.00000  362 1005  753.00000  189.00000  74.9%   4.9  640s
 1261990 1063147  471.00000  288 1164  753.00000  189.00000  74.9%   4.9  645s
 1272862 1071909  659.00000   72 1561  753.00000  189.00000  74.9%   4.9  650s
 1283086 1080700  377.00000  312 1093  753.00000  189.00000  74.9%   4.9  655s
 1293824 1089920  659.00000  463  808  753.00000  189.00000  74.9%   4.9  660s
 1303645 1098864  377.00000  304 1082  753.00000  189.00000  74.9%   4.9  665s
 1315915 1109032  472.00000   84 1569  753.00000  189.00000  74.9%   4.9  670s
 1326007 1118064  660.00000  221 1109  753.00000  189.00000  74.9%   4.9  675s
 1335991 1126280  377.00000  270 1173  753.00000  189.00000  74.9%   4.9  680s
 1345020 1134124  471.00000  260 1194  753.00000  189.00000  74.9%   4.9  685s
 1353917 1142132  660.00000  486  823  753.00000  189.00000  74.9%   4.9  690s
 1364604 1151469  565.00000  314 1093  753.00000  189.00000  74.9%   4.9  695s
 1374124 1160121  660.00000  125 1471  753.00000  189.00000  74.9%   4.9  700s
 1382785 1167082  659.00000  550  665  753.00000  189.00000  74.9%   4.9  705s
 1392288 1175461 infeasible  241       753.00000  189.00000  74.9%   4.9  710s
 1402568 1184324  472.00000  298 1139  753.00000  189.00000  74.9%   4.9  715s
 1412956 1193096  284.00000   28 1691  753.00000  189.00000  74.9%   4.9  720s
 1422476 1201557  659.00000  216 1222  753.00000  189.00000  74.9%   4.9  725s
 1432060 1209861  565.00000  396  955  753.00000  189.00000  74.9%   4.9  730s
 1442911 1219190 infeasible  293       753.00000  189.00000  74.9%   4.9  735s
 1450534 1225949  660.00000  317  666  753.00000  189.00000  74.9%   5.0  740s
 1460922 1235019  659.00000  486  707  753.00000  189.00000  74.9%   5.0  745s
 1471363 1243887  660.00000  222 1235  753.00000  189.00000  74.9%   5.0  750s
 1480894 1252529  377.00000  265 1186  753.00000  189.00000  74.9%   5.0  755s
 1490344 1260766  659.00000   47 1581  753.00000  189.00000  74.9%   5.0  760s
 1501460 1269908  377.00000   66 1631  753.00000  189.00000  74.9%   5.0  765s
 1513444 1279917  377.00000  145 1472  753.00000  189.00000  74.9%   5.0  770s
 1522840 1288667  659.00000  497  753  753.00000  189.00000  74.9%   5.0  775s
 1534450 1298659  659.00000  348 1008  753.00000  189.00000  74.9%   5.0  780s
 1544624 1307798  471.00000  103 1553  753.00000  189.00000  74.9%   5.0  785s
 1555615 1317487  660.00000  218 1216  753.00000  189.00000  74.9%   5.0  790s
 1565597 1326373  659.00000  583  638  753.00000  189.00000  74.9%   5.0  795s
 1575926 1335336  471.00000  315 1103  753.00000  189.00000  74.9%   5.0  800s
 1586356 1344367  659.00000  541  689  753.00000  189.00000  74.9%   5.0  805s
 1594948 1351718  377.00000  176 1411  753.00000  189.00000  74.9%   5.0  810s
 1604867 1360411  659.00000  238 1147  753.00000  189.00000  74.9%   5.0  815s
 1615179 1369351  659.00000  379  987  753.00000  189.00000  74.9%   5.0  820s
 1624465 1377474  659.00000  526  702  753.00000  189.00000  74.9%   5.0  825s
 1634940 1386808  377.00000  178 1397  753.00000  189.00000  74.9%   5.0  830s
 1645732 1395911  283.00000   44 1709  753.00000  189.00000  74.9%   5.0  835s
 1655699 1404825  659.00000  488  777  753.00000  189.00000  74.9%   5.0  840s
 1666246 1413913  471.00000  136 1474  753.00000  189.00000  74.9%   5.0  845s
 1675333 1422036 infeasible  194       753.00000  189.00000  74.9%   5.0  850s
 1686341 1431641  659.00000  414  909  753.00000  189.00000  74.9%   5.0  855s
 1696695 1440490  471.00000  118 1514  753.00000  189.00000  74.9%   5.0  860s
 1705712 1448469  565.00000   49 1653  753.00000  189.00000  74.9%   5.0  865s
 1715963 1457334  471.00000  288 1148  753.00000  189.00000  74.9%   5.0  870s
 1726205 1466515  377.00000  173 1423  753.00000  189.00000  74.9%   5.0  875s
 1734658 1474213  660.00000  204 1218  753.00000  189.00000  74.9%   5.0  880s
 1745356 1483397  659.00000   61 1556  753.00000  189.00000  74.9%   5.0  885s
 1755655 1492260  471.00000  173 1418  753.00000  189.00000  74.9%   5.0  890s
 1763026 1498683 infeasible  419       753.00000  189.00000  74.9%   5.0  895s
 1770625 1505756  471.00000  216 1331  753.00000  189.00000  74.9%   5.0  900s
 1781340 1515310  659.00000  185 1290  753.00000  189.00000  74.9%   5.0  905s
 1791616 1524313 infeasible  533       753.00000  189.00000  74.9%   5.0  910s
 1801114 1532775  660.00000  140 1345  753.00000  189.00000  74.9%   5.0  915s
 1810947 1541377  660.00000  183 1335  753.00000  189.00000  74.9%   5.0  920s
 1821475 1550773  471.00000   72 1550  753.00000  189.00000  74.9%   5.0  925s
 1831742 1559815 infeasible  256       753.00000  189.00000  74.9%   5.0  930s
 1841641 1568593  284.00000   48 1619  753.00000  189.00000  74.9%   5.0  935s
 1850198 1575934  565.00000  183 1401  753.00000  189.00000  74.9%   5.0  940s
 1858794 1583775  659.00000   58 1640  753.00000  189.00000  74.9%   5.0  945s
 1867835 1591919  377.00000  216 1268  753.00000  189.00000  74.9%   5.0  950s
 1877743 1600340 infeasible  546       753.00000  189.00000  74.9%   5.0  955s
 1888511 1609129  472.00000  193 1374  753.00000  189.00000  74.9%   5.0  960s
 1899288 1618858  659.00000  128 1415  753.00000  189.00000  74.9%   5.0  965s
 1908487 1627415  659.00000  114 1440  753.00000  189.00000  74.9%   5.0  970s
 1918293 1636265  659.00000  424  884  753.00000  189.00000  74.9%   5.0  975s
 1928132 1644767  377.00000  154 1415  753.00000  189.00000  74.9%   5.0  980s
 1938216 1652991  565.00000  352  999  753.00000  189.00000  74.9%   5.0  985s
 1946229 1660482  284.00000   45 1601  753.00000  189.00000  74.9%   5.0  990s
 1955816 1668990  659.00000  368 1013  753.00000  189.00000  74.9%   5.0  995s
 1965719 1677774  471.00000   90 1525  753.00000  189.00000  74.9%   5.0 1000s
 1976840 1687063  471.00000  327 1073  753.00000  189.00000  74.9%   5.0 1005s
 1987012 1695769  377.00000   76 1559  753.00000  189.00000  74.9%   5.0 1010s
 1997489 1705313  659.00000  210 1152  753.00000  189.00000  74.9%   5.0 1015s
 2007762 1714543 infeasible  348       753.00000  189.00000  74.9%   5.0 1020s
 2018427 1724142  659.00000  429  898  753.00000  189.00000  74.9%   5.0 1025s
 2028369 1733257  659.00000  486  765  753.00000  189.00000  74.9%   5.0 1030s
 2037274 1741186  659.00000  460  836  753.00000  189.00000  74.9%   5.0 1035s
 2047252 1749717  377.00000  275 1164  753.00000  189.00000  74.9%   5.0 1040s
 2056498 1757999  659.00000  472  723  753.00000  189.00000  74.9%   5.0 1045s
 2066617 1766360  659.00000  117 1480  753.00000  189.00000  74.9%   5.0 1050s
 2076692 1775190  471.00000  275 1156  753.00000  189.00000  74.9%   5.0 1055s
 2086941 1784138  471.00000  317 1098  753.00000  189.00000  74.9%   5.0 1060s
 2096837 1792951  659.00000  163 1231  753.00000  189.00000  74.9%   5.0 1065s
 2105933 1801334  377.00000   69 1547  753.00000  189.00000  74.9%   5.0 1070s
 2114929 1808444  471.00000  173 1391  753.00000  189.00000  74.9%   5.0 1075s
 2125015 1817538  659.00000  121 1579  753.00000  189.00000  74.9%   5.0 1080s
 2136286 1826519  471.00000  310 1108  753.00000  189.00000  74.9%   5.0 1085s
 2146486 1835233  660.00000  157 1300  753.00000  189.00000  74.9%   5.0 1090s
 2156444 1843638  471.00000   94 1522  753.00000  189.00000  74.9%   5.0 1095s
 2166500 1852660  471.00000  327 1053  753.00000  189.00000  74.9%   5.0 1100s
 2177980 1862107  660.00000  201 1256  753.00000  189.00000  74.9%   5.0 1105s
 2187551 1870363  660.00000  242 1107  753.00000  189.00000  74.9%   5.0 1110s
 2197974 1879608  565.00000  356 1020  753.00000  189.00000  74.9%   5.0 1115s
 2207625 1887854 infeasible   79       753.00000  189.00000  74.9%   5.0 1120s
 2218217 1896816  377.00000  153 1454  753.00000  189.00000  74.9%   5.0 1125s
 2227578 1905005  659.00000  453  810  753.00000  189.00000  74.9%   5.0 1130s
 2238730 1914538 infeasible   52       753.00000  189.00000  74.9%   5.0 1135s
 2248762 1922933  659.00000  169 1295  753.00000  189.00000  74.9%   5.0 1140s
 2256619 1929670  660.00000   94 1493  753.00000  189.00000  74.9%   5.0 1145s
 2263989 1935524  471.00000  254 1199  753.00000  189.00000  74.9%   5.0 1150s
 2273107 1943579  377.00000  336 1030  753.00000  189.00000  74.9%   5.0 1155s
 2284262 1952493  472.00000  208 1343  753.00000  189.00000  74.9%   5.0 1160s
 2294571 1961295  660.00000  214 1026  753.00000  189.00000  74.9%   5.0 1165s
 2305114 1970730  659.00000  366  833  753.00000  189.00000  74.9%   5.0 1170s
 2314681 1979190  377.00000   70 1562  753.00000  189.00000  74.9%   5.0 1175s
 2325486 1988286  283.00000   57 1588  753.00000  189.00000  74.9%   5.0 1180s
 2335784 1996493  377.00000  278 1200  753.00000  189.00000  74.9%   5.0 1185s
 2346272 2005947  377.00000  194 1341  753.00000  189.00000  74.9%   5.0 1190s
 2358031 2014996  659.00000  136 1406  753.00000  189.00000  74.9%   5.0 1195s
 2367836 2023625  471.00000  340 1022  753.00000  189.00000  74.9%   5.0 1200s
 2378571 2032083  659.00000  279  813  753.00000  189.00000  74.9%   5.0 1205s
 2388970 2041223  377.00000  226 1298  753.00000  189.00000  74.9%   5.0 1210s
 2398618 2049527  471.00000  352 1050  753.00000  189.00000  74.9%   5.0 1215s
 2409759 2058094  472.00000   82 1603  753.00000  189.00000  74.9%   5.0 1220s
 2418699 2066300  659.00000  244 1102  753.00000  189.00000  74.9%   5.0 1225s
 2426804 2073355  565.00000  402  932  753.00000  189.00000  74.9%   5.0 1230s
 2435551 2081251  471.00000  270 1169  753.00000  189.00000  74.9%   5.0 1235s
 2446480 2090887  660.00000  172 1371  753.00000  189.00000  74.9%   5.0 1240s
 2455345 2098710  659.00000  442  878  753.00000  189.00000  74.9%   5.0 1245s
 2466364 2108345  659.00000  138 1360  753.00000  189.00000  74.9%   5.0 1250s
 2477422 2117704  377.00000  170 1389  753.00000  189.00000  74.9%   5.0 1255s
 2488837 2126881  471.00000   95 1582  753.00000  189.00000  74.9%   5.0 1260s
 2498868 2136099  471.00000   88 1537  753.00000  189.00000  74.9%   5.0 1265s
 2509577 2145081  565.00000  404  933  753.00000  189.00000  74.9%   5.0 1270s
 2520253 2154375  472.00000  312 1100  753.00000  189.00000  74.9%   5.0 1275s
 2532149 2163125  565.00000  336 1062  753.00000  189.00000  74.9%   5.0 1280s
 2541995 2171769  377.00000  158 1473  753.00000  189.00000  74.9%   5.0 1285s
 2551694 2180836  660.00000  316  796  753.00000  189.00000  74.9%   5.0 1290s
 2561526 2188948  378.00000  228 1256  753.00000  189.00000  74.9%   5.0 1295s
 2570446 2196961  659.00000  443  853  753.00000  189.00000  74.9%   5.0 1300s
 2577324 2203242  660.00000  567  671  753.00000  189.00000  74.9%   5.0 1305s
 2588230 2212175  471.00000  113 1506  753.00000  189.00000  74.9%   5.0 1310s
 2598162 2221043  659.00000  446  837  753.00000  189.00000  74.9%   5.0 1315s
 2608277 2230068  471.00000  170 1406  753.00000  189.00000  74.9%   5.0 1320s
 2617793 2239100  565.00000  390  972  753.00000  189.00000  74.9%   5.0 1325s
 2627905 2248005  660.00000  315 1001  753.00000  189.00000  74.9%   5.0 1330s
 2637275 2255750  378.00000  221 1329  753.00000  189.00000  74.9%   5.0 1335s
 2647985 2265008  660.00000   92 1452  753.00000  189.00000  74.9%   5.0 1340s
 2659131 2273645  377.00000   47 1596  753.00000  189.00000  74.9%   5.0 1345s
 2669239 2282588  377.00000  148 1413  753.00000  189.00000  74.9%   5.0 1350s
 2679092 2291068  377.00000  122 1531  753.00000  189.00000  74.9%   5.0 1355s
 2687462 2298708  659.00000  351 1032  753.00000  189.00000  74.9%   5.0 1360s
 2696203 2305444  660.00000  328  663  753.00000  189.00000  74.9%   5.0 1365s
 2705310 2313320  660.00000   67 1621  753.00000  189.00000  74.9%   5.0 1370s
 2715042 2322215  377.00000  140 1454  753.00000  189.00000  74.9%   5.0 1375s
 2726265 2331573  284.00000   32 1682  753.00000  189.00000  74.9%   5.0 1380s
 2739070 2341712  565.00000   43 1659  753.00000  189.00000  74.9%   5.0 1385s
 2748416 2349650 infeasible  546       753.00000  189.00000  74.9%   5.0 1390s
 2759059 2358798  566.00000  435  884  753.00000  189.00000  74.9%   5.0 1395s
 2769528 2368242  659.00000  526  729  753.00000  189.00000  74.9%   5.0 1400s
 2778250 2375665  660.00000  228 1246  753.00000  189.00000  74.9%   5.0 1405s
 2788611 2384217  659.00000  528  714  753.00000  189.00000  74.9%   5.0 1410s
 2802117 2394448  659.00000  394  946  753.00000  189.00000  74.9%   5.0 1415s
 2813060 2403559  378.00000  233 1303  753.00000  189.00000  74.9%   5.0 1420s
 2823456 2412822  377.00000  333 1062  753.00000  189.00000  74.9%   5.0 1425s
 2832151 2420475  471.00000  196 1331  753.00000  189.00000  74.9%   5.0 1430s
 2844241 2430190  660.00000  127 1352  753.00000  189.00000  74.9%   5.0 1435s
 2854886 2439420  660.00000  120 1532  753.00000  189.00000  74.9%   5.0 1440s
 2864831 2448623  471.00000  277 1163  753.00000  189.00000  74.9%   5.0 1445s
 2875345 2457723  378.00000  288 1156  753.00000  189.00000  74.9%   5.0 1450s
 2885275 2466523  471.00000  154 1483  753.00000  189.00000  74.9%   5.0 1455s
 2895353 2475221 infeasible  218       753.00000  189.00000  74.9%   5.0 1460s
 2906464 2484811  659.00000   40 1691  753.00000  189.00000  74.9%   5.0 1465s
 2916512 2493914  377.00000  205 1351  753.00000  189.00000  74.9%   5.0 1470s
 2927561 2502842 infeasible  107       753.00000  189.00000  74.9%   5.0 1475s
 2937514 2511628  659.00000  137 1308  753.00000  189.00000  74.9%   5.0 1480s
 2947987 2520466  660.00000  370  732  753.00000  189.00000  74.9%   5.0 1485s
 2960086 2530546  660.00000  112 1382  753.00000  189.00000  74.9%   5.0 1490s
 2970638 2540096  659.00000  462  820  753.00000  189.00000  74.9%   5.0 1495s
 2981533 2549805  565.00000  265 1189  753.00000  189.00000  74.9%   5.0 1500s
 2989959 2556814  471.00000  292 1165  753.00000  189.00000  74.9%   5.0 1505s
 2999751 2565400  565.00000  318 1101  753.00000  189.00000  74.9%   5.0 1510s
 3010122 2574143 infeasible  221       753.00000  189.00000  74.9%   5.0 1515s
 3021498 2584010  659.00000  153 1419  753.00000  189.00000  74.9%   5.0 1520s
 3031514 2593012  378.00000  299 1114  753.00000  189.00000  74.9%   5.0 1525s
 3040368 2601035  377.00000  141 1483  753.00000  189.00000  74.9%   5.0 1530s
 3050524 2609867  659.00000  220 1194  753.00000  189.00000  74.9%   5.0 1535s
 3061227 2619626  659.00000  463  806  753.00000  189.00000  74.9%   5.0 1540s
 3070548 2627670  472.00000  209 1362  753.00000  189.00000  74.9%   5.0 1545s
 3075360 2632070  377.00000   94 1553  753.00000  189.00000  74.9%   5.0 1550s
 3082900 2639272  659.00000   73 1573  753.00000  189.00000  74.9%   5.0 1555s
 3091157 2646786  284.00000   35 1646  753.00000  189.00000  74.9%   5.0 1560s
 3101671 2655484  471.00000  329 1081  753.00000  189.00000  74.9%   5.0 1565s
 3111879 2664055  659.00000  255  913  753.00000  189.00000  74.9%   5.0 1570s
 3122993 2673602  471.00000  231 1278  753.00000  189.00000  74.9%   5.0 1575s
 3133343 2683226  660.00000  145 1414  753.00000  189.00000  74.9%   5.0 1580s
 3144146 2692530  660.00000  197 1254  753.00000  189.00000  74.9%   5.0 1585s
 3154637 2701649  660.00000  339  903  753.00000  189.00000  74.9%   5.0 1590s
 3165690 2710816  659.00000  534  672  753.00000  189.00000  74.9%   5.0 1595s
 3175705 2719328  377.00000  111 1460  753.00000  189.00000  74.9%   5.0 1600s
 3185908 2728392  659.00000   72 1583  753.00000  189.00000  74.9%   5.0 1605s
 3194987 2736441 infeasible  196       753.00000  189.00000  74.9%   5.0 1610s
 3203396 2743682  660.00000  156 1359  753.00000  189.00000  74.9%   5.0 1615s
 3212463 2751581  660.00000  213 1241  753.00000  189.00000  74.9%   5.0 1620s
 3222497 2760119  660.00000  138 1458  753.00000  189.00000  74.9%   5.0 1625s
 3233231 2768691  377.00000   53 1667  753.00000  189.00000  74.9%   5.0 1630s
 3242642 2776663  283.00000   47 1663  753.00000  189.00000  74.9%   5.0 1635s
 3252335 2784678  471.00000  134 1494  753.00000  189.00000  74.9%   5.0 1640s
 3262631 2793499  659.00000  162 1352  753.00000  189.00000  74.9%   5.0 1645s
 3270818 2800664  472.00000  118 1509  753.00000  189.00000  74.9%   5.0 1650s
 3280382 2809243  659.00000  232 1029  753.00000  189.00000  74.9%   5.0 1655s
 3288717 2816504 infeasible  197       753.00000  189.00000  74.9%   5.0 1660s
 3299440 2824678  471.00000  102 1510  753.00000  189.00000  74.9%   5.0 1665s
 3309843 2833769  378.00000  360 1008  753.00000  189.00000  74.9%   5.0 1670s
 3320293 2842659  471.00000  343 1045  753.00000  189.00000  74.9%   5.0 1675s
 3330990 2851396  659.00000  395  957  753.00000  189.00000  74.9%   5.0 1680s
 3341434 2860140  377.00000  178 1408  753.00000  189.00000  74.9%   5.0 1685s
 3351433 2868882  659.00000   84 1500  753.00000  189.00000  74.9%   5.0 1690s
 3361565 2877289  377.00000  163 1445  753.00000  189.00000  74.9%   5.0 1695s
 3371816 2886337  660.00000  214 1183  753.00000  189.00000  74.9%   5.0 1700s
 3382445 2895192  471.00000  203 1366  753.00000  189.00000  74.9%   5.0 1705s
 3392338 2903964  660.00000  104 1509  753.00000  189.00000  74.9%   5.0 1710s
 3403077 2912718  660.00000  239 1087  753.00000  189.00000  74.9%   5.0 1715s
 3413521 2921712  283.00000   47 1677  753.00000  189.00000  74.9%   5.0 1720s
 3421179 2928700  660.00000   33 1685  753.00000  189.00000  74.9%   5.0 1725s
 3429704 2936330  659.00000  205 1337  753.00000  189.00000  74.9%   5.0 1730s
 3439633 2944666  565.00000  346 1069  753.00000  189.00000  74.9%   5.0 1735s
 3447640 2951959  659.00000  513  696  753.00000  189.00000  74.9%   5.0 1740s
 3453720 2957193  659.00000  525  660  753.00000  189.00000  74.9%   5.0 1745s
 3460922 2963232  659.00000  261 1037  753.00000  189.00000  74.9%   5.0 1750s
 3470132 2971841  659.00000  379  984  753.00000  189.00000  74.9%   5.0 1755s
 3479616 2980019  565.00000   91 1613  753.00000  189.00000  74.9%   5.0 1760s
 3488937 2988480  565.00000  462  885  753.00000  189.00000  74.9%   5.0 1765s
 3498465 2996954  377.00000  317 1086  753.00000  189.00000  74.9%   5.0 1770s
 3506410 3004090  659.00000  486  756  753.00000  189.00000  74.9%   5.0 1775s
 3515366 3012098  471.00000   79 1547  753.00000  189.00000  74.9%   5.0 1780s
 3524748 3020070  377.00000  166 1404  753.00000  189.00000  74.9%   5.0 1785s
 3532413 3026782  659.00000  454  860  753.00000  189.00000  74.9%   5.0 1790s
 3542689 3035535  659.00000  441  883  753.00000  189.00000  74.9%   5.0 1795s
 3554104 3044223  660.00000  143 1394  753.00000  189.00000  74.9%   5.0 1800s

Explored 3554334 nodes (17714275 simplex iterations) in 1800.05 seconds (2676.38 work units)
Thread count was 8 (of 8 available processors)

Solution count 1: 753 

Time limit reached
Best objective 7.530000000000e+02, best bound 1.890000000000e+02, gap 74.9004%
! --------------------------------------------------------
! Status: FEASIBLE (time limit reached)
! Best span = 753
! Labeling: 377 1 1 283 189 1 377 95 189 95 283 377 189 377 1 95 1 471 471 1 1 565 1 1 471 1 189 377 1 1 471 95 471 753 95 95 95 1 283 471 1 189 283 189 189 1 1 95 95 659 377 95 377 189 753 189 1 189 189 753 1 95 95 189 189 189 189 95 283 95 471 1 189 283 377 95 565 189 95 471 753 189 95 1 189 189 659 1 659 95 1 189 189 753 189 189 95 283 283 283 1 1 283 1 659 1 95 659 95 1 189 189 1 377 1 95 1 189 95 377 377 95 565 377 283 1 565 95 283 189 189 753 283 283 283 95 377 95 1 189 95 189 189 1 659 283 377 189 1 1 95 565 1 189 189 377 1 1 283 95 565 753 1 283 377 565 283 471 189 1 659 283 189 95 659 189 565 189 283 95 377 95 95 471 95 95 1 377 283 189 471 471 1 95 659 1 283 283 189 377 1 189 189 95 95 1 377 377 1 189 189 377 471 1 189 753 377 283 283 753 1 1 283 1 95 189 377 377 283 283 1 95 189 471 377 95 283 95 565 95 283 377 1 659 1 189 1 471 283 189 1 471 189 189 1 95 189 189 377 95 283 189 95 471 283 753 659 189 565 283 1 95 95 283 659 95 565 471 565 1 283 1 471 283 283 1 377 95 659 283 471 1 377 471 283 189 283 659 377 471 565 1 659 95 753 1 1 1 189 189 283 283 1 753 377 95 283 283 95 659 471 753 565 189 189 753 283 189 283 565 471 283 377 753 377 565 377 1 377 95 1 377 565 283 95 377 377 283 95 189 377 565 377 377 189 471 471 95 95 471 565 659 471 565 377 1 471 95 95 659 565 471 471 189 471 283 95 95 189 95 565 471 377 659 283 283 565 189 1 283 1 659 565 565 471 283 471 283 95 95 189 659 377 1 189 95 471 1 659 377 189 283 1 377 753 377 471 189 471 189 283 377 471 283 471 659 565 95 377 377 377 377 283 565 95 95 95 753 283 95 283 95 189 283 95 283 753 377 753 95 471 283 377 565 283 377 753 565 95 471 95 377 471 377 471 95 95 95 95 283 471 189 283 1 283 95 753 753 377 753 189 283 659 753 753 283 471 377 1 1 753 471 95 659 471 189 565 753 1 189 1 283 189 
! --------------------------------------------------------
! All verification passed
