! Solving for graph /home/truongxuanhieu/Gurobi-for-MinSpanLabeling/benchmarks/abp/U-662_bus.mtx.rnd
! Target value is set to 330
! Lower bound is set to 331
! Upper bound is set to 993
! Time limit is set to 1800
! Vertices mode is set to Has hole
! Target value mode is set to Antibandwidth
Set parameter WLSAccessID
Set parameter WLSSecret
Set parameter LicenseID to value 2663665
Academic license 2663665 - for non-commercial use only - registered to tu___@vnu.edu.vn
Set parameter OutputFlag to value 1
Set parameter TimeLimit to value 1800
Gurobi Optimizer version 13.0.2 build v13.0.2rc1 (linux64 - "Debian GNU/Linux 12 (bookworm)")

CPU model: AMD EPYC 7B12, instruction set [SSE2|AVX|AVX2]
Thread count: 4 physical cores, 8 logical processors, using up to 8 threads

Non-default parameters:
TimeLimit  1800

Academic license 2663665 - for non-commercial use only - registered to tu___@vnu.edu.vn
Optimize a model with 1815 rows, 660503 columns and 4949 nonzeros (Min)
Model fingerprint: 0xedbdc9cb
Model has 1 linear objective coefficients
Model has 2230 simple general constraints
  906 ABS, 1324 INDICATOR
Variable types: 0 continuous, 660503 integer (658028 binary)
Coefficient statistics:
  Matrix range     [1e+00, 1e+00]
  Objective range  [1e+00, 1e+00]
  Bounds range     [1e+00, 1e+03]
  RHS range        [1e+00, 5e+02]
  GenCon rhs range [1e+00, 1e+00]
  GenCon coe range [1e+00, 1e+00]

Presolve added 6200 rows and 0 columns
Presolve removed 0 rows and 652244 columns
Presolve time: 0.13s
Presolved: 8015 rows, 8259 columns, 20732 nonzeros
Presolved model has 906 SOS constraint(s)
Variable types: 0 continuous, 8259 integer (2648 binary)
Found heuristic solution: objective 993.0000000
Found heuristic solution: objective 992.0000000
Performing another presolve...
Presolve removed 4216 rows and 4216 columns
Presolve time: 0.03s

Root relaxation: objective 3.310000e+02, 2458 iterations, 0.01 seconds (0.01 work units)

    Nodes    |    Current Node    |     Objective Bounds      |     Work
 Expl Unexpl |  Obj  Depth IntInf | Incumbent    BestBd   Gap | It/Node Time

     0     0  331.00000    0  617  992.00000  331.00000  66.6%     -    0s
H    0     0                     991.0000000  331.00000  66.6%     -    0s
     0     0  331.00000    0  613  991.00000  331.00000  66.6%     -    0s
     0     0  331.00000    0  613  991.00000  331.00000  66.6%     -    0s
     0     2  331.00000    0  613  991.00000  331.00000  66.6%     -    0s
 10663  8600  661.00000  295  124  991.00000  331.00000  66.6%   4.7    5s
 26056 23419  331.00000   31  596  991.00000  331.00000  66.6%   4.6   10s
 41016 37353  661.00000  331   56  991.00000  331.00000  66.6%   4.5   15s
 55819 51112  661.00000  180  347  991.00000  331.00000  66.6%   4.8   20s
 73722 67863  661.00000  351   21  991.00000  331.00000  66.6%   4.7   25s
 90542 83300  661.00000  212  297  991.00000  331.00000  66.6%   4.6   30s
 105779 98106  661.00000   98  468  991.00000  331.00000  66.6%   4.5   35s
 120884 111767  661.00000  226  250  991.00000  331.00000  66.6%   4.6   40s
 136161 125639  331.00000   56  533  991.00000  331.00000  66.6%   4.7   45s
 151803 140530  331.00000   49  551  991.00000  331.00000  66.6%   4.7   50s
 167403 154725  661.00000  302  103  991.00000  331.00000  66.6%   4.7   55s
 183877 169950  661.00000  290  125  991.00000  331.00000  66.6%   4.7   60s
 198452 184206  661.00000  211  298  991.00000  331.00000  66.6%   4.7   65s
 216318 200367 infeasible  320       991.00000  331.00000  66.6%   4.7   70s
 232660 215034  661.00000  167  361  991.00000  331.00000  66.6%   4.7   75s
 247037 228736  661.00000  200  308  991.00000  331.00000  66.6%   4.7   80s
 264213 244424  661.00000  341   31  991.00000  331.00000  66.6%   4.7   85s
 279204 258164  661.00000  127  434  991.00000  331.00000  66.6%   4.7   90s
 293846 271877  331.00000   81  507  991.00000  331.00000  66.6%   4.8   95s
 311816 287534  331.00000   44  572  991.00000  331.00000  66.6%   4.7  100s
 329371 303662  332.00000   79  509  991.00000  331.00000  66.6%   4.7  105s
 345390 317845  332.00000   75  522  991.00000  331.00000  66.6%   4.7  110s
 360023 332197  661.00000  197  304  991.00000  331.00000  66.6%   4.7  115s
 378868 349642  661.00000  183  341  991.00000  331.00000  66.6%   4.6  120s
 394342 364211  661.00000  210  299  991.00000  331.00000  66.6%   4.6  125s
 413059 380900  661.00000  250  179  991.00000  331.00000  66.6%   4.5  130s
 429883 396069  661.00000  328   73  991.00000  331.00000  66.6%   4.5  135s
 447740 412931  661.00000  218  269  991.00000  331.00000  66.6%   4.4  140s
 464436 428241  661.00000  357   24  991.00000  331.00000  66.6%   4.4  145s
 476577 439696  661.00000  314  100  991.00000  331.00000  66.6%   4.4  150s
 494072 455336  661.00000  114  425  991.00000  331.00000  66.6%   4.4  155s
 511153 470819  661.00000  167  359  991.00000  331.00000  66.6%   4.4  160s
 528523 486314  661.00000   80  494  991.00000  331.00000  66.6%   4.4  165s
 542886 500060  331.00000  101  449  991.00000  331.00000  66.6%   4.4  170s
 560357 516090 infeasible  356       991.00000  331.00000  66.6%   4.4  175s
 574040 528974  661.00000  217  277  991.00000  331.00000  66.6%   4.4  180s
 589703 543300  661.00000  123  424  991.00000  331.00000  66.6%   4.4  185s
 607182 559255 infeasible  213       991.00000  331.00000  66.6%   4.3  190s
 622709 573970  661.00000  323   76  991.00000  331.00000  66.6%   4.3  195s
 641492 590240  661.00000  144  383  991.00000  331.00000  66.6%   4.3  200s
 656829 605032  332.00000  113  437  991.00000  331.00000  66.6%   4.3  205s
 674766 621250  331.00000   76  510  991.00000  331.00000  66.6%   4.3  210s
 689815 635410  661.00000  177  351  991.00000  331.00000  66.6%   4.3  215s
 704352 648726  661.00000   65  517  991.00000  331.00000  66.6%   4.3  220s
 721505 664653  661.00000  117  426  991.00000  331.00000  66.6%   4.3  225s
 739873 681405  661.00000  159  373  991.00000  331.00000  66.6%   4.3  230s
 753533 694615  661.00000  115  436  991.00000  331.00000  66.6%   4.3  235s
 771499 710949  661.00000  263  152  991.00000  331.00000  66.6%   4.3  240s
 788747 726787  661.00000  150  392  991.00000  331.00000  66.6%   4.3  245s
 802783 739908 infeasible  346       991.00000  331.00000  66.6%   4.3  250s
 819873 755240  661.00000  100  465  991.00000  331.00000  66.6%   4.3  255s
 834667 769099  661.00000  141  397  991.00000  331.00000  66.6%   4.3  260s
 852832 785608  661.00000  156  371  991.00000  331.00000  66.6%   4.3  265s
 869175 800625  661.00000  296   95  991.00000  331.00000  66.6%   4.3  270s
 886392 816383  661.00000  210  286  991.00000  331.00000  66.6%   4.3  275s
 903583 832071  661.00000  158  375  991.00000  331.00000  66.6%   4.3  280s
 919849 846953  661.00000  187  331  991.00000  331.00000  66.6%   4.3  285s
 936277 861751  661.00000  133  423  991.00000  331.00000  66.6%   4.3  290s
 953575 878509  661.00000  129  416  991.00000  331.00000  66.6%   4.2  295s
 972693 896026  661.00000  207  296  991.00000  331.00000  66.6%   4.2  300s
 987642 909447  661.00000  235  249  991.00000  331.00000  66.6%   4.2  305s
 1001675 922080  661.00000  219  269  991.00000  331.00000  66.6%   4.2  310s
 1017765 937334  661.00000  116  419  991.00000  331.00000  66.6%   4.2  315s
 1036599 954834  661.00000  280  139  991.00000  331.00000  66.6%   4.2  320s
 1051157 968329  331.00000   84  488  991.00000  331.00000  66.6%   4.2  325s
 1068251 984175  661.00000  312   65  991.00000  331.00000  66.6%   4.2  330s
 1083742 998780  661.00000  220  231  991.00000  331.00000  66.6%   4.2  335s
 1100859 1014379  331.00000   88  480  991.00000  331.00000  66.6%   4.2  340s
 1117688 1029830  661.00000  271  159  991.00000  331.00000  66.6%   4.3  345s
 1134011 1045037  661.00000  154  375  991.00000  331.00000  66.6%   4.2  350s
 1150846 1060677  661.00000  113  441  991.00000  331.00000  66.6%   4.2  355s
 1165611 1074010  661.00000  191  327  991.00000  331.00000  66.6%   4.2  360s
 1182232 1089771  661.00000  141  389  991.00000  331.00000  66.6%   4.2  365s
 1195838 1101902  331.00000   98  483  991.00000  331.00000  66.6%   4.2  370s
 1213547 1118286 infeasible  261       991.00000  331.00000  66.6%   4.2  375s
 1230304 1133313  661.00000  309  113  991.00000  331.00000  66.6%   4.2  380s
 1245858 1148251  661.00000  266  155  991.00000  331.00000  66.6%   4.2  385s
 1261216 1161988  661.00000  153  381  991.00000  331.00000  66.6%   4.3  390s
 1275692 1175348  661.00000  350   33  991.00000  331.00000  66.6%   4.3  395s
 1290787 1189048  661.00000  340   38  991.00000  331.00000  66.6%   4.2  400s
 1307284 1204423  661.00000  232  227  991.00000  331.00000  66.6%   4.3  405s
 1322018 1217729  661.00000  132  421  991.00000  331.00000  66.6%   4.3  410s
 1338219 1232725  661.00000  226  227  991.00000  331.00000  66.6%   4.3  415s
 1350394 1244055  661.00000  262  163  991.00000  331.00000  66.6%   4.3  420s
 1367874 1259731  661.00000  159  380  991.00000  331.00000  66.6%   4.3  425s
 1381144 1272426  661.00000  283  151  991.00000  331.00000  66.6%   4.3  430s
 1395359 1284997  661.00000  256  170  991.00000  331.00000  66.6%   4.3  435s
 1414163 1302291  661.00000  117  434  991.00000  331.00000  66.6%   4.3  440s
 1431625 1318328  661.00000  165  382  991.00000  331.00000  66.6%   4.2  445s
 1447350 1332656  661.00000   91  458  991.00000  331.00000  66.6%   4.2  450s
 1464308 1348696  331.00000   81  513  991.00000  331.00000  66.6%   4.2  455s
 1479502 1362113  661.00000  338   38  991.00000  331.00000  66.6%   4.3  460s
 1496148 1377377  661.00000  223  240  991.00000  331.00000  66.6%   4.3  465s
 1511288 1391744  661.00000  151  393  991.00000  331.00000  66.6%   4.3  470s
 1528149 1407707  661.00000   87  477  991.00000  331.00000  66.6%   4.3  475s
 1543664 1421921  661.00000  342   38  991.00000  331.00000  66.6%   4.3  480s
 1563326 1439695  661.00000  145  409  991.00000  331.00000  66.6%   4.3  485s
 1577081 1452588  661.00000  227  272  991.00000  331.00000  66.6%   4.3  490s
 1594210 1468601 infeasible  355       991.00000  331.00000  66.6%   4.3  495s
 1609444 1482505  331.00000   80  515  991.00000  331.00000  66.6%   4.3  500s
 1628006 1499633  661.00000  153  377  991.00000  331.00000  66.6%   4.3  505s
 1641227 1511845  661.00000  128  425  991.00000  331.00000  66.6%   4.3  510s
 1656771 1526237  661.00000  207  288  991.00000  331.00000  66.6%   4.3  515s
 1670244 1538361  661.00000  134  407  991.00000  331.00000  66.6%   4.3  520s
 1682962 1550112  661.00000  150  376  991.00000  331.00000  66.6%   4.3  525s
 1701570 1567180  661.00000  175  343  991.00000  331.00000  66.6%   4.3  530s
 1717371 1582112  661.00000  190  330  991.00000  331.00000  66.6%   4.3  535s
 1734048 1597417  661.00000  342   18  991.00000  331.00000  66.6%   4.3  540s
 1753561 1614466  661.00000  165  359  991.00000  331.00000  66.6%   4.3  545s
 1769560 1629736  661.00000  124  429  991.00000  331.00000  66.6%   4.3  550s
 1788547 1647200  661.00000  210  281  991.00000  331.00000  66.6%   4.3  555s
 1804119 1661850  661.00000  244  226  991.00000  331.00000  66.6%   4.3  560s
 1823964 1679918  661.00000  131  417  991.00000  331.00000  66.6%   4.3  565s
 1841099 1695672  661.00000  147  388  991.00000  331.00000  66.6%   4.3  570s
 1854846 1708451  661.00000  182  344  991.00000  331.00000  66.6%   4.3  575s
 1872993 1725135  661.00000  337   41  991.00000  331.00000  66.6%   4.3  580s
 1891039 1741799  331.00000   83  507  991.00000  331.00000  66.6%   4.3  585s
 1906629 1756396  331.00000  116  451  991.00000  331.00000  66.6%   4.3  590s
 1924396 1772399  661.00000   94  470  991.00000  331.00000  66.6%   4.3  595s
 1942502 1788577  661.00000  186  329  991.00000  331.00000  66.6%   4.3  600s
 1958353 1803661  661.00000  310   89  991.00000  331.00000  66.6%   4.3  605s
 1973208 1816689  661.00000  222  272  991.00000  331.00000  66.6%   4.3  610s
 1990069 1832495  661.00000  117  457  991.00000  331.00000  66.6%   4.3  615s
 2009098 1849526  661.00000  234  226  991.00000  331.00000  66.6%   4.3  620s
 2023279 1862932  661.00000  313   88  991.00000  331.00000  66.6%   4.3  625s
 2041351 1879436  331.00000   73  525  991.00000  331.00000  66.6%   4.3  630s
 2057132 1894142  661.00000  300   97  991.00000  331.00000  66.6%   4.3  635s
 2073207 1908517  661.00000  339   40  991.00000  331.00000  66.6%   4.3  640s
 2090553 1924770  661.00000  204  299  991.00000  331.00000  66.6%   4.3  645s
 2108560 1941234  661.00000  325   78  991.00000  331.00000  66.6%   4.3  650s
 2121908 1953787  661.00000  299  118  991.00000  331.00000  66.6%   4.3  655s
 2139363 1969563  661.00000  145  389  991.00000  331.00000  66.6%   4.3  660s
 2157032 1985586 infeasible  274       991.00000  331.00000  66.6%   4.3  665s
 2171049 1998273  661.00000  143  389  991.00000  331.00000  66.6%   4.3  670s
 2183682 2010075  661.00000  237  232  991.00000  331.00000  66.6%   4.3  675s
 2201427 2025825  661.00000  286  124  991.00000  331.00000  66.6%   4.3  680s
 2218757 2041150 infeasible  355       991.00000  331.00000  66.6%   4.3  685s
 2234523 2055773  661.00000  238  230  991.00000  331.00000  66.6%   4.3  690s
 2249612 2070218  661.00000  150  401  991.00000  331.00000  66.6%   4.3  695s
 2267139 2085468  661.00000  168  363  991.00000  331.00000  66.6%   4.3  700s
 2280981 2098367  661.00000  300  122  991.00000  331.00000  66.6%   4.3  705s
 2298985 2114688  331.00000   90  483  991.00000  331.00000  66.6%   4.3  710s
 2313649 2127682  661.00000  197  309  991.00000  331.00000  66.6%   4.3  715s
 2329896 2142856  331.00000  107  452  991.00000  331.00000  66.6%   4.3  720s
 2347229 2158667  661.00000  306   94  991.00000  331.00000  66.6%   4.3  725s
 2360887 2171116  661.00000  132  419  991.00000  331.00000  66.6%   4.3  730s
 2378039 2186259  661.00000  130  444  991.00000  331.00000  66.6%   4.3  735s
 2393943 2200467  661.00000  323   68  991.00000  331.00000  66.6%   4.3  740s
 2410194 2215542  661.00000  101  460  991.00000  331.00000  66.6%   4.2  745s
 2425640 2229829  661.00000  114  453  991.00000  331.00000  66.6%   4.2  750s
 2440670 2243402  661.00000  150  377  991.00000  331.00000  66.6%   4.2  755s
 2456025 2256944  661.00000  344   32  991.00000  331.00000  66.6%   4.2  760s
 2469599 2269755  661.00000  225  255  991.00000  331.00000  66.6%   4.2  765s
 2480726 2279960  661.00000  350   31  991.00000  331.00000  66.6%   4.2  770s
 2498428 2295724  661.00000  160  387  991.00000  331.00000  66.6%   4.2  775s
 2514236 2310164  661.00000  180  356  991.00000  331.00000  66.6%   4.2  780s
 2528849 2323240  661.00000  123  436  991.00000  331.00000  66.6%   4.2  785s
 2544107 2337473  331.00000  107  460  991.00000  331.00000  66.6%   4.2  790s
 2554962 2347468  661.00000  162  374  991.00000  331.00000  66.6%   4.2  795s
 2568732 2360022  661.00000  302  102  991.00000  331.00000  66.6%   4.2  800s
 2583267 2373379  661.00000  336   34  991.00000  331.00000  66.6%   4.2  805s
 2597598 2386171  661.00000  228  249  991.00000  331.00000  66.6%   4.2  810s
 2611674 2399378  661.00000  257  174  991.00000  331.00000  66.6%   4.2  815s
 2626869 2413355 infeasible  268       991.00000  331.00000  66.6%   4.2  820s
 2638093 2423346  661.00000  159  372  991.00000  331.00000  66.6%   4.2  825s
 2654427 2438375  661.00000  222  274  991.00000  331.00000  66.6%   4.2  830s
 2670350 2452979  661.00000  272  151  991.00000  331.00000  66.6%   4.2  835s
 2685051 2466198  661.00000  313  102  991.00000  331.00000  66.6%   4.2  840s
 2701438 2481021  661.00000  259  176  991.00000  331.00000  66.6%   4.2  845s
 2715567 2493917  661.00000  116  442  991.00000  331.00000  66.6%   4.2  850s
 2732971 2509715  661.00000  146  390  991.00000  331.00000  66.6%   4.2  855s
 2748802 2524429  661.00000  189  318  991.00000  331.00000  66.6%   4.2  860s
 2766501 2540359  661.00000  340   35  991.00000  331.00000  66.6%   4.2  865s
 2781915 2554462  661.00000  218  253  991.00000  331.00000  66.6%   4.2  870s
 2794590 2566386  661.00000  352   21  991.00000  331.00000  66.6%   4.2  875s
 2812400 2582328  661.00000  184  332  991.00000  331.00000  66.6%   4.2  880s
 2829894 2598360  661.00000  299  126  991.00000  331.00000  66.6%   4.2  885s
 2845553 2612976  661.00000  328   73  991.00000  331.00000  66.6%   4.2  890s
 2863603 2629197  661.00000  174  362  991.00000  331.00000  66.6%   4.2  895s
 2878705 2643357  661.00000  216  288  991.00000  331.00000  66.6%   4.2  900s
 2894890 2658039  661.00000  196  327  991.00000  331.00000  66.6%   4.2  905s
 2911347 2672712  661.00000  299  127  991.00000  331.00000  66.6%   4.2  910s
 2924372 2684508  331.00000   86  484  991.00000  331.00000  66.6%   4.2  915s
 2939625 2698678  661.00000  244  182  991.00000  331.00000  66.6%   4.2  920s
 2953816 2712195  331.00000   90  475  991.00000  331.00000  66.6%   4.2  925s
 2968571 2725741  661.00000   72  516  991.00000  331.00000  66.6%   4.2  930s
 2983301 2739453  661.00000  238  190  991.00000  331.00000  66.6%   4.2  935s
 2999043 2753910  661.00000  266  162  991.00000  331.00000  66.6%   4.2  940s
 3013342 2766858  661.00000  154  395  991.00000  331.00000  66.6%   4.2  945s
 3030493 2783010  661.00000  236  233  991.00000  331.00000  66.6%   4.2  950s
 3045862 2797030  661.00000  112  457  991.00000  331.00000  66.6%   4.2  955s
 3062204 2812598  661.00000  300  104  991.00000  331.00000  66.6%   4.2  960s
 3077871 2826715  661.00000  345   42  991.00000  331.00000  66.6%   4.2  965s
 3095039 2842888  661.00000  168  384  991.00000  331.00000  66.6%   4.2  970s
 3111432 2857861  661.00000  171  361  991.00000  331.00000  66.6%   4.2  975s
 3129527 2874668  661.00000  225  223  991.00000  331.00000  66.6%   4.2  980s
 3146411 2890066  661.00000  269  164  991.00000  331.00000  66.6%   4.2  985s
 3159405 2902530  661.00000  275  143  991.00000  331.00000  66.6%   4.2  990s
 3176801 2918244  331.00000  108  456  991.00000  331.00000  66.6%   4.2  995s
 3194645 2934926  661.00000  220  273  991.00000  331.00000  66.6%   4.2 1000s
 3211877 2950710  661.00000  121  439  991.00000  331.00000  66.6%   4.2 1005s
 3227027 2964698  661.00000  238  220  991.00000  331.00000  66.6%   4.2 1010s
 3244701 2981142  661.00000  297  130  991.00000  331.00000  66.6%   4.2 1015s
 3261382 2996863  661.00000  313  102  991.00000  331.00000  66.6%   4.2 1020s
 3280932 3014235  661.00000  285  130  991.00000  331.00000  66.6%   4.2 1025s
 3296701 3029206  661.00000  260  171  991.00000  331.00000  66.6%   4.2 1030s
 3312229 3043266  661.00000  301  114  991.00000  331.00000  66.6%   4.2 1035s
 3330407 3059772  661.00000  197  340  991.00000  331.00000  66.6%   4.2 1040s
 3343741 3072373  661.00000  137  387  991.00000  331.00000  66.6%   4.2 1045s
 3360916 3088175 infeasible  361       991.00000  331.00000  66.6%   4.2 1050s
 3375163 3100984  661.00000   90  488  991.00000  331.00000  66.6%   4.2 1055s
 3391409 3116277  661.00000  208  275  991.00000  331.00000  66.6%   4.2 1060s
 3407606 3131016  661.00000  256  164  991.00000  331.00000  66.6%   4.2 1065s
 3421403 3144035  661.00000  183  327  991.00000  331.00000  66.6%   4.2 1070s
 3437871 3159245  661.00000  154  385  991.00000  331.00000  66.6%   4.2 1075s
 3451844 3171496  661.00000  236  210  991.00000  331.00000  66.6%   4.2 1080s
 3467523 3186556  661.00000  273  125  991.00000  331.00000  66.6%   4.2 1085s
 3482759 3200766  661.00000  304  109  991.00000  331.00000  66.6%   4.2 1090s
 3496610 3213586  661.00000  203  300  991.00000  331.00000  66.6%   4.2 1095s
 3514413 3229348  661.00000  238  201  991.00000  331.00000  66.6%   4.2 1100s
 3527784 3241876  661.00000  320   83  991.00000  331.00000  66.6%   4.2 1105s
 3544792 3257368  661.00000  274  138  991.00000  331.00000  66.6%   4.2 1110s
 3557260 3268644  661.00000  266  149  991.00000  331.00000  66.6%   4.2 1115s
 3569643 3279982  661.00000  230  255  991.00000  331.00000  66.6%   4.2 1120s
 3580715 3290200  661.00000  338   32  991.00000  331.00000  66.6%   4.2 1125s
 3597809 3305028  661.00000  198  313  991.00000  331.00000  66.6%   4.2 1130s
 3612620 3319562  661.00000  150  390  991.00000  331.00000  66.6%   4.2 1135s
 3630012 3335465  661.00000   92  466  991.00000  331.00000  66.6%   4.2 1140s
 3645439 3349748  661.00000  176  345  991.00000  331.00000  66.6%   4.2 1145s
 3655567 3363745  661.00000  349   24  991.00000  331.00000  66.6%   4.2 1150s
 3674418 3376189  661.00000  231  231  991.00000  331.00000  66.6%   4.2 1155s
 3692786 3392831  661.00000  348   39  991.00000  331.00000  66.6%   4.2 1160s
 3708519 3407702  661.00000  111  438  991.00000  331.00000  66.6%   4.2 1165s
 3726223 3423663  661.00000   64  529  991.00000  331.00000  66.6%   4.2 1170s
 3741722 3437511  661.00000  202  290  991.00000  331.00000  66.6%   4.2 1175s
 3759011 3453749  661.00000  140  414  991.00000  331.00000  66.6%   4.2 1180s
 3776421 3469503  661.00000   91  488  991.00000  331.00000  66.6%   4.2 1185s
 3793327 3485446  661.00000  242  191  991.00000  331.00000  66.6%   4.2 1190s
 3810685 3501147  661.00000   63  532  991.00000  331.00000  66.6%   4.2 1195s
 3826988 3516495  661.00000  279  126  991.00000  331.00000  66.6%   4.2 1200s
 3844826 3532748  661.00000  229  248  991.00000  331.00000  66.6%   4.2 1205s
 3859053 3545642  661.00000  223  259  991.00000  331.00000  66.6%   4.2 1210s
 3877044 3562142  661.00000  260  153  991.00000  331.00000  66.6%   4.2 1215s
 3891558 3575492  661.00000  107  470  991.00000  331.00000  66.6%   4.2 1220s
 3908425 3591458  661.00000  214  250  991.00000  331.00000  66.6%   4.2 1225s
 3925911 3607533  661.00000  138  405  991.00000  331.00000  66.6%   4.2 1230s
 3943219 3623506  661.00000  349   38  991.00000  331.00000  66.6%   4.2 1235s
 3959135 3638439  661.00000  341   40  991.00000  331.00000  66.6%   4.2 1240s
 3977797 3655515  661.00000  243  220  991.00000  331.00000  66.6%   4.2 1245s
 3994376 3670308  661.00000  102  465  991.00000  331.00000  66.6%   4.2 1250s
 4012173 3687127  661.00000  317   92  991.00000  331.00000  66.6%   4.2 1255s
 4028890 3702439  661.00000  139  403  991.00000  331.00000  66.6%   4.2 1260s
 4046462 3719102  661.00000  312  106  991.00000  331.00000  66.6%   4.2 1265s
 4063569 3734609  661.00000  174  355  991.00000  331.00000  66.6%   4.2 1270s
 4081556 3751479  661.00000  161  381  991.00000  331.00000  66.6%   4.2 1275s
 4098304 3767109  661.00000  139  403  991.00000  331.00000  66.6%   4.2 1280s
 4115884 3783036  661.00000  201  307  991.00000  331.00000  66.6%   4.2 1285s
 4133718 3799747  661.00000  290  128  991.00000  331.00000  66.6%   4.2 1290s
 4149703 3814212  661.00000  325   46  991.00000  331.00000  66.6%   4.2 1295s
 4165479 3829255  661.00000  156  372  991.00000  331.00000  66.6%   4.2 1300s
 4184026 3845947  661.00000  224  248  991.00000  331.00000  66.6%   4.2 1305s
 4202807 3863275  661.00000  229  253  991.00000  331.00000  66.6%   4.2 1310s
 4216974 3876436  661.00000  317   93  991.00000  331.00000  66.6%   4.2 1315s
 4236591 3894474  661.00000  144  385  991.00000  331.00000  66.6%   4.2 1320s
 4252816 3909615  661.00000  179  358  991.00000  331.00000  66.6%   4.2 1325s
 4272269 3927457  661.00000  160  368  991.00000  331.00000  66.6%   4.1 1330s
 4288583 3942268  661.00000  124  434  991.00000  331.00000  66.6%   4.1 1335s
 4307028 3959467  661.00000  119  431  991.00000  331.00000  66.6%   4.1 1340s
 4325248 3976254  661.00000  322   64  991.00000  331.00000  66.6%   4.1 1345s
 4342538 3991923  661.00000  274  162  991.00000  331.00000  66.6%   4.1 1350s
 4360550 4008627  661.00000  326   82  991.00000  331.00000  66.6%   4.1 1355s
 4375869 4022964  661.00000  293  123  991.00000  331.00000  66.6%   4.1 1360s
 4395069 4040491  661.00000  151  377  991.00000  331.00000  66.6%   4.1 1365s
 4411434 4055556  661.00000  145  388  991.00000  331.00000  66.6%   4.1 1370s
 4430386 4072783  661.00000  223  252  991.00000  331.00000  66.6%   4.1 1375s
 4447835 4088704  661.00000  344   40  991.00000  331.00000  66.6%   4.1 1380s
 4466040 4105801  661.00000  141  399  991.00000  331.00000  66.6%   4.1 1385s
 4482732 4121042  661.00000  172  357  991.00000  331.00000  66.6%   4.1 1390s
 4498165 4135626  661.00000  217  256  991.00000  331.00000  66.6%   4.1 1395s
 4515032 4150810  661.00000   78  491  991.00000  331.00000  66.6%   4.1 1400s
 4533199 4167166  661.00000   71  527  991.00000  331.00000  66.6%   4.1 1405s
 4547123 4180345  661.00000   79  517  991.00000  331.00000  66.6%   4.1 1410s
 4565588 4197482  661.00000  238  234  991.00000  331.00000  66.6%   4.1 1415s
 4585726 4215857  661.00000  284  136  991.00000  331.00000  66.6%   4.1 1420s
 4601888 4231172  661.00000  208  314  991.00000  331.00000  66.6%   4.1 1425s
 4620522 4247980  661.00000  224  228  991.00000  331.00000  66.6%   4.1 1430s
 4637579 4264031  661.00000  172  375  991.00000  331.00000  66.6%   4.1 1435s
 4655162 4279308  661.00000  173  347  991.00000  331.00000  66.6%   4.1 1440s
 4672254 4295636  661.00000  279  137  991.00000  331.00000  66.6%   4.1 1445s
 4690894 4312701  661.00000  271  164  991.00000  331.00000  66.6%   4.1 1450s
 4705717 4326753  661.00000  241  217  991.00000  331.00000  66.6%   4.1 1455s
 4723717 4343181  661.00000  287  126  991.00000  331.00000  66.6%   4.1 1460s
 4737722 4362447  661.00000  364   24  991.00000  331.00000  66.6%   4.1 1466s
 4759453 4375729  661.00000  248  189  991.00000  331.00000  66.6%   4.1 1470s
 4775752 4390874  661.00000  306   97  991.00000  331.00000  66.6%   4.1 1475s
 4793562 4407159  661.00000  331   83  991.00000  331.00000  66.6%   4.1 1480s
 4810018 4422224  661.00000  359   20  991.00000  331.00000  66.6%   4.1 1485s
 4824248 4435254  661.00000  126  436  991.00000  331.00000  66.6%   4.1 1490s
 4843931 4453230  661.00000  326   65  991.00000  331.00000  66.6%   4.1 1495s
 4863019 4470352  661.00000  182  359  991.00000  331.00000  66.6%   4.1 1500s
 4878473 4485240  661.00000  222  239  991.00000  331.00000  66.6%   4.1 1505s
 4897725 4503026  661.00000  268  133  991.00000  331.00000  66.6%   4.1 1510s
 4915334 4518504  661.00000  342   41  991.00000  331.00000  66.6%   4.1 1515s
 4932906 4535202  661.00000  222  271  991.00000  331.00000  66.6%   4.1 1520s
 4949908 4550595  661.00000  220  258  991.00000  331.00000  66.6%   4.1 1525s
 4968586 4567484  661.00000  167  371  991.00000  331.00000  66.6%   4.1 1530s
 4985741 4583558  661.00000  189  324  991.00000  331.00000  66.6%   4.1 1535s
 5002461 4599124  661.00000  258  165  991.00000  331.00000  66.6%   4.1 1540s
 5020284 4614715  661.00000  305  107  991.00000  331.00000  66.6%   4.1 1545s
 5036999 4630492  661.00000  102  476  991.00000  331.00000  66.6%   4.1 1550s
 5055231 4647451  661.00000  320   39  991.00000  331.00000  66.6%   4.1 1555s
 5070516 4661492  661.00000  218  261  991.00000  331.00000  66.6%   4.1 1560s
 5087274 4677253  661.00000  307   86  991.00000  331.00000  66.6%   4.1 1565s
 5101856 4690434  661.00000  167  371  991.00000  331.00000  66.6%   4.1 1570s
 5119527 4706550  661.00000  342   43  991.00000  331.00000  66.6%   4.1 1575s
 5137922 4723814  661.00000  246  173  991.00000  331.00000  66.6%   4.1 1580s
 5150326 4734933  661.00000  106  454  991.00000  331.00000  66.6%   4.0 1585s
 5168166 4751199  661.00000  107  460  991.00000  331.00000  66.6%   4.0 1590s
 5184939 4766760  661.00000  163  375  991.00000  331.00000  66.6%   4.0 1595s
 5200176 4781017  661.00000  176  362  991.00000  331.00000  66.6%   4.0 1600s
 5218525 4797745  661.00000  111  426  991.00000  331.00000  66.6%   4.0 1605s
 5234021 4811982  661.00000  207  264  991.00000  331.00000  66.6%   4.0 1610s
 5249592 4825835  332.00000  100  460  991.00000  331.00000  66.6%   4.0 1615s
 5265803 4840836  661.00000  222  239  991.00000  331.00000  66.6%   4.0 1620s
 5281200 4855223  661.00000  168  366  991.00000  331.00000  66.6%   4.0 1625s
 5298554 4871403  661.00000  341   27  991.00000  331.00000  66.6%   4.0 1630s
 5314504 4885901  661.00000  182  338  991.00000  331.00000  66.6%   4.0 1635s
 5330917 4901258  661.00000  251  181  991.00000  331.00000  66.6%   4.0 1640s
 5344233 4913738  661.00000  144  389  991.00000  331.00000  66.6%   4.0 1645s
 5362167 4930274  661.00000  223  248  991.00000  331.00000  66.6%   4.0 1650s
 5378983 4945718  661.00000  324   88  991.00000  331.00000  66.6%   4.0 1655s
 5395790 4961579  661.00000  188  342  991.00000  331.00000  66.6%   4.0 1660s
 5411751 4975513  661.00000  304  116  991.00000  331.00000  66.6%   4.0 1665s
 5428302 4991492  661.00000  171  350  991.00000  331.00000  66.6%   4.0 1670s
 5447074 5008474  661.00000   98  478  991.00000  331.00000  66.6%   4.0 1675s
 5462849 5023125  661.00000  193  326  991.00000  331.00000  66.6%   4.0 1680s
 5480255 5039264  661.00000  276  121  991.00000  331.00000  66.6%   4.0 1685s
 5492758 5051023  661.00000  226  254  991.00000  331.00000  66.6%   4.0 1690s
 5510105 5066827  661.00000  235  238  991.00000  331.00000  66.6%   4.0 1695s
 5527494 5082740  661.00000  244  196  991.00000  331.00000  66.6%   4.0 1700s
 5542482 5096882  661.00000  290  136  991.00000  331.00000  66.6%   4.0 1705s
 5557753 5110419  661.00000  335   43  991.00000  331.00000  66.6%   4.0 1710s
 5569132 5121822  661.00000  243  193  991.00000  331.00000  66.6%   4.0 1715s
 5581087 5132687  661.00000  126  417  991.00000  331.00000  66.6%   4.0 1720s
 5594580 5144734  661.00000  220  229  991.00000  331.00000  66.6%   4.0 1725s
 5609922 5158911  661.00000  100  470  991.00000  331.00000  66.6%   4.0 1730s
 5625906 5173449  661.00000  354   36  991.00000  331.00000  66.6%   4.0 1735s
 5642640 5189252  661.00000  106  452  991.00000  331.00000  66.6%   4.0 1740s
 5657588 5202673  661.00000   92  476  991.00000  331.00000  66.6%   4.0 1745s
 5674369 5218492  661.00000  333   49  991.00000  331.00000  66.6%   4.0 1750s
 5690872 5233707  661.00000  200  311  991.00000  331.00000  66.6%   4.0 1755s
 5707574 5249416  661.00000  123  424  991.00000  331.00000  66.6%   4.0 1760s
 5725178 5264730  661.00000  121  433  991.00000  331.00000  66.6%   4.0 1765s
 5739252 5278706  661.00000  120  432  991.00000  331.00000  66.6%   4.0 1770s
 5757040 5294432  661.00000  177  360  991.00000  331.00000  66.6%   4.0 1775s
 5775249 5311326 infeasible  361       991.00000  331.00000  66.6%   4.0 1780s
 5781775 5324152  661.00000  328   88  991.00000  331.00000  66.6%   4.0 1786s
 5801674 5336004  661.00000  217  298  991.00000  331.00000  66.6%   4.0 1790s
 5819318 5352298  661.00000  198  321  991.00000  331.00000  66.6%   4.0 1795s
 5834193 5365548  661.00000  298  130  991.00000  331.00000  66.6%   4.0 1800s

Cutting planes:
  MIR: 2

Explored 5834607 nodes (23404976 simplex iterations) in 1800.06 seconds (1775.33 work units)
Thread count was 8 (of 8 available processors)

Solution count 3: 991 992 993 

Time limit reached
Best objective 9.910000000000e+02, best bound 3.310000000000e+02, gap 66.5994%
! --------------------------------------------------------
! Status: FEASIBLE (time limit reached)
! Best span = 991
! Labeling: 1 1 1 991 1 332 1 1 991 1 1 1 331 1 1 331 1 1 331 1 331 991 1 331 1 1 991 1 991 1 991 991 1 661 991 661 331 1 1 1 1 1 1 331 331 991 1 1 1 991 991 331 1 991 1 332 991 1 1 991 1 991 1 661 991 1 991 1 1 991 1 1 991 1 331 1 991 991 1 331 1 1 991 991 991 661 1 332 991 661 1 991 991 1 331 1 1 1 1 1 991 331 1 1 991 331 1 1 1 991 1 1 991 1 1 991 661 1 991 2 661 1 991 331 1 1 1 991 661 331 991 1 1 1 332 1 1 331 1 661 991 331 1 991 991 1 991 331 661 1 991 1 991 991 991 1 991 331 1 661 991 1 331 331 1 1 331 991 1 331 1 331 661 1 661 991 331 331 1 1 331 331 2 991 991 1 991 661 1 1 991 991 1 331 991 331 991 1 991 661 991 1 991 1 991 991 991 1 991 991 991 991 1 1 661 1 1 661 1 991 497 1 1 991 331 661 991 1 661 1 661 1 661 991 1 1 1 991 1 991 1 1 331 331 991 1 1 1 991 991 331 331 331 1 991 331 661 991 331 991 1 991 991 331 2 331 991 1 331 1 1 991 991 1 991 1 1 991 661 991 1 1 991 1 1 991 331 331 991 991 1 661 331 1 991 661 1 331 991 991 991 331 991 1 1 991 991 1 991 991 331 991 661 1 991 991 991 331 332 1 2 991 331 1 331 331 331 991 1 991 1 1 661 991 1 661 1 331 661 2 661 991 991 661 331 331 1 991 1 331 661 991 991 1 991 991 1 991 1 1 1 1 331 331 331 661 331 991 1 991 331 1 661 991 1 661 991 331 331 1 991 661 661 331 331 1 331 991 991 991 1 1 991 331 991 991 991 991 991 991 1 1 991 1 991 1 1 991 661 331 991 2 331 331 661 991 991 1 331 331 1 991 1 1 331 991 991 661 1 1 991 1 1 1 991 991 331 991 991 1 331 1 991 1 332 991 991 331 991 991 1 991 661 661 1 1 991 1 991 1 331 991 991 1 331 1 331 991 661 331 331 331 331 1 331 661 991 991 1 331 661 991 1 331 331 991 1 331 1 331 1 991 991 661 1 991 331 332 991 331 331 331 991 661 991 661 1 331 991 991 991 332 991 991 991 991 991 991 331 331 991 991 991 991 331 332 991 1 331 1 991 991 1 1 991 331 991 1 1 991 331 661 661 991 1 991 331 661 661 331 991 991 331 331 991 661 331 661 661 331 1 1 661 991 1 991 331 331 331 1 661 991 991 661 331 331 331 991 331 991 661 331 661 331 991 991 331 1 1 991 331 331 331 331 331 991 991 991 1 991 1 331 1 1 991 1 331 1 661 331 991 991 332 991 991 2 1 661 991 1 661 1 331 331 331 331 331 332 991 991 1 331 991 991 1 331 331 991 1 1 331 991 1 1 991 991 1 331 991 331 1 991 991 1 331 991 331 991 991 661 661 662 
! --------------------------------------------------------
! All verification passed
