! Solving for graph /home/truongxuanhieu/Gurobi-for-MinSpanLabeling/benchmarks/abp/W-685_bus.mtx.rnd
! Target value is set to 204
! Lower bound is set to 205
! Upper bound is set to 1028
! Time limit is set to 1800
! Vertices mode is set to Has hole
! Target value mode is set to Antibandwidth
Set parameter WLSAccessID
Set parameter WLSSecret
Set parameter LicenseID to value 2663665
Academic license 2663665 - for non-commercial use only - registered to tu___@vnu.edu.vn
Set parameter OutputFlag to value 1
Set parameter TimeLimit to value 1800
Gurobi Optimizer version 13.0.2 build v13.0.2rc1 (linux64 - "Debian GNU/Linux 12 (bookworm)")

CPU model: AMD EPYC 7B12, instruction set [SSE2|AVX|AVX2]
Thread count: 4 physical cores, 8 logical processors, using up to 8 threads

Non-default parameters:
TimeLimit  1800

Academic license 2663665 - for non-commercial use only - registered to tu___@vnu.edu.vn
Optimize a model with 2567 rows, 708115 columns and 6499 nonzeros (Min)
Model fingerprint: 0x7027f845
Model has 1 linear objective coefficients
Model has 2652 simple general constraints
  1282 ABS, 1370 INDICATOR
Variable types: 0 continuous, 708115 integer (704865 binary)
Coefficient statistics:
  Matrix range     [1e+00, 1e+00]
  Objective range  [1e+00, 1e+00]
  Bounds range     [1e+00, 1e+03]
  RHS range        [1e+00, 5e+02]
  GenCon rhs range [1e+00, 1e+00]
  GenCon coe range [1e+00, 1e+00]

Presolve added 13170 rows and 0 columns
Presolve removed 0 rows and 693063 columns
Presolve time: 0.14s
Presolved: 15737 rows, 15052 columns, 37373 nonzeros
Variable types: 0 continuous, 15052 integer (7868 binary)
Found heuristic solution: objective 1028.0000000
Found heuristic solution: objective 1027.0000000
Performing another presolve...
Presolve removed 8553 rows and 8553 columns
Presolve time: 0.08s

Root relaxation: objective 2.050000e+02, 4176 iterations, 0.02 seconds (0.01 work units)

    Nodes    |    Current Node    |     Objective Bounds      |     Work
 Expl Unexpl |  Obj  Depth IntInf | Incumbent    BestBd   Gap | It/Node Time

     0     0  205.00000    0  491 1027.00000  205.00000  80.0%     -    0s
H    0     0                    1022.0000000  205.00000  79.9%     -    0s
H    0     0                    1021.0000000  205.00000  79.9%     -    0s
     0     0  205.00000    0 1534 1021.00000  205.00000  79.9%     -    0s
     0     0  205.00000    0 1356 1021.00000  205.00000  79.9%     -    0s
     0     0  205.00000    0 1848 1021.00000  205.00000  79.9%     -    0s
     0     0  205.00000    0 1848 1021.00000  205.00000  79.9%     -    0s
     0     0  205.00000    0  482 1021.00000  205.00000  79.9%     -    0s
     0     0  205.00000    0  592 1021.00000  205.00000  79.9%     -    0s
     0     0  205.00000    0 2255 1021.00000  205.00000  79.9%     -    1s
     0     0  205.00000    0 2255 1021.00000  205.00000  79.9%     -    1s
     0     0  205.00000    0  537 1021.00000  205.00000  79.9%     -    1s
     0     0  205.00000    0  536 1021.00000  205.00000  79.9%     -    1s
     0     0  205.00000    0  473 1021.00000  205.00000  79.9%     -    1s
     0     2  205.00000    0  473 1021.00000  205.00000  79.9%     -    1s
  1418  1196  613.00000  119 1057 1021.00000  205.00000  79.9%  32.7    5s
  1440  1211  817.00000  151 3008 1021.00000  378.00000  63.0%  32.2   10s
  1461  1227  817.00000   64 1683 1021.00000  409.00000  59.9%  92.0   15s
  1473  1235  817.00000   94  503 1021.00000  409.00000  59.9%  91.2   20s
  2319  1711  817.00000  139  185 1021.00000  409.00000  59.9%  87.5   25s
  3178  1568  613.00000   65  350 1021.00000  409.00000  59.9%  79.2   30s
  3712  1446 infeasible   46      1021.00000  409.00000  59.9%  83.4   35s
  4763  1395 infeasible   39      1021.00000  409.00000  59.9%  87.8   40s
  5711  1289  409.00000   40  487 1021.00000  409.00000  59.9%  94.1   45s
  6579  1310  613.00000   73  358 1021.00000  409.00000  59.9%   101   50s
  7078  1321  409.00000   39  493 1021.00000  409.00000  59.9%   106   55s
  7863  1298  613.00000   41  436 1021.00000  409.00000  59.9%   111   60s
  8559  1281 infeasible   45      1021.00000  409.00000  59.9%   115   65s
  9498  1228 infeasible   36      1021.00000  409.00000  59.9%   120   70s
 10268  1088  817.00000   68  344 1021.00000  613.00000  40.0%   119   76s
 11770   914  613.00000   48  446 1021.00000  613.00000  40.0%   106   81s
 13202   866 infeasible   45      1021.00000  613.00000  40.0%  97.1   85s
 14720   610  614.00000   54  420 1021.00000  613.00000  40.0%  89.3   91s
 16957    78  817.00000   77  364 1021.00000  817.00000  20.0%  78.7   96s

Cutting planes:
  Gomory: 22
  Cover: 18
  Implied bound: 59
  MIR: 108
  StrongCG: 65
  Flow cover: 2264
  Inf proof: 2
  Zero half: 29
  RLT: 133
  Relax-and-lift: 64

Explored 18214 nodes (1372543 simplex iterations) in 98.42 seconds (106.04 work units)
Thread count was 8 (of 8 available processors)

Solution count 4: 1021 1022 1027 1028 

Optimal solution found (tolerance 1.00e-04)
Best objective 1.021000000000e+03, best bound 1.021000000000e+03, gap 0.0000%
! --------------------------------------------------------
! Status: OPTIMAL
! Best span = 1021
! Labeling: 409 205 205 1021 817 1021 205 1 205 1 205 1 205 817 1 1021 1021 205 205 205 1021 205 205 205 205 205 1021 613 613 613 1 205 613 613 1 1 205 613 205 613 1 817 205 1021 205 205 205 205 205 205 1 205 205 205 613 310 205 1 1 205 409 409 205 409 1 205 1 205 409 1 205 613 1 1021 205 1021 817 409 205 205 1021 205 205 613 409 1 205 205 817 817 1021 409 205 613 409 205 613 1 1 205 205 1 1 1 1 1 1 205 409 1021 409 205 409 205 409 1 205 205 205 613 205 205 205 1 1 1 205 409 1 409 1020 1 1021 1 205 1 205 205 409 613 409 613 205 613 409 205 1 409 1 409 205 205 409 106 409 1 205 1 205 816 409 409 205 409 205 205 205 205 205 613 1021 409 613 613 205 613 205 1 205 1021 613 1 205 205 205 205 205 1021 1 613 1 205 514 205 205 409 1021 409 817 613 205 409 1 613 205 205 613 1021 409 613 409 205 409 409 613 205 1021 205 409 1 1 1 205 409 1 1 409 613 1 613 817 817 409 817 613 205 205 409 1 514 205 514 205 409 1020 1021 1021 1 106 1021 613 1021 817 205 205 310 613 1 409 1 613 1 205 409 409 205 1 718 205 613 613 205 205 613 1 205 409 1 409 205 613 1 1 613 613 205 1 409 205 1 205 409 1 205 205 409 409 205 409 817 1 1 1 1021 409 205 409 205 1 1 1 1 613 613 613 1 1 409 409 1 205 409 409 1 817 205 1 1 205 205 205 409 613 205 1 1 409 613 1 205 205 205 205 613 409 205 205 1 205 205 205 1 613 205 205 205 1 817 409 409 205 1 205 409 1 613 409 817 613 409 205 613 205 409 817 205 1 409 409 409 409 613 613 409 205 1021 205 409 1 613 613 1020 205 1 613 817 1 409 1021 1021 613 205 205 409 409 1 817 205 1020 1 1021 817 409 1021 409 205 1 106 409 409 1 205 205 205 1 409 1 817 1 205 205 1 1021 613 1 817 409 409 1 205 1 1 205 409 1021 1 817 409 205 613 1 613 205 205 409 1 1021 409 613 409 1 409 409 613 205 1 1 1 409 1 613 205 205 817 409 205 205 409 1 205 1021 205 1 613 1 205 409 205 1 1 205 613 1020 1 205 613 1 1 613 409 409 817 1021 613 1021 1 409 1021 409 613 1021 205 409 409 205 613 1 613 205 1 409 409 1 1 1 1 1 613 613 1021 409 205 1 205 409 1 205 205 817 817 1 205 205 1020 1021 205 205 205 409 817 205 1 1 613 409 205 409 409 613 1 409 409 409 1 1 1 817 205 409 817 409 409 613 205 1 613 817 817 1021 205 1021 817 817 1 613 1 1021 816 1 205 205 613 1 1 1 205 1 817 1 205 1 1021 205 409 205 1021 1021 205 1 1 1021 817 1021 409 1021 205 1 409 1021 409 1 205 1020 1021 1 409 817 409 1 1 1021 205 817 817 817 1 1 817 1 409 1021 1 1 409 1021 205 205 1 1 1 1 613 1 1021 409 205 1 613 1 1021 205 817 409 1 1021 1021 409 613 1021 205 817 613 409 817 613 1 817 817 1 409 1 1021 1021 613 1021 
! --------------------------------------------------------
! All verification passed
