! Solving for graph /home/truongxuanhieu/Gurobi-for-MinSpanLabeling/benchmarks/abp/X-can__715.mtx.rnd
! Target value is set to 174
! Lower bound is set to 175
! Upper bound is set to 1073
! Time limit is set to 1800
! Vertices mode is set to Has hole
! Target value mode is set to Antibandwidth
Set parameter WLSAccessID
Set parameter WLSSecret
Set parameter LicenseID to value 2663665
Academic license 2663665 - for non-commercial use only - registered to tu___@vnu.edu.vn
Set parameter OutputFlag to value 1
Set parameter TimeLimit to value 1800
Gurobi Optimizer version 13.0.2 build v13.0.2rc1 (linux64 - "Debian GNU/Linux 12 (bookworm)")

CPU model: AMD EPYC 7B12, instruction set [SSE2|AVX|AVX2]
Thread count: 4 physical cores, 8 logical processors, using up to 8 threads

Non-default parameters:
TimeLimit  1800

Academic license 2663665 - for non-commercial use only - registered to tu___@vnu.edu.vn
Optimize a model with 5953 rows, 774576 columns and 13331 nonzeros (Min)
Model fingerprint: 0x5f08c2be
Model has 1 linear objective coefficients
Model has 4405 simple general constraints
  2975 ABS, 1430 INDICATOR
Variable types: 0 continuous, 774576 integer (767910 binary)
Coefficient statistics:
  Matrix range     [1e+00, 1e+00]
  Objective range  [1e+00, 1e+00]
  Bounds range     [1e+00, 1e+03]
  RHS range        [1e+00, 5e+02]
  GenCon rhs range [1e+00, 1e+00]
  GenCon coe range [1e+00, 1e+00]

Presolve added 23568 rows and 0 columns
Presolve removed 0 rows and 745770 columns
Presolve time: 0.14s
Presolved: 29521 rows, 28806 columns, 70110 nonzeros
Variable types: 0 continuous, 28806 integer (14760 binary)
Found heuristic solution: objective 1073.0000000
Found heuristic solution: objective 1072.0000000
Performing another presolve...
Presolve removed 15475 rows and 15475 columns
Presolve time: 0.15s

Root relaxation: objective 1.750000e+02, 9934 iterations, 0.08 seconds (0.08 work units)

    Nodes    |    Current Node    |     Objective Bounds      |     Work
 Expl Unexpl |  Obj  Depth IntInf | Incumbent    BestBd   Gap | It/Node Time

     0     0  175.00000    0 1319 1072.00000  175.00000  83.7%     -    0s
H    0     0                    1071.0000000  175.00000  83.7%     -    0s
     0     0  175.00000    0 6823 1071.00000  175.00000  83.7%     -    1s
     0     0  175.00000    0 6523 1071.00000  175.00000  83.7%     -    3s
     0     0  175.00000    0 7039 1071.00000  175.00000  83.7%     -    3s
     0     0  175.00000    0 7038 1071.00000  175.00000  83.7%     -    3s
     0     0  175.00000    0 1899 1071.00000  175.00000  83.7%     -    4s
     0     0  175.00000    0 4482 1071.00000  175.00000  83.7%     -    4s
     0     0  175.00000    0 5600 1071.00000  175.00000  83.7%     -    4s
     0     0  175.00000    0 5600 1071.00000  175.00000  83.7%     -    4s
     0     0  175.00000    0 1731 1071.00000  175.00000  83.7%     -    5s
     0     0  175.00000    0 1731 1071.00000  175.00000  83.7%     -    6s
     0     0  175.00000    0 1415 1071.00000  175.00000  83.7%     -    6s
     0     2  175.00000    0 1415 1071.00000  175.00000  83.7%     -    7s
    32    57  175.00000    9 3464 1071.00000  175.00000  83.7%   856   14s
H   61    57                    1045.0000000  175.00000  83.3%   506   14s
   168   232  175.00000   17 3367 1045.00000  175.00000  83.3%   238   15s
  1433  1432  524.00000   92 1184 1045.00000  175.00000  83.3%  89.1   20s
  1978  1807  697.00000  255 8362 1045.00000  175.00000  83.3%  76.3   25s
  1980  1808  523.00000  118 8085 1045.00000  175.00000  83.3%  76.2   34s
  1981  1809  349.00000   11 3331 1045.00000  175.00000  83.3%  76.2   35s
  1986  1812  871.00000  180 9703 1045.00000  175.00000  83.3%  76.0   40s
  1991  1815  697.00000  128 4951 1045.00000  175.00000  83.3%  75.8   45s
  1996  1822  175.00000   13 2864 1045.00000  175.00000  83.3%   152   50s
  2986  2471  697.00000  131 1748 1045.00000  175.00000  83.3%   136   55s
  3996  3097  871.00000  252 1505 1045.00000  175.00000  83.3%   107   60s
  5077  3806  697.00000  206 1655 1045.00000  175.00000  83.3%  88.0   65s
  5708  4052  871.00000  312 1155 1045.00000  175.00000  83.3%  82.1   70s
  6148  4331  871.00000  134 1860 1045.00000  175.00000  83.3%  78.9   75s
  6874  4832  697.00000  164 1941 1045.00000  175.00000  83.3%  73.4   80s
  7330  4929  697.00000   27 2307 1045.00000  175.00000  83.3%  70.1   85s
  7656  5213  712.00000   53 2339 1045.00000  175.00000  83.3%  68.1   90s
  8974  6928  871.00000  197 1753 1045.00000  175.00000  83.3%  61.4   95s
 10478  8059 infeasible  152      1045.00000  175.00000  83.3%  57.4  100s
 11953  9071 infeasible  159      1045.00000  175.00000  83.3%  54.1  105s
 12288  9991  698.00000  195 1646 1045.00000  175.00000  83.3%  53.5  111s
 13127 10182  350.00000   85 2307 1045.00000  175.00000  83.3%  51.4  115s
 13189 10325  523.00000   90 2044 1045.00000  175.00000  83.3%  51.4  121s
 15024 11967 infeasible  170      1045.00000  175.00000  83.3%  47.1  125s
 15728 12442  697.00000  159 1766 1045.00000  175.00000  83.3%  46.5  130s
 15837 12806  697.00000  181 1711 1045.00000  175.00000  83.3%  46.7  135s
 17769 14451  871.00000  109 2023 1045.00000  175.00000  83.3%  44.7  140s
 18001 14586  871.00000  107 2007 1045.00000  175.00000  83.3%  44.4  146s
 18812 15908  871.00000  266 1578 1045.00000  175.00000  83.3%  43.4  150s
 20142 16605  697.00000   59 1977 1045.00000  175.00000  83.3%  42.4  155s
 21174 17317  349.00000   87 8101 1045.00000  175.00000  83.3%  41.0  201s
 21178 17320  523.00000   53 9556 1045.00000  175.00000  83.3%  41.0  213s
 21179 17320  350.00000   44 5286 1045.00000  175.00000  83.3%  41.0  218s
 21180 17321  697.00000   54 10403 1045.00000  175.00000  83.3%  41.0  240s
 21181 17322  523.00000   39 10149 1045.00000  175.00000  83.3%  41.0  246s
 21182 17322  698.00000  148 11993 1045.00000  175.50144  83.2%  41.0  265s
 21183 17323  871.00000  285 10678 1045.00000  176.00000  83.2%  41.0  273s
 21184 17324  698.00000  193 11771 1045.00000  176.00000  83.2%  41.0  282s
 21186 17325  523.00000   60 10437 1045.00000  176.00000  83.2%  41.0  286s
 21187 17326  697.00000  419 8071 1045.00000  176.00000  83.2%  41.0  291s
 21189 17327  697.00000  119 10740 1045.00000  185.83066  82.2%  40.9  299s
 21190 17328  524.00000   90 12843 1045.00000  185.83066  82.2%  40.9  303s
 21192 17329  524.00000   47 11949 1045.00000  196.58891  81.2%  40.9  307s
 21194 17330  872.00000  313 10714 1045.00000  197.00000  81.1%  40.9  311s
 21196 17332  697.00000  156 10354 1045.00000  197.00000  81.1%  40.9  315s
 21197 17332  524.00000   84 5103 1045.00000  197.00000  81.1%  40.9  320s
H21197 16465                     871.0000000  199.47020  77.1%  40.9  320s
 21199 16467  524.00000  120 8395  871.00000  200.00000  77.0%  40.9  328s
 21200 16467  523.00000   40 10928  871.00000  205.12380  76.4%  40.9  333s
 21203 16469  697.00000  138 8451  871.00000  210.00000  75.9%  40.9  339s
 21205 16471  712.00000   66 9616  871.00000  210.00000  75.9%  40.9  346s
 21206 16471  350.00000  128 4831  871.00000  210.00000  75.9%  40.9  350s
 21207 16472  697.00000  204 8423  871.00000  210.00000  75.9%  40.9  359s
 21208 16473  697.00000   98 5601  871.00000  210.00000  75.9%  40.9  363s
 21209 16473  698.00000  189 9052  871.00000  210.00000  75.9%  40.9  372s
 21210 16474  349.00000   30 9108  871.00000  210.00000  75.9%  40.9  378s
 21211 16475  523.00000   64 11157  871.00000  210.00000  75.9%  40.9  385s
 21212 16475  697.00000  159 9753  871.00000  210.00000  75.9%  40.9  397s
 21219 16482  871.00000  355 8317  871.00000  210.00000  75.9%  57.0  406s
 21220 16482  523.00000   57 3835  871.00000  210.00000  75.9%  57.0  412s
 21221 16483  871.00000  391 8950  871.00000  210.00000  75.9%  57.0  436s
 21222 16484  523.00000  132 6381  871.00000  210.00000  75.9%  57.0  441s
 21223 16484  350.00000   97 9059  871.00000  210.00000  75.9%  57.0  447s
 21224 16485  523.00000   65 7949  871.00000  210.00000  75.9%  57.0  453s
 21225 16486  871.00000  190 7949  871.00000  210.00000  75.9%  57.0  458s
 21237 16521  211.00000   40 4313  871.00000  211.00000  75.8%  61.8  460s
 21950 16935  349.00000  103 2711  871.00000  211.00000  75.8%  61.3  465s
 22841 17413  523.00000   91 2335  871.00000  211.00000  75.8%  60.2  470s
 23449 17698  697.00000   94 1806  871.00000  211.00000  75.8%  59.5  475s
 24257 18086  523.00000   90 2069  871.00000  211.00000  75.8%  58.8  480s
 25127 18736  697.00000   59 2357  871.00000  211.00000  75.8%  58.1  485s
 25866 19035  524.00000  111 2073  871.00000  211.00000  75.8%  57.4  490s
 26910 19549  523.00000  136 2093  871.00000  211.00000  75.8%  56.2  496s
 27752 20216  349.00000   94 2877  871.00000  211.00000  75.8%  55.5  500s
 28738 20548 infeasible  161       871.00000  211.00000  75.8%  54.3  506s
 29419 20818 infeasible  168       871.00000  211.00000  75.8%  53.7  511s
 30051 21486  524.00000  172 2072  871.00000  211.00000  75.8%  53.0  515s
 30642 21829  523.00000  126 2442  871.00000  211.00000  75.8%  52.5  522s
 31216 21675 infeasible  209       871.00000  211.00000  75.8%  51.8  526s
 31909 22065 infeasible  201       871.00000  211.00000  75.8%  51.2  533s
 32074 23638  379.00000  110 3355  871.00000  211.00000  75.8%  51.2  541s
 34107 22948  523.00000  110 2492  871.00000  211.00000  75.8%  49.3  547s
 34143 22960  523.00000  111 2562  871.00000  211.00000  75.8%  49.3  550s
 34243 22992  523.00000  120 2302  871.00000  211.00000  75.8%  49.3  556s
 34883 23311 infeasible  243       871.00000  211.00000  75.8%  48.7  561s
 35265 23498 infeasible  140       871.00000  211.00000  75.8%  48.6  566s
 35923 23832 infeasible  206       871.00000  211.00000  75.8%  48.1  571s
 36633 24277 infeasible  204       871.00000  211.00000  75.8%  47.6  577s
 37369 24728 infeasible  179       871.00000  211.00000  75.8%  47.0  582s
 37977 24945 infeasible  156       871.00000  211.00000  75.8%  46.7  586s
 38396 25124 infeasible  168       871.00000  211.00000  75.8%  46.5  591s
 38462 25158  523.00000   92 2392  871.00000  211.00000  75.8%  46.5  597s
 38493 25177 infeasible  109       871.00000  211.00000  75.8%  46.5  601s
 38526 25208  524.00000   64 2247  871.00000  211.00000  75.8%  46.5  605s
 38600 25234  349.00000   54 2691  871.00000  211.00000  75.8%  46.5  613s
 38633 25268  697.00000   68 2121  871.00000  211.00000  75.8%  46.5  617s
 38690 25287  697.00000  103 2000  871.00000  211.00000  75.8%  46.5  620s
 38745 25305 infeasible  137       871.00000  211.00000  75.8%  46.5  626s
 38789 25328  697.00000  136 1874  871.00000  211.00000  75.8%  46.6  630s
 38835 25429  697.00000  151 1936  871.00000  211.00000  75.8%  46.6  635s
 39035 25911  523.00000   83 2408  871.00000  211.00000  75.8%  46.5  642s
 39576 25796 infeasible  241       871.00000  211.00000  75.8%  46.0  645s
 40253 26163 infeasible  201       871.00000  211.00000  75.8%  45.6  652s
 40430 26631  697.00000   47 2761  871.00000  211.00000  75.8%  45.7  655s
 41174 27167  523.00000   83 2318  871.00000  211.00000  75.8%  45.3  661s
 42606 27427 infeasible  231       871.00000  211.00000  75.8%  44.2  669s
 42816 28957  523.00000   71 2400  871.00000  211.00000  75.8%  44.2  675s
 44811 28779  349.00000   64 3021  871.00000  211.00000  75.8%  42.9  680s
 45773 29276  523.00000  100 2251  871.00000  211.00000  75.8%  42.5  686s
 46343 29704  523.00000   76 2680  871.00000  211.00000  75.8%  42.3  690s
 47630 30362  523.00000   88 2447  871.00000  211.00000  75.8%  41.5  696s
 48623 30820  523.00000   94 2617  871.00000  211.00000  75.8%  41.1  700s
 50035 31558  349.00000   77 2811  871.00000  211.00000  75.8%  40.6  705s
 51530 32027 infeasible  181       871.00000  211.00000  75.8%  40.0  711s
 52436 32832  350.00000  106 2780  871.00000  211.00000  75.8%  39.8  715s
 53222 34052  348.47662   51 4291  871.00000  211.00000  75.8%  39.6  720s
 55310 34243  523.00000   68 2496  871.00000  211.00000  75.8%  38.8  726s
 56533 34350 infeasible  191       871.00000  211.00000  75.8%  38.4  730s
 57853 34980 infeasible  147       871.00000  211.00000  75.8%  38.0  735s
 59361 35966 infeasible  212       871.00000  211.00000  75.8%  37.6  741s
 60614 36374 infeasible   80       871.00000  211.00000  75.8%  37.3  745s
 62127 37716 infeasible   70       871.00000  211.00000  75.8%  36.9  750s
 63845 40979  523.00000   71 2977  871.00000  211.00000  75.8%  36.5  762s
 67635 39771 infeasible   68       871.00000  211.00000  75.8%  35.3  765s
 68830 40293  523.00000   84 2526  871.00000  211.00000  75.8%  35.2  770s
 70317 40923 infeasible  131       871.00000  211.00000  75.8%  35.0  775s
 71820 42600  523.00000  105 2766  871.00000  211.00000  75.8%  34.6  780s
 73749 43582 infeasible  182       871.00000  211.00000  75.8%  34.3  785s
 74630 45497  349.00000   79 3049  871.00000  211.00000  75.8%  34.3  790s
 77043 46303  523.00000   66 2471  871.00000  211.00000  75.8%  33.9  795s
 78398 47361 infeasible  193       871.00000  211.00000  75.8%  33.8  800s
 80004 49149  697.00000   86 2013  871.00000  211.00000  75.8%  33.6  805s
 82115 50652  523.00000  154 2510  871.00000  211.00000  75.8%  33.2  810s
 83987 51859 infeasible  200       871.00000  211.00000  75.8%  33.0  815s
 84833 54827  349.00000   83 3061  871.00000  211.00000  75.8%  33.0  821s
 87826 55139  349.00000   48 2961  871.00000  211.00000  75.8%  32.4  825s
 89427 56665  698.00000   58 2358  871.00000  211.00000  75.8%  32.4  830s
 90787 57763  523.00000   59 2391  871.00000  211.00000  75.8%  32.3  835s
 92581 59270  697.00000  164 1719  871.00000  211.00000  75.8%  32.2  840s
 94310 60653  218.00000   52 3501  871.00000  211.00000  75.8%  32.0  845s
 96759 62018 infeasible  252       871.00000  211.00000  75.8%  31.8  850s
 98456 63872  697.00000   53 2303  871.00000  211.00000  75.8%  31.6  855s
 100408 65296  698.00000   62 2264  871.00000  211.00000  75.8%  31.5  860s
 102136 66197 infeasible  161       871.00000  211.00000  75.8%  31.4  865s
 104066 67768 infeasible  173       871.00000  211.00000  75.8%  31.3  870s
 105336 71590  697.00000   66 2252  871.00000  211.00000  75.8%  31.3  879s
 108757 71571 infeasible  501       871.00000  211.00000  75.8%  30.8  880s
 109690 72725  697.00000   56 2600  871.00000  211.00000  75.8%  30.8  885s
 111871 74103 infeasible  194       871.00000  211.00000  75.8%  30.6  890s
 113616 75552 infeasible  165       871.00000  211.00000  75.8%  30.5  895s
 115422 77161 infeasible   60       871.00000  211.00000  75.8%  30.4  901s
 117197 78455  697.00000   76 1948  871.00000  211.00000  75.8%  30.3  905s
 119269 80532  523.00000   60 2233  871.00000  211.00000  75.8%  30.2  910s
 121043 81504 infeasible  179       871.00000  211.00000  75.8%  30.0  915s
 122862 83487  349.00000   50 2755  871.00000  211.00000  75.8%  29.9  920s
 124714 84803  523.00000   57 2273  871.00000  211.00000  75.8%  29.9  925s
 126058 85693 infeasible  191       871.00000  211.00000  75.8%  29.8  931s
 126190 87694  523.00000  102 2369  871.00000  211.00000  75.8%  29.8  935s
 130300 89447  697.00000   84 1836  871.00000  211.00000  75.8%  29.6  940s
 132596 90818 infeasible  184       871.00000  211.00000  75.8%  29.3  945s
 132698 90889  697.00000   53 2072  871.00000  211.00000  75.8%  29.3  950s
 132741 90906  697.00000   56 2059  871.00000  211.00000  75.8%  29.3  955s
 132784 90914  697.00000   60 1990  871.00000  211.00000  75.8%  29.4  960s
 132834 90977  697.00000   63 1943  871.00000  211.00000  75.8%  29.4  965s
 132895 91022  697.00000   66 1884  871.00000  211.00000  75.8%  29.4  970s
 132940 91061  697.00000   69 1878  871.00000  211.00000  75.8%  29.4  975s
 132993 91091  697.00000   72 1870  871.00000  211.00000  75.8%  29.4  980s
 133052 91127  697.00000   75 1860  871.00000  211.00000  75.8%  29.4  985s
 133100 91182  697.00000   78 1849  871.00000  211.00000  75.8%  29.4  990s
 133238 91295  697.00000   81 1757  871.00000  211.00000  75.8%  29.4  997s
 133320 91343  697.00000   83 1751  871.00000  211.00000  75.8%  29.4 1001s
 133438 91450  697.00000   86 1779  871.00000  211.00000  75.8%  29.4 1006s
 133569 91526  697.00000   89 1775  871.00000  211.00000  75.8%  29.4 1011s
 133666 91578  697.00000   91 1763  871.00000  211.00000  75.8%  29.4 1016s
 133763 91646  697.00000   93 1825  871.00000  211.00000  75.8%  29.4 1020s
 133852 91680  697.00000   94 1743  871.00000  211.00000  75.8%  29.4 1025s
 133962 91768  697.00000   96 1741  871.00000  211.00000  75.8%  29.5 1030s
 134097 91879  697.00000   99 1720  871.00000  211.00000  75.8%  29.5 1037s
 134173 91939  697.00000  101 1714  871.00000  211.00000  75.8%  29.5 1041s
 134282 92300  697.00000  103 1724  871.00000  211.00000  75.8%  29.5 1045s
 135477 92986 infeasible   61       871.00000  211.00000  75.8%  29.4 1050s
 136641 95699  524.00000   51 2393  871.00000  211.00000  75.8%  29.4 1056s
 139257 96205  698.00000   70 2275  871.00000  211.00000  75.8%  29.2 1060s
 141312 97730  523.00000   56 2581  871.00000  211.00000  75.8%  29.1 1065s
 143293 98868 infeasible  198       871.00000  211.00000  75.8%  29.0 1070s
 145144 100433  697.00000  160 1780  871.00000  211.00000  75.8%  28.9 1075s
 146662 102545  697.00000   61 2234  871.00000  211.00000  75.8%  28.8 1080s
 148923 103548  697.00000   64 2205  871.00000  211.00000  75.8%  28.7 1085s
 150652 105255  523.00000   56 2507  871.00000  211.00000  75.8%  28.6 1090s
 152366 106501  697.00000   51 2288  871.00000  211.00000  75.8%  28.5 1095s
 154753 108017 infeasible  167       871.00000  211.00000  75.8%  28.4 1100s
 156581 109498  349.00000   47 2833  871.00000  211.00000  75.8%  28.3 1105s
 158641 111118 infeasible  221       871.00000  211.00000  75.8%  28.2 1110s
 160369 112503 infeasible   54       871.00000  211.00000  75.8%  28.2 1115s
 162518 114312 infeasible   69       871.00000  211.00000  75.8%  28.1 1120s
 164622 115888 infeasible  199       871.00000  211.00000  75.8%  28.0 1125s
 166548 117474 infeasible  188       871.00000  211.00000  75.8%  27.9 1130s
 167474 120894  523.00000   53 2974  871.00000  211.00000  75.8%  27.9 1137s
 171127 121471  697.00000   76 2020  871.00000  211.00000  75.8%  27.6 1140s
 173424 123272  349.00000   60 3573  871.00000  211.00000  75.8%  27.5 1145s
 175698 124730 infeasible  176       871.00000  211.00000  75.8%  27.4 1150s
 177602 126449 infeasible  159       871.00000  211.00000  75.8%  27.3 1156s
 179934 128647  697.00000   65 2265  871.00000  211.00000  75.8%  27.2 1160s
 181876 130007  523.00000   54 2577  871.00000  211.00000  75.8%  27.1 1165s
 184060 131458 infeasible  159       871.00000  211.00000  75.8%  27.0 1170s
 185440 132885  697.00000   98 1751  871.00000  211.00000  75.8%  27.1 1175s
 187274 134012 infeasible  215       871.00000  218.00000  75.0%  27.0 1180s
 188126 137162  523.00000   64 2778  871.00000  218.00000  75.0%  27.0 1186s
 192275 137981 infeasible  248       871.00000  220.00000  74.7%  26.7 1190s
 193802 139464  697.00000   68 2576  871.00000  221.00000  74.6%  26.7 1195s
 196307 141297  697.00000   63 2677  871.00000  221.00000  74.6%  26.5 1200s
 197824 142754  349.00000   57 2983  871.00000  221.00000  74.6%  26.5 1205s
 199934 144512  523.00000   71 2420  871.00000  221.00000  74.6%  26.4 1210s
 202429 145901 infeasible  174       871.00000  221.00000  74.6%  26.3 1215s
 203390 146717  697.00000  104 2048  871.00000  221.00000  74.6%  26.4 1220s
 205256 148354  697.00000   64 2698  871.00000  222.00000  74.5%  26.3 1225s
 207491 149518 infeasible  206       871.00000  223.00000  74.4%  26.2 1230s
 208603 150269  523.00000   63 2430  871.00000  230.00000  73.6%  26.3 1235s
 211069 152659  523.00000   61 2247  871.00000  332.00000  61.9%  26.2 1240s
 214001 154389 infeasible   77       871.00000  332.00000  61.9%  26.1 1245s
 215997 155857  697.00000   67 2889  871.00000  349.00000  59.9%  26.1 1250s
 217786 156810 infeasible  221       871.00000  349.00000  59.9%  26.1 1255s
 219442 159143  349.00000   58 2587  871.00000  349.00000  59.9%  26.1 1262s
 221578 160001  680.00000  111 2455  871.00000  349.00000  59.9%  26.1 1265s
 224111 161125 infeasible  192       871.00000  349.00000  59.9%  26.0 1270s
 226515 163086  523.00000   58 2246  871.00000  349.00000  59.9%  26.0 1275s
 228987 164789 infeasible  248       871.00000  349.00000  59.9%  25.9 1280s
 232524 167438 infeasible  194       871.00000  349.00000  59.9%  25.7 1285s
 234201 168466 infeasible  251       871.00000  349.00000  59.9%  25.8 1290s
 235928 170078  524.00000   91 2622  871.00000  349.00000  59.9%  25.8 1295s
 238131 171660  349.00000   75 3024  871.00000  349.00000  59.9%  25.8 1300s
 240272 173473  697.00000  209 1567  871.00000  349.00000  59.9%  25.7 1305s
 243043 175383  697.00000  109 1838  871.00000  349.00000  59.9%  25.6 1310s
 245790 176701 infeasible  154       871.00000  349.00000  59.9%  25.6 1315s
 248480 178695 infeasible  253       871.00000  349.00000  59.9%  25.5 1320s
 250553 180218 infeasible  117       871.00000  349.00000  59.9%  25.5 1325s
 253546 183023  523.00000   57 2455  871.00000  349.00000  59.9%  25.4 1330s
 256302 184717 infeasible  136       871.00000  349.00000  59.9%  25.3 1335s
 257994 185927  523.00000   86 2342  871.00000  349.00000  59.9%  25.3 1340s
 260118 187991 infeasible   72       871.00000  349.00000  59.9%  25.3 1345s
 263639 190131 infeasible  191       871.00000  349.00000  59.9%  25.2 1350s
 265719 191663  349.00000   72 3149  871.00000  349.00000  59.9%  25.2 1355s
 268334 193537 infeasible  202       871.00000  349.00000  59.9%  25.1 1360s
 270846 195364 infeasible  162       871.00000  349.00000  59.9%  25.1 1365s
 274257 198015 infeasible  258       871.00000  349.00000  59.9%  25.0 1370s
 276160 199359 infeasible   80       871.00000  349.00000  59.9%  25.0 1375s
 278634 201217 infeasible   97       871.00000  349.00000  59.9%  24.9 1380s
 280536 202899  697.00000   58 2337  871.00000  349.00000  59.9%  24.9 1385s
 282525 204801  523.00000  137 3044  871.00000  349.00000  59.9%  24.9 1390s
 284861 205634 infeasible  152       871.00000  349.00000  59.9%  24.9 1395s
 287151 207250 infeasible  165       871.00000  349.00000  59.9%  24.9 1400s
 289400 208846 infeasible  120       871.00000  349.00000  59.9%  24.9 1405s
 291147 210408  349.00000   54 2733  871.00000  349.00000  59.9%  24.9 1410s
 293011 213534 infeasible  119       871.00000  349.00000  59.9%  24.9 1417s
 295774 213575  697.00000   60 2584  871.00000  349.00000  59.9%  24.9 1420s
 297744 214840 infeasible  100       871.00000  349.00000  59.9%  24.9 1425s
 299927 216567  697.00000   84 2016  871.00000  349.00000  59.9%  24.9 1430s
 302684 218331 infeasible  131       871.00000  349.00000  59.9%  24.9 1435s
 305912 220665 infeasible  149       871.00000  349.00000  59.9%  24.8 1440s
 307910 222589  523.00000   49 2743  871.00000  349.00000  59.9%  24.8 1445s
 310136 224218  697.00000  114 1912  871.00000  349.00000  59.9%  24.8 1450s
 311811 225420  698.00000   86 2171  871.00000  349.00000  59.9%  24.8 1455s
 313893 228615  697.00000   85 2074  871.00000  349.00000  59.9%  24.8 1462s
 316893 228616  523.00000   54 2369  871.00000  349.00000  59.9%  24.7 1465s
 318734 229876  349.00000   60 2526  871.00000  349.00000  59.9%  24.7 1470s
 320708 231848  697.00000   60 2333  871.00000  349.00000  59.9%  24.7 1475s
 322268 233008  697.00000   86 2229  871.00000  349.00000  59.9%  24.7 1480s
 324385 233855 infeasible   93       871.00000  349.00000  59.9%  24.7 1485s
 327517 236078 infeasible  177       871.00000  349.00000  59.9%  24.6 1490s
 329299 237319  697.00000   59 2314  871.00000  349.00000  59.9%  24.7 1495s
 330961 238238  697.00000   62 2257  871.00000  349.00000  59.9%  24.7 1500s
 332636 239324  697.00000   60 2376  871.00000  349.00000  59.9%  24.7 1505s
 334615 240632 infeasible  121       871.00000  349.00000  59.9%  24.7 1510s
 338485 243460 infeasible  307       871.00000  349.00000  59.9%  24.6 1515s
 339929 244282 infeasible   87       871.00000  349.00000  59.9%  24.6 1520s
 341454 245563  697.00000   94 1931  871.00000  349.00000  59.9%  24.7 1525s
 343753 246689 infeasible  202       871.00000  349.00000  59.9%  24.7 1530s
 345026 247575  349.00000   61 2774  871.00000  349.00000  59.9%  24.7 1535s
 347820 249988  697.00000   64 1999  871.00000  349.00000  59.9%  24.6 1540s
 350177 251775  697.00000   66 2199  871.00000  349.00000  59.9%  24.6 1545s
 352740 253352  367.00000  104 2502  871.00000  349.00000  59.9%  24.6 1550s
 354639 254177 infeasible  150       871.00000  349.00000  59.9%  24.6 1555s
 355503 257161  349.00000   77 3283  871.00000  349.00000  59.9%  24.6 1560s
 360313 258353 infeasible   72       871.00000  349.00000  59.9%  24.5 1565s
 362666 260086 infeasible  162       871.00000  349.00000  59.9%  24.4 1570s
 364544 261786  523.00000   78 2391  871.00000  349.00000  59.9%  24.5 1575s
 367662 263705 infeasible   65       871.00000  349.00000  59.9%  24.4 1580s
 369723 265008 infeasible  121       871.00000  349.00000  59.9%  24.4 1585s
 372238 266718 infeasible  121       871.00000  349.00000  59.9%  24.4 1590s
 374597 268508 infeasible  182       871.00000  349.00000  59.9%  24.3 1595s
 376351 269914  523.00000  145 2268  871.00000  349.00000  59.9%  24.3 1601s
 378323 271060 infeasible   87       871.00000  349.00000  59.9%  24.3 1605s
 379846 272053 infeasible  119       871.00000  349.00000  59.9%  24.4 1610s
 382591 273781 infeasible  116       871.00000  349.00000  59.9%  24.4 1615s
 384520 275679  698.00000   88 1889  871.00000  349.00000  59.9%  24.3 1620s
 386990 276910 infeasible  140       871.00000  349.00000  59.9%  24.3 1625s
 387080 279610  697.00000   70 1977  871.00000  349.00000  59.9%  24.3 1630s
 391742 280581  697.00000   61 2083  871.00000  349.00000  59.9%  24.3 1635s
 394054 281947  697.00000   52 2216  871.00000  349.00000  59.9%  24.2 1640s
 396300 283273 infeasible  183       871.00000  349.00000  59.9%  24.2 1645s
 397433 286371  697.00000   91 2006  871.00000  349.00000  59.9%  24.3 1655s
 402095 287256 infeasible   90       871.00000  349.00000  59.9%  24.3 1660s
 404864 289409 infeasible  119       871.00000  349.00000  59.9%  24.2 1665s
 406242 290738  523.00000   59 2526  871.00000  349.00000  59.9%  24.3 1670s
 409076 292219  697.00000   71 2171  871.00000  349.00000  59.9%  24.2 1675s
 410970 293980  697.00000  106 1738  871.00000  349.00000  59.9%  24.2 1680s
 413634 295480 infeasible  257       871.00000  349.00000  59.9%  24.2 1685s
 415546 296687 infeasible  128       871.00000  349.00000  59.9%  24.2 1690s
 417873 298371 infeasible  206       871.00000  349.00000  59.9%  24.2 1695s
 420132 300268  367.00000   79 2486  871.00000  349.00000  59.9%  24.2 1700s
 422992 301966 infeasible  102       871.00000  349.00000  59.9%  24.1 1705s
 425121 303935  697.00000   74 2376  871.00000  349.00000  59.9%  24.1 1710s
 427287 305231  697.00000  233 1636  871.00000  349.00000  59.9%  24.1 1715s
 429424 306464  523.00000   52 2582  871.00000  349.00000  59.9%  24.1 1721s
 431648 307861 infeasible  230       871.00000  349.00000  59.9%  24.1 1725s
 433396 308853  697.00000  100 2234  871.00000  349.00000  59.9%  24.2 1730s
 435523 310829  523.00000   65 2333  871.00000  349.00000  59.9%  24.1 1735s
 437652 311763 infeasible   89       871.00000  349.00000  59.9%  24.1 1740s
 439402 313546  697.00000  110 1972  871.00000  349.00000  59.9%  24.1 1745s
 442174 314937  523.00000   71 2414  871.00000  349.00000  59.9%  24.1 1750s
 444891 316759  697.00000   75 2092  871.00000  349.00000  59.9%  24.1 1755s
 447093 318446 infeasible   71       871.00000  349.00000  59.9%  24.1 1760s
 448983 319612 infeasible  216       871.00000  349.00000  59.9%  24.1 1765s
 449624 321347  697.00000   52 2222  871.00000  349.00000  59.9%  24.1 1771s
 453573 322769 infeasible  139       871.00000  349.00000  59.9%  24.1 1775s
 455868 324429 infeasible  112       871.00000  349.00000  59.9%  24.1 1780s
 457636 325634 infeasible  272       871.00000  349.00000  59.9%  24.1 1785s
 459852 326991 infeasible  108       871.00000  349.00000  59.9%  24.1 1790s
 459947 328424  697.00000   75 2010  871.00000  349.00000  59.9%  24.1 1795s
 463885 329427 infeasible  218       871.00000  349.00000  59.9%  24.1 1800s

Cutting planes:
  Gomory: 126
  Cover: 1
  Implied bound: 27
  MIR: 79
  StrongCG: 154
  Flow cover: 3967
  Zero half: 52
  RLT: 20
  Relax-and-lift: 78

Explored 463969 nodes (11258897 simplex iterations) in 1800.04 seconds (1876.99 work units)
Thread count was 8 (of 8 available processors)

Solution count 5: 871 1045 1071 ... 1073

Time limit reached
Best objective 8.710000000000e+02, best bound 3.490000000000e+02, gap 59.9311%
! --------------------------------------------------------
! Status: FEASIBLE (time limit reached)
! Best span = 871
! Labeling: 523 523 349 871 1 523 1 697 523 1 523 175 1 349 175 523 697 523 697 871 697 697 175 175 697 175 697 697 1 697 871 523 1 1 175 871 697 523 523 523 175 175 523 175 175 871 349 523 349 349 523 523 871 349 1 1 697 696 175 871 1 175 349 349 1 523 697 697 349 523 175 1 175 349 697 523 1 175 523 175 523 523 523 349 523 1 523 349 871 697 871 697 523 175 175 871 523 1 175 523 697 523 175 523 523 175 349 523 175 871 870 1 697 523 697 870 1 697 871 871 1 175 1 523 175 523 175 175 1 523 1 871 871 175 175 1 871 523 349 349 697 1 697 175 697 523 523 349 697 697 1 697 871 523 175 871 1 697 523 349 871 871 523 349 349 1 175 349 870 1 523 1 1 523 1 1 175 697 523 697 871 175 697 870 175 697 523 871 523 523 175 523 871 871 349 523 523 871 1 871 349 175 523 871 1 523 697 523 871 1 175 523 175 1 1 871 175 697 697 175 175 349 697 697 349 871 175 349 523 175 523 1 175 871 175 523 523 523 1 1 349 871 175 175 523 175 871 1 175 349 523 349 1 871 175 523 349 697 523 871 871 1 697 523 523 871 1 871 175 349 175 871 1 349 175 349 1 523 523 871 523 697 871 871 1 1 349 523 1 697 523 871 1 871 175 175 175 1 697 871 175 175 349 871 871 175 697 523 1 871 523 1 697 349 523 1 1 349 523 523 871 1 1 1 523 871 175 175 175 871 1 871 523 523 871 697 175 175 349 523 523 175 349 697 175 697 175 175 871 871 523 349 349 697 175 523 349 523 349 697 1 697 697 697 697 697 349 871 1 1 1 697 175 175 349 871 697 349 871 697 175 697 697 175 349 871 349 349 523 871 175 175 175 1 349 349 871 871 871 175 523 1 1 349 1 523 349 349 175 175 871 1 175 1 175 1 523 349 175 697 697 349 871 349 1 523 175 523 871 349 871 697 349 175 175 1 523 1 349 697 523 175 523 1 349 523 871 697 349 523 1 175 1 871 697 349 175 523 349 349 1 697 175 175 349 523 523 1 349 1 349 175 175 871 1 871 1 175 871 349 349 523 523 175 349 1 349 1 175 697 871 871 697 175 697 175 349 697 349 523 871 175 349 349 175 349 871 871 523 1 871 697 523 523 697 871 1 697 1 871 523 523 175 349 871 523 175 871 175 523 1 697 871 871 1 523 523 175 871 1 175 175 1 697 523 697 871 1 697 349 871 523 175 349 349 349 349 1 175 349 523 871 523 1 349 523 349 871 697 1 697 697 871 697 871 697 871 349 871 1 349 697 349 1 523 349 697 349 871 349 697 523 175 175 175 175 523 871 697 349 1 1 523 871 1 1 523 523 1 871 175 1 349 175 349 175 523 1 175 697 1 697 871 871 175 1 523 871 871 871 175 523 1 871 349 349 697 349 349 1 871 697 523 175 1 349 175 871 523 349 349 697 697 175 1 349 175 1 871 697 349 697 871 1 871 697 871 1 697 349 697 1 697 523 697 349 871 1 871 1 697 175 349 523 1 697 697 871 1 523 871 697 523 697 697 871 349 1 349 871 1 871 1 871 697 175 871 697 1 175 697 349 1 871 1 
! --------------------------------------------------------
! All verification passed
